   5.0000000000000000e-01	   4.5000000000000021e+01	   1.0000000000000000e+00	
   5.1000000000000001e-01	   4.5424377560731259e+01	   1.0000000000000000e+00	
   5.2000000000000002e-01	   4.5796580879222589e+01	   1.0000000000000000e+00	
   5.3000000000000003e-01	   4.6115687741862416e+01	   1.0000000000000000e+00	
   5.4000000000000004e-01	   4.6381335369106530e+01	   1.0000000000000000e+00	
   5.5000000000000004e-01	   4.6593635922370368e+01	   1.0000000000000000e+00	
   5.6000000000000005e-01	   4.9671951121249826e+01	   1.0000000000000000e+00	
   5.7000000000000006e-01	   4.9862867986837500e+01	   1.0000000000000000e+00	
   5.7999999999999996e-01	   5.0005469557384558e+01	   1.0000000000000000e+00	
   5.8999999999999997e-01	   5.0099465936862941e+01	   1.0000000000000000e+00	
   5.9999999999999998e-01	   5.0144982914937110e+01	   1.0000000000000000e+00	
   6.0999999999999999e-01	   5.0142514040428097e+01	   1.0000000000000000e+00	
   6.2000000000000000e-01	   5.3239174046272424e+01	   1.0000000000000000e+00	
   6.3000000000000000e-01	   5.3204290167946020e+01	   1.0000000000000000e+00	
   6.4000000000000001e-01	   5.3125963251179186e+01	   1.0000000000000000e+00	
   6.5000000000000002e-01	   5.3004666372667359e+01	   1.0000000000000000e+00	
   6.6000000000000003e-01	   5.2841212022007788e+01	   1.0000000000000000e+00	
   6.7000000000000004e-01	   5.5893592410741583e+01	   1.0000000000000000e+00	
   6.7999999999999994e-01	   5.5691121088327904e+01	   1.0000000000000000e+00	
   6.8999999999999995e-01	   5.5451846970700991e+01	   1.0000000000000000e+00	
   6.9999999999999996e-01	   5.5176752167540798e+01	   1.0000000000000000e+00	
   7.0999999999999996e-01	   5.4867105797576301e+01	   1.0000000000000000e+00	
   7.1999999999999997e-01	   5.4524431566217480e+01	   1.0000000000000000e+00	
   7.2999999999999998e-01	   5.7514175545050819e+01	   1.0000000000000000e+00	
   7.3999999999999999e-01	   5.7138837909527972e+01	   1.0000000000000000e+00	
   7.5000000000000000e-01	   5.6736513491950660e+01	   1.0000000000000000e+00	
   7.6000000000000001e-01	   5.6308802497000428e+01	   1.0000000000000000e+00	
   7.7000000000000002e-01	   5.5857469549490958e+01	   1.0000000000000000e+00	
   7.8000000000000003e-01	   5.8788634847390909e+01	   1.0000000000000000e+00	
   7.9000000000000004e-01	   5.8312182122897262e+01	   1.0000000000000000e+00	
   8.0000000000000004e-01	   5.7818142113613810e+01	   1.0000000000000000e+00	
   8.1000000000000005e-01	   5.7308119707084188e+01	   1.0000000000000000e+00	
   8.2000000000000006e-01	   5.6783784529223894e+01	   1.0000000000000000e+00	
   8.3000000000000007e-01	   5.6246844395572957e+01	   1.0000000000000000e+00	
   8.4000000000000008e-01	   5.9128133588587353e+01	   1.0000000000000000e+00	
   8.5000000000000009e-01	   5.8578197701612083e+01	   1.0000000000000000e+00	
   8.5999999999999999e-01	   5.8020210459174891e+01	   1.0000000000000000e+00	
   8.7000000000000000e-01	   5.7455447972301002e+01	   1.0000000000000000e+00	
   8.8000000000000000e-01	   5.6885166632074245e+01	   1.0000000000000000e+00	
   8.9000000000000001e-01	   5.9729076352968015e+01	   1.0000000000000000e+00	
   9.0000000000000002e-01	   5.9151005623595971e+01	   1.0000000000000000e+00	
   9.1000000000000003e-01	   5.8570195651752577e+01	   1.0000000000000000e+00	
   9.1999999999999993e-01	   5.7987413122799452e+01	   1.0000000000000000e+00	
   9.2999999999999994e-01	   5.7403390852600339e+01	   1.0000000000000000e+00	
   9.3999999999999995e-01	   5.6818823157779022e+01	   1.0000000000000000e+00	
   9.4999999999999996e-01	   5.9617922388969994e+01	   1.0000000000000000e+00	
   9.5999999999999996e-01	   5.9026932357912976e+01	   1.0000000000000000e+00	
   9.6999999999999997e-01	   5.8436029235843598e+01	   1.0000000000000000e+00	
   9.7999999999999998e-01	   5.7845506409085836e+01	   1.0000000000000000e+00	
   9.8999999999999999e-01	   5.7255635636296986e+01	   1.0000000000000000e+00	
   1.0000000000000000e+00	   5.6666666666666664e+01	   1.0000000000000000e+00	
   1.0100000000000000e+00	   4.9163841188873542e-02	   1.0000000000000000e+00	
   1.0200000000000000e+00	   1.0189133451827648e-01	   1.0000000000000000e+00	
   1.0300000000000000e+00	   1.5713499550527563e-01	   1.0000000000000000e+00	
   1.0400000000000000e+00	   2.1390081464573835e-01	   1.0000000000000000e+00	
   1.0500000000000000e+00	   2.7125503613458363e-01	   1.0000000000000000e+00	
   1.0600000000000001e+00	   3.3184321343999162e-01	   1.0000000000000000e+00	
   1.0700000000000001e+00	   3.9454558986905097e-01	   1.0000000000000000e+00	
   1.0800000000000001e+00	   4.5673840869422766e-01	   1.0000000000000000e+00	
   1.0899999999999999e+00	   5.1758130666407798e-01	   1.0000000000000000e+00	
   1.1000000000000001e+00	   5.7630541949082204e-01	   1.0000000000000000e+00	
   1.1099999999999999e+00	   6.3435108738770152e-01	   1.0000000000000000e+00	
   1.1200000000000001e+00	   6.9626875416914003e-01	   1.0000000000000000e+00	
   1.1299999999999999e+00	   7.5509569166060664e-01	   1.0000000000000000e+00	
   1.1400000000000001e+00	   8.1018732344539079e-01	   1.0000000000000000e+00	
   1.1499999999999999e+00	   8.6097189718433198e-01	   1.0000000000000000e+00	
   1.1600000000000001e+00	   9.0695029592834442e-01	   1.0000000000000000e+00	
   1.1699999999999999e+00	   9.5708216494686604e-01	   1.0000000000000000e+00	
   1.1800000000000002e+00	   1.0042237754479275e+00	   1.0000000000000000e+00	
   1.1899999999999999e+00	   1.0459019264117255e+00	   1.0000000000000000e+00	
   1.2000000000000002e+00	   1.0817454987943944e+00	   1.0000000000000000e+00	
   1.2100000000000000e+00	   1.1114525370507777e+00	   1.0000000000000000e+00	
   1.2200000000000000e+00	   1.1394924708692196e+00	   1.0000000000000000e+00	
   1.2300000000000000e+00	   1.1693616711710644e+00	   1.0000000000000000e+00	
   1.2400000000000000e+00	   1.1927588888366836e+00	   1.0000000000000000e+00	
   1.2500000000000000e+00	   1.2095088843614499e+00	   1.0000000000000000e+00	
   1.2600000000000000e+00	   1.2195015152557862e+00	   1.0000000000000000e+00	
   1.2700000000000000e+00	   1.2226897875377523e+00	   1.0000000000000000e+00	
   1.2800000000000000e+00	   1.2312256805613344e+00	   1.0000000000000000e+00	
   1.2900000000000000e+00	   1.2345752899643878e+00	   1.0000000000000000e+00	
   1.3000000000000000e+00	   1.2312016217803905e+00	   1.0000000000000000e+00	
   1.3100000000000001e+00	   1.2211761379480039e+00	   1.0000000000000000e+00	
   1.3200000000000001e+00	   1.2046272274353609e+00	   1.0000000000000000e+00	
   1.3300000000000001e+00	   1.1870639153462637e+00	   1.0000000000000000e+00	
   1.3399999999999999e+00	   1.1718120053427776e+00	   1.0000000000000000e+00	
   1.3500000000000001e+00	   1.1504690317536166e+00	   1.0000000000000000e+00	
   1.3599999999999999e+00	   1.1232635511926916e+00	   1.0000000000000000e+00	
   1.3700000000000001e+00	   1.0904708971800086e+00	   1.0000000000000000e+00	
   1.3799999999999999e+00	   1.0524090669926540e+00	   1.0000000000000000e+00	
   1.3900000000000001e+00	   1.0210366994084272e+00	   1.0000000000000000e+00	
   1.3999999999999999e+00	   9.8671216509556148e-01	   1.0000000000000000e+00	
   1.4100000000000001e+00	   9.4784639347574384e-01	   1.0000000000000000e+00	
   1.4199999999999999e+00	   9.0480914529249867e-01	   1.0000000000000000e+00	
   1.4300000000000002e+00	   8.5799726022674094e-01	   1.0000000000000000e+00	
   1.4399999999999999e+00	   8.1187882986281135e-01	   1.0000000000000000e+00	
   1.4500000000000002e+00	   7.7143564498478212e-01	   1.0000000000000000e+00	
   1.4600000000000000e+00	   7.2802971322624344e-01	   1.0000000000000000e+00	
   1.4700000000000000e+00	   6.8205392216527561e-01	   1.0000000000000000e+00	
   1.4800000000000000e+00	   1.8015104836684330e+02	   2.0000000000000000e+00	
   1.4900000000000000e+00	   1.8007299311766576e+02	   2.0000000000000000e+00	
   1.5000000000000000e+00	   2.0133148270720724e+02	   2.0000000000000000e+00	
   1.5100000000000000e+00	   2.0199432029800889e+02	   2.0000000000000000e+00	
   1.5200000000000000e+00	   1.9747436399057253e+02	   2.0000000000000000e+00	
   1.5300000000000000e+00	   6.2041926042988194e-01	   1.0000000000000000e+00	
   1.5400000000000000e+00	   6.4154533459430862e-01	   1.0000000000000000e+00	
   1.5500000000000000e+00	   6.5850964834869774e-01	   1.0000000000000000e+00	
   1.5600000000000001e+00	   6.7129878883923366e-01	   1.0000000000000000e+00	
   1.5700000000000001e+00	   6.8770908525893593e-01	   1.0000000000000000e+00	
   1.5800000000000001e+00	   7.0249730669500565e-01	   1.0000000000000000e+00	
   1.5900000000000001e+00	   7.1282262893281356e-01	   1.0000000000000000e+00	
   1.6000000000000001e+00	   7.1875376197125984e-01	   1.0000000000000000e+00	
   1.6100000000000001e+00	   7.2039469983660542e-01	   1.0000000000000000e+00	
   1.6200000000000001e+00	   7.1999957941630444e-01	   1.0000000000000000e+00	
   1.6300000000000001e+00	   7.2264370167537284e-01	   1.0000000000000000e+00	
   1.6400000000000001e+00	   7.2102320410786558e-01	   1.0000000000000000e+00	
   1.6500000000000001e+00	   7.1531323632057886e-01	   1.0000000000000000e+00	
   1.6599999999999999e+00	   7.0571706831058445e-01	   1.0000000000000000e+00	
   1.6699999999999999e+00	   6.9246353614858491e-01	   1.0000000000000000e+00	
   1.6799999999999999e+00	   6.8158855623488324e-01	   1.0000000000000000e+00	
   1.6899999999999999e+00	   6.6928756820310575e-01	   1.0000000000000000e+00	
   1.7000000000000000e+00	   6.5361304868725334e-01	   1.0000000000000000e+00	
   1.7100000000000000e+00	   6.3483138036281894e-01	   1.0000000000000000e+00	
   1.7200000000000000e+00	   6.1322497569163548e-01	   1.0000000000000000e+00	
   1.7300000000000000e+00	   5.9073706447443830e-01	   1.0000000000000000e+00	
   1.7400000000000000e+00	   5.7067995455956222e-01	   1.0000000000000000e+00	
   1.7500000000000000e+00	   5.4819177074435133e-01	   1.0000000000000000e+00	
   1.7600000000000000e+00	   5.2356349738011321e-01	   1.0000000000000000e+00	
   1.7700000000000000e+00	   4.9709361341032615e-01	   1.0000000000000000e+00	
   1.7800000000000000e+00	   4.6908567787999461e-01	   1.0000000000000000e+00	
   1.7900000000000000e+00	   4.4378590100758303e-01	   1.0000000000000000e+00	
   1.8000000000000000e+00	   4.1821840038644292e-01	   1.0000000000000000e+00	
   1.8100000000000001e+00	   3.9149863799842582e-01	   1.0000000000000000e+00	
   1.8200000000000001e+00	   3.6391208971267275e-01	   1.0000000000000000e+00	
   1.8300000000000001e+00	   3.3574316677466559e-01	   1.0000000000000000e+00	
   1.8400000000000001e+00	   3.0848158000028253e-01	   1.0000000000000000e+00	
   1.8500000000000001e+00	   2.8342403566627955e-01	   1.0000000000000000e+00	
   1.8600000000000001e+00	   2.5810151854350760e-01	   1.0000000000000000e+00	
   1.8700000000000001e+00	   2.3276692644949293e-01	   1.0000000000000000e+00	
   1.8800000000000001e+00	   2.0766762851677534e-01	   1.0000000000000000e+00	
   1.8900000000000001e+00	   1.8304370569376141e-01	   1.0000000000000000e+00	
   1.9000000000000001e+00	   1.6111534540888411e-01	   1.0000000000000000e+00	
   1.9099999999999999e+00	   1.3995308417405020e-01	   1.0000000000000000e+00	
   1.9199999999999999e+00	   1.1944095713041891e-01	   1.0000000000000000e+00	
   1.9299999999999999e+00	   9.9777550103155241e-02	   1.0000000000000000e+00	
   1.9399999999999999e+00	   8.1150938138826359e-02	   1.0000000000000000e+00	
   1.9500000000000000e+00	   6.4214395299378363e-02	   1.0000000000000000e+00	
   1.9600000000000000e+00	   4.8954988062932678e-02	   1.0000000000000000e+00	
   1.9700000000000000e+00	   3.4768254520329021e-02	   1.0000000000000000e+00	
   1.9800000000000000e+00	   2.1796331086583492e-02	   1.0000000000000000e+00	
   1.9900000000000000e+00	   1.0168513605908111e-02	   1.0000000000000000e+00	
   2.0000000000000000e+00	   1.2722218725854067e-14	   1.0000000000000000e+00	
   2.0099999999999998e+00	   1.4136900476941724e-03	   2.0000000000000000e+00	
   2.0200000000000000e+00	   2.9499532407807750e-03	   2.0000000000000000e+00	
   2.0300000000000002e+00	   4.5820518147606194e-03	   2.0000000000000000e+00	
   2.0400000000000000e+00	   6.2835461760737694e-03	   2.0000000000000000e+00	
   2.0499999999999998e+00	   8.0285051455295884e-03	   2.0000000000000000e+00	
   2.0600000000000001e+00	   9.8609489790525712e-03	   2.0000000000000000e+00	
   2.0700000000000003e+00	   1.1808569238551111e-02	   2.0000000000000000e+00	
   2.0800000000000001e+00	   1.3768353112330968e-02	   2.0000000000000000e+00	
   2.0899999999999999e+00	   1.5714014713421959e-02	   2.0000000000000000e+00	
   2.1000000000000001e+00	   1.7620438362470642e-02	   2.0000000000000000e+00	
   2.1100000000000003e+00	   1.9463849164017531e-02	   2.0000000000000000e+00	
   2.1200000000000001e+00	   2.1466165924671838e-02	   2.0000000000000000e+00	
   2.1299999999999999e+00	   2.3427467429709834e-02	   2.0000000000000000e+00	
   2.1400000000000001e+00	   2.5292282988066964e-02	   2.0000000000000000e+00	
   2.1500000000000004e+00	   2.7039277887410902e-02	   2.0000000000000000e+00	
   2.1600000000000001e+00	   2.8648954704499057e-02	   2.0000000000000000e+00	
   2.1699999999999999e+00	   3.0215232678740576e-02	   2.0000000000000000e+00	
   2.1799999999999997e+00	   3.1868544470344748e-02	   2.0000000000000000e+00	
   2.1899999999999999e+00	   3.3358657919382757e-02	   2.0000000000000000e+00	
   2.2000000000000002e+00	   3.4670155210677456e-02	   2.0000000000000000e+00	
   2.2100000000000000e+00	   3.5789732771695816e-02	   2.0000000000000000e+00	
   2.2199999999999998e+00	   3.6706244884480113e-02	   2.0000000000000000e+00	
   2.2300000000000000e+00	   3.7724210386725937e-02	   2.0000000000000000e+00	
   2.2400000000000002e+00	   3.8636484645758223e-02	   2.0000000000000000e+00	
   2.2500000000000000e+00	   3.9335517946804975e-02	   2.0000000000000000e+00	
   2.2599999999999998e+00	   3.9814948557203605e-02	   2.0000000000000000e+00	
   2.2700000000000000e+00	   4.0070544867775941e-02	   2.0000000000000000e+00	
   2.2800000000000002e+00	   4.0188329217067997e-02	   2.0000000000000000e+00	
   2.2900000000000000e+00	   4.0441640251813217e-02	   2.0000000000000000e+00	
   2.2999999999999998e+00	   4.0475615021154418e-02	   2.0000000000000000e+00	
   2.3100000000000001e+00	   4.0290426425603702e-02	   2.0000000000000000e+00	
   2.3200000000000003e+00	   3.9888136916327033e-02	   2.0000000000000000e+00	
   2.3300000000000001e+00	   3.9272625715491088e-02	   2.0000000000000000e+00	
   2.3399999999999999e+00	   3.8744655359608006e-02	   2.0000000000000000e+00	
   2.3500000000000001e+00	   3.8181774675152887e-02	   2.0000000000000000e+00	
   2.3600000000000003e+00	   3.7424243367688223e-02	   2.0000000000000000e+00	
   2.3700000000000001e+00	   3.6478943585566463e-02	   2.0000000000000000e+00	
   2.3799999999999999e+00	   3.5354161845207448e-02	   2.0000000000000000e+00	
   2.3900000000000001e+00	   3.4098147496232217e-02	   2.0000000000000000e+00	
   2.4000000000000004e+00	   3.3100628522251374e-02	   2.0000000000000000e+00	
   2.4100000000000001e+00	   3.1949353120709387e-02	   2.0000000000000000e+00	
   2.4199999999999999e+00	   3.0654074923055850e-02	   2.0000000000000000e+00	
   2.4299999999999997e+00	   2.9225491635295666e-02	   2.0000000000000000e+00	
   2.4399999999999999e+00	   2.7675133901673386e-02	   2.0000000000000000e+00	
   2.4500000000000002e+00	   2.6248465427960992e-02	   2.0000000000000000e+00	
   2.4600000000000000e+00	   2.4734611182800906e-02	   3.0000000000000000e+00	
   2.4699999999999998e+00	   2.3137055378862247e-02	   3.0000000000000000e+00	
   2.4800000000000000e+00	   2.1481883533532680e-02	   3.0000000000000000e+00	
   2.4900000000000002e+00	   1.9781885468698537e-02	   3.0000000000000000e+00	
   2.5000000000000000e+00	   1.8057203471222635e+02	   3.0000000000000000e+00	
   2.5100000000000002e+00	   1.8945053413192268e-02	   3.0000000000000000e+00	
   2.5200000000000000e+00	   1.9702659691826774e-02	   3.0000000000000000e+00	
   2.5300000000000002e+00	   2.0322679882575571e-02	   3.0000000000000000e+00	
   2.5400000000000000e+00	   2.0806267770840148e-02	   3.0000000000000000e+00	
   2.5499999999999998e+00	   2.1155570950987222e-02	   3.0000000000000000e+00	
   2.5600000000000001e+00	   2.1522706913148698e-02	   3.0000000000000000e+00	
   2.5699999999999998e+00	   2.1945727215856494e-02	   3.0000000000000000e+00	
   2.5800000000000001e+00	   2.2225785962063024e-02	   3.0000000000000000e+00	
   2.5899999999999999e+00	   2.2367208748042072e-02	   3.0000000000000000e+00	
   2.6000000000000001e+00	   2.2375200686728863e-02	   3.0000000000000000e+00	
   2.6099999999999999e+00	   2.2255771378320653e-02	   3.0000000000000000e+00	
   2.6200000000000001e+00	   2.2269585871213825e-02	   3.0000000000000000e+00	
   2.6299999999999999e+00	   2.2187184861644581e-02	   3.0000000000000000e+00	
   2.6400000000000001e+00	   2.1978751042616207e-02	   3.0000000000000000e+00	
   2.6499999999999999e+00	   2.1651982510999188e-02	   3.0000000000000000e+00	
   2.6600000000000001e+00	   2.1215160458837607e-02	   3.0000000000000000e+00	
   2.6699999999999999e+00	   2.0755554324213745e-02	   3.0000000000000000e+00	
   2.6800000000000002e+00	   2.0355806319417167e-02	   3.0000000000000000e+00	
   2.6899999999999999e+00	   1.9854062817437429e-02	   3.0000000000000000e+00	
   2.7000000000000002e+00	   1.9259566238470444e-02	   3.0000000000000000e+00	
   2.7100000000000000e+00	   1.8581878243763828e-02	   3.0000000000000000e+00	
   2.7200000000000002e+00	   1.7830791782491522e-02	   3.0000000000000000e+00	
   2.7300000000000000e+00	   1.7161445933047564e-02	   3.0000000000000000e+00	
   2.7400000000000002e+00	   1.6466219569752128e-02	   3.0000000000000000e+00	
   2.7500000000000000e+00	   1.5709225904472150e-02	   3.0000000000000000e+00	
   2.7600000000000002e+00	   1.4900209223589611e-02	   3.0000000000000000e+00	
   2.7700000000000000e+00	   1.4048892169468388e-02	   3.0000000000000000e+00	
   2.7800000000000002e+00	   1.3196444635759069e-02	   3.0000000000000000e+00	
   2.7900000000000000e+00	   1.2425437949385535e-02	   3.0000000000000000e+00	
   2.8000000000000003e+00	   1.1623798312028999e-02	   3.0000000000000000e+00	
   2.8100000000000001e+00	   1.0800456579687603e-02	   3.0000000000000000e+00	
   2.8199999999999998e+00	   9.9641152145725376e-03	   3.0000000000000000e+00	
   2.8300000000000001e+00	   9.1231871565136697e-03	   3.0000000000000000e+00	
   2.8399999999999999e+00	   8.3514644637084131e-03	   3.0000000000000000e+00	
   2.8500000000000001e+00	   7.6120311212412185e-03	   3.0000000000000000e+00	
   2.8599999999999999e+00	   6.8761553392578771e-03	   3.0000000000000000e+00	
   2.8700000000000001e+00	   6.1508477663976407e-03	   3.0000000000000000e+00	
   2.8799999999999999e+00	   5.4427092257607248e-03	   3.0000000000000000e+00	
   2.8900000000000001e+00	   4.7648157237880307e-03	   3.0000000000000000e+00	
   2.8999999999999999e+00	   4.1656970195312042e-03	   3.0000000000000000e+00	
   2.9100000000000001e+00	   3.5876413183925978e-03	   3.0000000000000000e+00	
   2.9199999999999999e+00	   3.0356447954441985e-03	   3.0000000000000000e+00	
   2.9300000000000002e+00	   2.5142496219200429e-03	   3.0000000000000000e+00	
   2.9399999999999999e+00	   2.0275231959651471e-03	   3.0000000000000000e+00	
   2.9500000000000002e+00	   1.5938760204570333e-03	   3.0000000000000000e+00	
   2.9600000000000000e+00	   1.2046301252366701e-03	   3.0000000000000000e+00	
   2.9700000000000002e+00	   8.4825856521635263e-04	   3.0000000000000000e+00	
   2.9800000000000000e+00	   5.2734061778603940e-04	   3.0000000000000000e+00	
   2.9900000000000002e+00	   2.4401952591924424e-04	   3.0000000000000000e+00	
   3.0000000000000000e+00	   4.4527765540489235e-14	   1.0000000000000000e+00	
   3.0100000000000002e+00	   4.2713137311275545e-05	   4.0000000000000000e+00	
   3.0200000000000000e+00	   8.8863921515748440e-05	   4.0000000000000000e+00	
   3.0300000000000002e+00	   1.3761222769419389e-04	   4.0000000000000000e+00	
   3.0400000000000000e+00	   1.8813673410585839e-04	   4.0000000000000000e+00	
   3.0500000000000003e+00	   2.3964124455230559e-04	   4.0000000000000000e+00	
   3.0600000000000001e+00	   2.9345612369116966e-04	   4.0000000000000000e+00	
   3.0699999999999998e+00	   3.5031736648084838e-04	   4.0000000000000000e+00	
   3.0800000000000001e+00	   4.0716905044420960e-04	   4.0000000000000000e+00	
   3.0899999999999999e+00	   4.6323085047153865e-04	   4.0000000000000000e+00	
   3.1000000000000001e+00	   5.1776706971146688e-04	   4.0000000000000000e+00	
   3.1099999999999999e+00	   5.7009114695128870e-04	   4.0000000000000000e+00	
   3.1200000000000001e+00	   6.2681098589293966e-04	   4.0000000000000000e+00	
   3.1299999999999999e+00	   6.8185393027777447e-04	   4.0000000000000000e+00	
   3.1400000000000001e+00	   7.3371752335037058e-04	   4.0000000000000000e+00	
   3.1499999999999999e+00	   7.8181159229969929e-04	   4.0000000000000000e+00	
   3.1600000000000001e+00	   8.2560739677929324e-04	   4.0000000000000000e+00	
   3.1699999999999999e+00	   8.6802183026846527e-04	   4.0000000000000000e+00	
   3.1800000000000002e+00	   9.1245517550907012e-04	   4.0000000000000000e+00	
   3.1899999999999999e+00	   9.5190515244827857e-04	   4.0000000000000000e+00	
   3.2000000000000002e+00	   9.8597979643531191e-04	   4.0000000000000000e+00	
   3.2100000000000000e+00	   1.0143533281649242e-03	   4.0000000000000000e+00	
   3.2200000000000002e+00	   1.0367663686828990e-03	   4.0000000000000000e+00	
   3.2300000000000000e+00	   1.0621014246708900e-03	   4.0000000000000000e+00	
   3.2400000000000002e+00	   1.0840216935062901e-03	   4.0000000000000000e+00	
   3.2500000000000000e+00	   1.0997909369739715e-03	   4.0000000000000000e+00	
   3.2600000000000002e+00	   1.1092940532808448e-03	   4.0000000000000000e+00	
   3.2700000000000000e+00	   1.1124779476083349e-03	   4.0000000000000000e+00	
   3.2800000000000002e+00	   1.1120818166217568e-03	   4.0000000000000000e+00	
   3.2900000000000000e+00	   1.1150972978435864e-03	   4.0000000000000000e+00	
   3.3000000000000003e+00	   1.1120222837243956e-03	   4.0000000000000000e+00	
   3.3100000000000001e+00	   1.1029268140603245e-03	   4.0000000000000000e+00	
   3.3199999999999998e+00	   1.0879328665456846e-03	   4.0000000000000000e+00	
   3.3300000000000001e+00	   1.0672114197724308e-03	   4.0000000000000000e+00	
   3.3399999999999999e+00	   1.0492867081759564e-03	   4.0000000000000000e+00	
   3.3500000000000001e+00	   1.0301905071864910e-03	   4.0000000000000000e+00	
   3.3599999999999999e+00	   1.0059595253381851e-03	   4.0000000000000000e+00	
   3.3700000000000001e+00	   9.7683828618122743e-04	   4.0000000000000000e+00	
   3.3799999999999999e+00	   9.4310642889221035e-04	   4.0000000000000000e+00	
   3.3900000000000001e+00	   9.0642277044214068e-04	   4.0000000000000000e+00	
   3.3999999999999999e+00	   8.7649719004879046e-04	   4.0000000000000000e+00	
   3.4100000000000001e+00	   8.4270553840809525e-04	   4.0000000000000000e+00	
   3.4199999999999999e+00	   8.0535350639104387e-04	   4.0000000000000000e+00	
   3.4300000000000002e+00	   7.6476777701296717e-04	   4.0000000000000000e+00	
   3.4399999999999999e+00	   7.2129256467198908e-04	   4.0000000000000000e+00	
   3.4500000000000002e+00	   6.8163942183839315e-04	   4.0000000000000000e+00	
   3.4600000000000000e+00	   6.4464973633270473e-04	   4.0000000000000000e+00	
   3.4700000000000002e+00	   6.0547363150564642e-04	   4.0000000000000000e+00	
   3.4800000000000000e+00	   5.6442848604785589e-04	   4.0000000000000000e+00	
   3.4900000000000002e+00	   5.2183752906403015e-04	   4.0000000000000000e+00	
   3.5000000000000000e+00	   1.8000594551377105e+02	   3.0000000000000000e+00	
   3.5100000000000002e+00	   5.0356630895442356e-04	   4.0000000000000000e+00	
   3.5200000000000000e+00	   5.2559535278537417e-04	   4.0000000000000000e+00	
   3.5300000000000002e+00	   5.4407494696038117e-04	   4.0000000000000000e+00	
   3.5400000000000000e+00	   5.5899466004886717e-04	   4.0000000000000000e+00	
   3.5500000000000003e+00	   5.7037193626098234e-04	   4.0000000000000000e+00	
   3.5600000000000001e+00	   5.8241562527900693e-04	   4.0000000000000000e+00	
   3.5700000000000003e+00	   5.9589334899456351e-04	   4.0000000000000000e+00	
   3.5800000000000001e+00	   6.0553817910087939e-04	   4.0000000000000000e+00	
   3.5899999999999999e+00	   6.1142791407735135e-04	   4.0000000000000000e+00	
   3.6000000000000001e+00	   6.1366674591834490e-04	   4.0000000000000000e+00	
   3.6099999999999999e+00	   6.1238355589021828e-04	   4.0000000000000000e+00	
   3.6200000000000001e+00	   6.1483850048054105e-04	   4.0000000000000000e+00	
   3.6299999999999999e+00	   6.1451009243412879e-04	   4.0000000000000000e+00	
   3.6400000000000001e+00	   6.1064702543695806e-04	   4.0000000000000000e+00	
   3.6499999999999999e+00	   6.0343134077533306e-04	   4.0000000000000000e+00	
   3.6600000000000001e+00	   5.9306467048934051e-04	   4.0000000000000000e+00	
   3.6699999999999999e+00	   5.8203852105753295e-04	   4.0000000000000000e+00	
   3.6800000000000002e+00	   5.7252471990620727e-04	   4.0000000000000000e+00	
   3.6899999999999999e+00	   5.6004909649297189e-04	   4.0000000000000000e+00	
   3.7000000000000002e+00	   5.4484921367320546e-04	   4.0000000000000000e+00	
   3.7100000000000000e+00	   5.2717523667771221e-04	   4.0000000000000000e+00	
   3.7200000000000002e+00	   5.0728747420045325e-04	   4.0000000000000000e+00	
   3.7300000000000000e+00	   4.8964175768008238e-04	   4.0000000000000000e+00	
   3.7400000000000002e+00	   4.7108554945788061e-04	   4.0000000000000000e+00	
   3.7500000000000000e+00	   4.5063451418153356e-04	   4.0000000000000000e+00	
   3.7600000000000002e+00	   4.2855686366360788e-04	   4.0000000000000000e+00	
   3.7700000000000000e+00	   4.0512344872466741e-04	   4.0000000000000000e+00	
   3.7800000000000002e+00	   3.8154572442466431e-04	   4.0000000000000000e+00	
   3.7900000000000000e+00	   3.6015937293730878e-04	   4.0000000000000000e+00	
   3.8000000000000003e+00	   3.3775935093853401e-04	   4.0000000000000000e+00	
   3.8100000000000001e+00	   3.1460155398818049e-04	   4.0000000000000000e+00	
   3.8200000000000003e+00	   2.9093786727196861e-04	   4.0000000000000000e+00	
   3.8300000000000001e+00	   2.6701421182492456e-04	   4.0000000000000000e+00	
   3.8399999999999999e+00	   2.4501036380110511e-04	   4.0000000000000000e+00	
   3.8500000000000001e+00	   2.2382798218874937e-04	   4.0000000000000000e+00	
   3.8599999999999999e+00	   2.0264477832667514e-04	   4.0000000000000000e+00	
   3.8700000000000001e+00	   1.8167064752686493e-04	   4.0000000000000000e+00	
   3.8799999999999999e+00	   1.6110511202754076e-04	   4.0000000000000000e+00	
   3.8900000000000001e+00	   1.4134727324979790e-04	   4.0000000000000000e+00	
   3.8999999999999999e+00	   1.2383433722860240e-04	   4.0000000000000000e+00	
   3.9100000000000001e+00	   1.0687088483889573e-04	   4.0000000000000000e+00	
   3.9199999999999999e+00	   9.0611533403185367e-05	   4.0000000000000000e+00	
   3.9300000000000002e+00	   7.5198376224698497e-05	   4.0000000000000000e+00	
   3.9399999999999999e+00	   6.0760185807545356e-05	   4.0000000000000000e+00	
   3.9500000000000002e+00	   4.7858233478641912e-05	   4.0000000000000000e+00	
   3.9600000000000000e+00	   3.6239257998007042e-05	   4.0000000000000000e+00	
   3.9700000000000002e+00	   2.5566050616285945e-05	   4.0000000000000000e+00	
   3.9800000000000000e+00	   1.5922933703027056e-05	   4.0000000000000000e+00	
   3.9900000000000002e+00	   7.3814194539937868e-06	   4.0000000000000000e+00	
   4.0000000000000000e+00	   3.1805546814635168e-14	   2.0000000000000000e+00	
   4.0099999999999998e+00	   1.1769653221808380e-06	   5.0000000000000000e+00	
   4.0199999999999996e+00	   2.4559422539931270e-06	   5.0000000000000000e+00	
   4.0300000000000002e+00	   3.8144087979320034e-06	   5.0000000000000000e+00	
   4.0400000000000000e+00	   5.2300822741490549e-06	   5.0000000000000000e+00	
   4.0500000000000007e+00	   6.6811083789836966e-06	   5.0000000000000000e+00	
   4.0600000000000005e+00	   8.2048537700555719e-06	   5.0000000000000000e+00	
   4.0700000000000003e+00	   9.8223755004665905e-06	   5.0000000000000000e+00	
   4.0800000000000001e+00	   1.1448392148931894e-05	   5.0000000000000000e+00	
   4.0899999999999999e+00	   1.3060802982414175e-05	   5.0000000000000000e+00	
   4.0999999999999996e+00	   1.4638527717040133e-05	   5.0000000000000000e+00	
   4.1099999999999994e+00	   1.6161655864226085e-05	   5.0000000000000000e+00	
   4.1200000000000001e+00	   1.7817494958217694e-05	   5.0000000000000000e+00	
   4.1299999999999999e+00	   1.9433740217535072e-05	   5.0000000000000000e+00	
   4.1400000000000006e+00	   2.0967045567201865e-05	   5.0000000000000000e+00	
   4.1500000000000004e+00	   2.2399697582197258e-05	   5.0000000000000000e+00	
   4.1600000000000001e+00	   2.3715583826949322e-05	   5.0000000000000000e+00	
   4.1699999999999999e+00	   2.4997794307845177e-05	   5.0000000000000000e+00	
   4.1799999999999997e+00	   2.6343901534347353e-05	   5.0000000000000000e+00	
   4.1899999999999995e+00	   2.7551705508358553e-05	   5.0000000000000000e+00	
   4.2000000000000002e+00	   2.8608685734653036e-05	   5.0000000000000000e+00	
   4.2100000000000000e+00	   2.9504152419835282e-05	   5.0000000000000000e+00	
   4.2200000000000006e+00	   3.0229277972553543e-05	   5.0000000000000000e+00	
   4.2300000000000004e+00	   3.1042533285940539e-05	   5.0000000000000000e+00	
   4.2400000000000002e+00	   3.1758528394890278e-05	   5.0000000000000000e+00	
   4.2500000000000000e+00	   3.2296314951315974e-05	   5.0000000000000000e+00	
   4.2599999999999998e+00	   3.2651207044005411e-05	   5.0000000000000000e+00	
   4.2699999999999996e+00	   3.2820337771857597e-05	   5.0000000000000000e+00	
   4.2799999999999994e+00	   3.2883594933361917e-05	   5.0000000000000000e+00	
   4.2900000000000000e+00	   3.3047098636593878e-05	   5.0000000000000000e+00	
   4.2999999999999998e+00	   3.3029472244271362e-05	   5.0000000000000000e+00	
   4.3100000000000005e+00	   3.2831598576596198e-05	   5.0000000000000000e+00	
   4.3200000000000003e+00	   3.2455948899111433e-05	   5.0000000000000000e+00	
   4.3300000000000001e+00	   3.1906510914943391e-05	   5.0000000000000000e+00	
   4.3399999999999999e+00	   3.1437799314312036e-05	   5.0000000000000000e+00	
   4.3499999999999996e+00	   3.0930849456856130e-05	   5.0000000000000000e+00	
   4.3599999999999994e+00	   3.0266421787789982e-05	   5.0000000000000000e+00	
   4.3700000000000001e+00	   2.9450963749452792e-05	   5.0000000000000000e+00	
   4.3799999999999999e+00	   2.8492061308259756e-05	   5.0000000000000000e+00	
   4.3900000000000006e+00	   2.7439325494021031e-05	   5.0000000000000000e+00	
   4.4000000000000004e+00	   2.6586416106254141e-05	   5.0000000000000000e+00	
   4.4100000000000001e+00	   2.5611911237793466e-05	   5.0000000000000000e+00	
   4.4199999999999999e+00	   2.4524482378366991e-05	   5.0000000000000000e+00	
   4.4299999999999997e+00	   2.3333526336836692e-05	   5.0000000000000000e+00	
   4.4399999999999995e+00	   2.2049063806948642e-05	   5.0000000000000000e+00	
   4.4499999999999993e+00	   2.0876388073422255e-05	   5.0000000000000000e+00	
   4.4600000000000000e+00	   1.9780324084368920e-05	   5.0000000000000000e+00	
   4.4699999999999998e+00	   1.8612483067486061e-05	   5.0000000000000000e+00	
   4.4800000000000004e+00	   1.7382334316476850e-05	   5.0000000000000000e+00	
   4.4900000000000002e+00	   1.6099605214334634e-05	   5.0000000000000000e+00	
   4.5000000000000000e+00	   1.8000013243065038e+02	   5.0000000000000000e+00	
   4.5099999999999998e+00	   1.5590989407781017e-05	   5.0000000000000000e+00	
   4.5199999999999996e+00	   1.6301400054293283e-05	   5.0000000000000000e+00	
   4.5299999999999994e+00	   1.6903603548765667e-05	   5.0000000000000000e+00	
   4.5400000000000000e+00	   1.7396676544368597e-05	   5.0000000000000000e+00	
   4.5499999999999998e+00	   1.7780574456086547e-05	   5.0000000000000000e+00	
   4.5600000000000005e+00	   1.8186020905660224e-05	   5.0000000000000000e+00	
   4.5700000000000003e+00	   1.8637362822898514e-05	   5.0000000000000000e+00	
   4.5800000000000001e+00	   1.8969673219071718e-05	   5.0000000000000000e+00	
   4.5899999999999999e+00	   1.9184795950784210e-05	   5.0000000000000000e+00	
   4.5999999999999996e+00	   1.9285432275849175e-05	   5.0000000000000000e+00	
   4.6099999999999994e+00	   1.9275093526634954e-05	   5.0000000000000000e+00	
   4.6200000000000001e+00	   1.9382038265632886e-05	   5.0000000000000000e+00	
   4.6299999999999999e+00	   1.9401106288892543e-05	   5.0000000000000000e+00	
   4.6400000000000006e+00	   1.9308044772856946e-05	   5.0000000000000000e+00	
   4.6500000000000004e+00	   1.9108123311411230e-05	   5.0000000000000000e+00	
   4.6600000000000001e+00	   1.8807277811924057e-05	   5.0000000000000000e+00	
   4.6699999999999999e+00	   1.8484142883451440e-05	   5.0000000000000000e+00	
   4.6799999999999997e+00	   1.8207861685602304e-05	   5.0000000000000000e+00	
   4.6899999999999995e+00	   1.7836090694551587e-05	   5.0000000000000000e+00	
   4.6999999999999993e+00	   1.7302243484098824e-05	   6.0000000000000000e+00	
   4.7100000000000000e+00	   1.6689731678320520e-05	   6.0000000000000000e+00	
   4.7199999999999998e+00	   1.6010786558244112e-05	   6.0000000000000000e+00	
   4.7300000000000004e+00	   1.5406212348284367e-05	   6.0000000000000000e+00	
   4.7400000000000002e+00	   1.4776557785328411e-05	   6.0000000000000000e+00	
   4.7500000000000000e+00	   1.4091263234885867e-05	   6.0000000000000000e+00	
   4.7599999999999998e+00	   1.3359242481340351e-05	   6.0000000000000000e+00	
   4.7699999999999996e+00	   1.2589386701692798e-05	   6.0000000000000000e+00	
   4.7799999999999994e+00	   1.1819593846139065e-05	   6.0000000000000000e+00	
   4.7900000000000000e+00	   1.1122089082663288e-05	   6.0000000000000000e+00	
   4.7999999999999998e+00	   1.0397540673397528e-05	   6.0000000000000000e+00	
   4.8100000000000005e+00	   9.6540960544360059e-06	   6.0000000000000000e+00	
   4.8200000000000003e+00	   8.8996803538229305e-06	   6.0000000000000000e+00	
   4.8300000000000001e+00	   8.1419388362349811e-06	   6.0000000000000000e+00	
   4.8399999999999999e+00	   7.4471892855020064e-06	   6.0000000000000000e+00	
   4.8499999999999996e+00	   6.7816199881384946e-06	   6.0000000000000000e+00	
   4.8599999999999994e+00	   6.1201420545394672e-06	   6.0000000000000000e+00	
   4.8700000000000001e+00	   5.4690733003575284e-06	   6.0000000000000000e+00	
   4.8799999999999999e+00	   4.8343385900754935e-06	   6.0000000000000000e+00	
   4.8900000000000006e+00	   4.2277496513916663e-06	   6.0000000000000000e+00	
   4.9000000000000004e+00	   3.6919298100365856e-06	   6.0000000000000000e+00	
   4.9100000000000001e+00	   3.1758365194268463e-06	   6.0000000000000000e+00	
   4.9199999999999999e+00	   2.6838882951814694e-06	   6.0000000000000000e+00	
   4.9299999999999997e+00	   2.2200741253708520e-06	   6.0000000000000000e+00	
   4.9399999999999995e+00	   1.7879360410771152e-06	   6.0000000000000000e+00	
   4.9499999999999993e+00	   1.4036504070212766e-06	   6.0000000000000000e+00	
   4.9600000000000000e+00	   1.0593687274436224e-06	   6.0000000000000000e+00	
   4.9699999999999998e+00	   7.4489120520285499e-07	   6.0000000000000000e+00	
   4.9800000000000004e+00	   4.6239104334061537e-07	   6.0000000000000000e+00	
   4.9900000000000002e+00	   2.1363829687045046e-07	   6.0000000000000000e+00	
   5.0000000000000000e+00	   3.8166656177562201e-14	   6.0000000000000000e+00	
   5.0099999999999998e+00	   3.6408738160679862e-08	   6.0000000000000000e+00	
   5.0199999999999996e+00	   7.6100082280332680e-08	   6.0000000000000000e+00	
   5.0299999999999994e+00	   1.1838940524155471e-07	   6.0000000000000000e+00	
   5.0400000000000000e+00	   1.6259477067620270e-07	   6.0000000000000000e+00	
   5.0499999999999998e+00	   2.0804282335266405e-07	   6.0000000000000000e+00	
   5.0600000000000005e+00	   2.5590270972740727e-07	   6.0000000000000000e+00	
   5.0700000000000003e+00	   3.0684157022819744e-07	   6.0000000000000000e+00	
   5.0800000000000001e+00	   3.5820338089052856e-07	   6.0000000000000000e+00	
   5.0899999999999999e+00	   4.0929498434934133e-07	   6.0000000000000000e+00	
   5.0999999999999996e+00	   4.5928718455474070e-07	   7.0000000000000000e+00	
   5.1099999999999994e+00	   5.0601635193467685e-07	   7.0000000000000000e+00	
   5.1200000000000001e+00	   5.5669074295259388e-07	   7.0000000000000000e+00	
   5.1299999999999999e+00	   6.0591188764767540e-07	   7.0000000000000000e+00	
   5.1400000000000006e+00	   6.5233854611074813e-07	   7.0000000000000000e+00	
   5.1500000000000004e+00	   6.9543689404407530e-07	   7.0000000000000000e+00	
   5.1600000000000001e+00	   7.3472722746837991e-07	   7.0000000000000000e+00	
   5.1699999999999999e+00	   7.7280103689368084e-07	   7.0000000000000000e+00	
   5.1799999999999997e+00	   8.1267495121315896e-07	   7.0000000000000000e+00	
   5.1899999999999995e+00	   8.4811168641874611e-07	   7.0000000000000000e+00	
   5.1999999999999993e+00	   8.7875387538643309e-07	   7.0000000000000000e+00	
   5.2100000000000000e+00	   9.0430361464253510e-07	   7.0000000000000000e+00	
   5.2199999999999998e+00	   9.2452297325244134e-07	   7.0000000000000000e+00	
   5.2300000000000004e+00	   9.4733335165027374e-07	   7.0000000000000000e+00	
   5.2400000000000002e+00	   9.6707212844781079e-07	   7.0000000000000000e+00	
   5.2500000000000000e+00	   9.8129886403796565e-07	   7.0000000000000000e+00	
   5.2599999999999998e+00	   9.8990702256112788e-07	   7.0000000000000000e+00	
   5.2699999999999996e+00	   9.9284640214220542e-07	   7.0000000000000000e+00	
   5.2799999999999994e+00	   9.9256531744167634e-07	   7.0000000000000000e+00	
   5.2900000000000000e+00	   9.9529320285865523e-07	   7.0000000000000000e+00	
   5.2999999999999998e+00	   9.9255422366694749e-07	   7.0000000000000000e+00	
   5.3100000000000005e+00	   9.8441121490483984e-07	   7.0000000000000000e+00	
   5.3200000000000003e+00	   9.7097441459759195e-07	   7.0000000000000000e+00	
   5.3300000000000001e+00	   9.5239858853600398e-07	   7.0000000000000000e+00	
   5.3399999999999999e+00	   9.3629878612727906e-07	   7.0000000000000000e+00	
   5.3499999999999996e+00	   9.1912407073618808e-07	   7.0000000000000000e+00	
   5.3599999999999994e+00	   8.9734694005439465e-07	   7.0000000000000000e+00	
   5.3700000000000001e+00	   8.7118993113185139e-07	   7.0000000000000000e+00	
   5.3799999999999999e+00	   8.4090751378751290e-07	   7.0000000000000000e+00	
   5.3900000000000006e+00	   8.0798954888970787e-07	   7.0000000000000000e+00	
   5.4000000000000004e+00	   7.8108302317314959e-07	   7.0000000000000000e+00	
   5.4100000000000001e+00	   7.5072602818264025e-07	   7.0000000000000000e+00	
   5.4199999999999999e+00	   7.1719693878611995e-07	   7.0000000000000000e+00	
   5.4299999999999997e+00	   6.8079298417968107e-07	   7.0000000000000000e+00	
   5.4399999999999995e+00	   6.4182702916622963e-07	   7.0000000000000000e+00	
   5.4499999999999993e+00	   6.0628001776872672e-07	   7.0000000000000000e+00	
   5.4600000000000000e+00	   5.7311059821780507e-07	   7.0000000000000000e+00	
   5.4699999999999998e+00	   5.3801395336319744e-07	   7.0000000000000000e+00	
   5.4800000000000004e+00	   5.0127787251470133e-07	   7.0000000000000000e+00	
   5.4900000000000002e+00	   4.6319498578633958e-07	   7.0000000000000000e+00	
   5.5000000000000000e+00	   1.8000000426452462e+02	   7.0000000000000000e+00	
   5.5099999999999998e+00	   4.4644675097248599e-07	   7.0000000000000000e+00	
   5.5199999999999996e+00	   4.6568263754711818e-07	   7.0000000000000000e+00	
   5.5299999999999994e+00	   4.8173767682925612e-07	   7.0000000000000000e+00	
   5.5400000000000000e+00	   4.9460758779229862e-07	   7.0000000000000000e+00	
   5.5499999999999998e+00	   5.0431334937492465e-07	   7.0000000000000000e+00	
   5.5600000000000005e+00	   5.1457610241558723e-07	   7.0000000000000000e+00	
   5.5700000000000003e+00	   5.2607857842110003e-07	   7.0000000000000000e+00	
   5.5800000000000001e+00	   5.3416717425371712e-07	   7.0000000000000000e+00	
   5.5899999999999999e+00	   5.3891804511473153e-07	   7.0000000000000000e+00	
   5.5999999999999996e+00	   5.4043085686564158e-07	   7.0000000000000000e+00	
   5.6099999999999994e+00	   5.3882717030637279e-07	   7.0000000000000000e+00	
   5.6200000000000001e+00	   5.4049505318133229e-07	   7.0000000000000000e+00	
   5.6299999999999999e+00	   5.3970314595452277e-07	   7.0000000000000000e+00	
   5.6400000000000006e+00	   5.3579663602812456e-07	   7.0000000000000000e+00	
   5.6500000000000004e+00	   5.2894429635575478e-07	   7.0000000000000000e+00	
   5.6600000000000001e+00	   5.1933194766412338e-07	   7.0000000000000000e+00	
   5.6699999999999999e+00	   5.0914636124114251e-07	   7.0000000000000000e+00	
   5.6799999999999997e+00	   5.0029188784122898e-07	   7.0000000000000000e+00	
   5.6899999999999995e+00	   4.8885761565030550e-07	   7.0000000000000000e+00	
   5.6999999999999993e+00	   4.7505994960889879e-07	   7.0000000000000000e+00	
   5.7100000000000000e+00	   4.5912585409907814e-07	   7.0000000000000000e+00	
   5.7199999999999998e+00	   4.4129032122292880e-07	   7.0000000000000000e+00	
   5.7300000000000004e+00	   4.2543187202565211e-07	   7.0000000000000000e+00	
   5.7400000000000002e+00	   4.0881118381563457e-07	   7.0000000000000000e+00	
   5.7500000000000000e+00	   3.9057810704873971e-07	   7.0000000000000000e+00	
   5.7599999999999998e+00	   3.7097221382579420e-07	   7.0000000000000000e+00	
   5.7699999999999996e+00	   3.5023445024724683e-07	   7.0000000000000000e+00	
   5.7799999999999994e+00	   3.2941615502416487e-07	   7.0000000000000000e+00	
   5.7900000000000000e+00	   3.1053457587993831e-07	   7.0000000000000000e+00	
   5.7999999999999998e+00	   2.9082294829716219e-07	   7.0000000000000000e+00	
   5.8100000000000005e+00	   2.7050636649175298e-07	   7.0000000000000000e+00	
   5.8200000000000003e+00	   2.4980524290313611e-07	   7.0000000000000000e+00	
   5.8300000000000001e+00	   2.2893361613915532e-07	   7.0000000000000000e+00	
   5.8399999999999999e+00	   2.0975969313082743e-07	   7.0000000000000000e+00	
   5.8499999999999996e+00	   1.9133948524869401e-07	   7.0000000000000000e+00	
   5.8599999999999994e+00	   1.7296879224184162e-07	   7.0000000000000000e+00	
   5.8700000000000001e+00	   1.5482764622745982e-07	   7.0000000000000000e+00	
   5.8799999999999999e+00	   1.3708628321431928e-07	   7.0000000000000000e+00	
   5.8900000000000006e+00	   1.2008310149830893e-07	   7.0000000000000000e+00	
   5.9000000000000004e+00	   1.0503537568933727e-07	   7.0000000000000000e+00	
   5.9100000000000001e+00	   9.0498930406520247e-08	   7.0000000000000000e+00	
   5.9199999999999999e+00	   7.6603137892081040e-08	   7.0000000000000000e+00	
   5.9299999999999997e+00	   6.3465869502514706e-08	   7.0000000000000000e+00	
   5.9399999999999995e+00	   5.1192846875433099e-08	   7.0000000000000000e+00	
   5.9500000000000002e+00	   4.0252616604290688e-08	   7.0000000000000000e+00	
   5.9600000000000000e+00	   3.0426680943580286e-08	   7.0000000000000000e+00	
   5.9699999999999998e+00	   2.1427244222395001e-08	   7.0000000000000000e+00	
   5.9800000000000004e+00	   1.3321218950123454e-08	   7.0000000000000000e+00	
   5.9900000000000002e+00	   6.1640676393010059e-09	   7.0000000000000000e+00	
   6.0000000000000000e+00	   5.0888874903416268e-14	   1.0000000000000000e+00	
   6.0099999999999998e+00	   1.0202201640636893e-09	   8.0000000000000000e+00	
   6.0199999999999996e+00	   2.1286879983192656e-09	   8.0000000000000000e+00	
   6.0300000000000002e+00	   3.3057794803820982e-09	   8.0000000000000000e+00	
   6.0400000000000000e+00	   4.5321504766795274e-09	   8.0000000000000000e+00	
   6.0499999999999998e+00	   5.7887939924351250e-09	   8.0000000000000000e+00	
   6.0600000000000005e+00	   7.1079163243533930e-09	   8.0000000000000000e+00	
   6.0700000000000003e+00	   8.5076148285718577e-09	   8.0000000000000000e+00	
   6.0800000000000001e+00	   9.9140561087150244e-09	   8.0000000000000000e+00	
   6.0899999999999999e+00	   1.1307915114538322e-08	   8.0000000000000000e+00	
   6.0999999999999996e+00	   1.2670922739951424e-08	   8.0000000000000000e+00	
   6.1099999999999994e+00	   1.3985713156393538e-08	   8.0000000000000000e+00	
   6.1200000000000001e+00	   1.5414405597088223e-08	   8.0000000000000000e+00	
   6.1299999999999999e+00	   1.6807730269725036e-08	   8.0000000000000000e+00	
   6.1399999999999997e+00	   1.8128156629062702e-08	   8.0000000000000000e+00	
   6.1500000000000004e+00	   1.9360367123755299e-08	   8.0000000000000000e+00	
   6.1600000000000001e+00	   2.0490532702047818e-08	   8.0000000000000000e+00	
   6.1699999999999999e+00	   2.1590355788679177e-08	   8.0000000000000000e+00	
   6.1799999999999997e+00	   2.2744121082708156e-08	   8.0000000000000000e+00	
   6.1899999999999995e+00	   2.3777152521028780e-08	   8.0000000000000000e+00	
   6.2000000000000002e+00	   2.4678788884348786e-08	   8.0000000000000000e+00	
   6.2100000000000000e+00	   2.5439921064060456e-08	   8.0000000000000000e+00	
   6.2199999999999998e+00	   2.6053081117771720e-08	   8.0000000000000000e+00	
   6.2300000000000004e+00	   2.6741111428684632e-08	   8.0000000000000000e+00	
   6.2400000000000002e+00	   2.7344208207383745e-08	   8.0000000000000000e+00	
   6.2500000000000000e+00	   2.7792780917438632e-08	   8.0000000000000000e+00	
   6.2599999999999998e+00	   2.8083076504325172e-08	   8.0000000000000000e+00	
   6.2699999999999996e+00	   2.8212855857547610e-08	   8.0000000000000000e+00	
   6.2800000000000002e+00	   2.8251035235943897e-08	   8.0000000000000000e+00	
   6.2900000000000000e+00	   2.8374695201959197e-08	   8.0000000000000000e+00	
   6.2999999999999998e+00	   2.8342240821989545e-08	   8.0000000000000000e+00	
   6.3100000000000005e+00	   2.8154740762407907e-08	   8.0000000000000000e+00	
   6.3200000000000003e+00	   2.7814561355897294e-08	   8.0000000000000000e+00	
   6.3300000000000001e+00	   2.7325519268075464e-08	   8.0000000000000000e+00	
   6.3399999999999999e+00	   2.6905724216778460e-08	   8.0000000000000000e+00	
   6.3499999999999996e+00	   2.6453296674449637e-08	   8.0000000000000000e+00	
   6.3599999999999994e+00	   2.5866420724625989e-08	   8.0000000000000000e+00	
   6.3700000000000001e+00	   2.5150986754577584e-08	   8.0000000000000000e+00	
   6.3799999999999999e+00	   2.4313762984666579e-08	   8.0000000000000000e+00	
   6.3899999999999997e+00	   2.3397317958749681e-08	   8.0000000000000000e+00	
   6.4000000000000004e+00	   2.2652152163538959e-08	   8.0000000000000000e+00	
   6.4100000000000001e+00	   2.1804241729898235e-08	   8.0000000000000000e+00	
   6.4199999999999999e+00	   2.0861309044594111e-08	   8.0000000000000000e+00	
   6.4299999999999997e+00	   1.9831534494267305e-08	   8.0000000000000000e+00	
   6.4399999999999995e+00	   1.8723709132057382e-08	   8.0000000000000000e+00	
   6.4500000000000002e+00	   1.7712356354445616e-08	   8.0000000000000000e+00	
   6.4600000000000000e+00	   1.6767400836364077e-08	   8.0000000000000000e+00	
   6.4699999999999998e+00	   1.5763108890145159e-08	   8.0000000000000000e+00	
   6.4800000000000004e+00	   1.4707590930226586e-08	   8.0000000000000000e+00	
   6.4900000000000002e+00	   1.3609351759826596e-08	   8.0000000000000000e+00	
   6.5000000000000000e+00	   1.8000000010655879e+02	   7.0000000000000000e+00	
   6.5099999999999998e+00	   1.3153839079456756e-08	   8.0000000000000000e+00	
   6.5199999999999996e+00	   1.3739493696282721e-08	   8.0000000000000000e+00	
   6.5300000000000002e+00	   1.4232587810768737e-08	   8.0000000000000000e+00	
   6.5400000000000000e+00	   1.4632650700821943e-08	   8.0000000000000000e+00	
   6.5499999999999998e+00	   1.4939892283051318e-08	   8.0000000000000000e+00	
   6.5600000000000005e+00	   1.5264321582779324e-08	   8.0000000000000000e+00	
   6.5700000000000003e+00	   1.5626217816654968e-08	   8.0000000000000000e+00	
   6.5800000000000001e+00	   1.5887366800440576e-08	   8.0000000000000000e+00	
   6.5899999999999999e+00	   1.6049638700288842e-08	   8.0000000000000000e+00	
   6.5999999999999996e+00	   1.6115539793288768e-08	   8.0000000000000000e+00	
   6.6099999999999994e+00	   1.6088403300746520e-08	   8.0000000000000000e+00	
   6.6200000000000001e+00	   1.6158820781394122e-08	   8.0000000000000000e+00	
   6.6299999999999999e+00	   1.6155614782275209e-08	   8.0000000000000000e+00	
   6.6399999999999997e+00	   1.6058875031083814e-08	   8.0000000000000000e+00	
   6.6500000000000004e+00	   1.5873270582092327e-08	   8.0000000000000000e+00	
   6.6600000000000001e+00	   1.5604132044946885e-08	   8.0000000000000000e+00	
   6.6699999999999999e+00	   1.5316927957210729e-08	   8.0000000000000000e+00	
   6.6799999999999997e+00	   1.5068921025368930e-08	   8.0000000000000000e+00	
   6.6899999999999995e+00	   1.4742303504020079e-08	   8.0000000000000000e+00	
   6.7000000000000002e+00	   1.4343461946964554e-08	   8.0000000000000000e+00	
   6.7100000000000000e+00	   1.3878884685752541e-08	   8.0000000000000000e+00	
   6.7199999999999998e+00	   1.3355505329589630e-08	   8.0000000000000000e+00	
   6.7300000000000004e+00	   1.2890559124034568e-08	   8.0000000000000000e+00	
   6.7400000000000002e+00	   1.2401389814025479e-08	   8.0000000000000000e+00	
   6.7500000000000000e+00	   1.1861993184486719e-08	   8.0000000000000000e+00	
   6.7599999999999998e+00	   1.1279455511248587e-08	   8.0000000000000000e+00	
   6.7699999999999996e+00	   1.0661028458984821e-08	   8.0000000000000000e+00	
   6.7800000000000002e+00	   1.0038504852291330e-08	   8.0000000000000000e+00	
   6.7900000000000000e+00	   9.4736892297383122e-09	   8.0000000000000000e+00	
   6.7999999999999998e+00	   8.8821823922984538e-09	   8.0000000000000000e+00	
   6.8100000000000005e+00	   8.2707780047713585e-09	   8.0000000000000000e+00	
   6.8200000000000003e+00	   7.6461425097693755e-09	   8.0000000000000000e+00	
   6.8300000000000001e+00	   7.0148914610299485e-09	   8.0000000000000000e+00	
   6.8399999999999999e+00	   6.4342748428194203e-09	   8.0000000000000000e+00	
   6.8499999999999996e+00	   5.8755022741611840e-09	   8.0000000000000000e+00	
   6.8599999999999994e+00	   5.3169459832212872e-09	   8.0000000000000000e+00	
   6.8700000000000001e+00	   4.7642800795514604e-09	   8.0000000000000000e+00	
   6.8799999999999999e+00	   4.2227333950480305e-09	   8.0000000000000000e+00	
   6.8899999999999997e+00	   3.7027890379411004e-09	   8.0000000000000000e+00	
   6.9000000000000004e+00	   3.2420538867842954e-09	   8.0000000000000000e+00	
   6.9100000000000001e+00	   2.7961782870992879e-09	   8.0000000000000000e+00	
   6.9199999999999999e+00	   2.3692079044408995e-09	   8.0000000000000000e+00	
   6.9299999999999997e+00	   1.9648449044583537e-09	   8.0000000000000000e+00	
   6.9399999999999995e+00	   1.5864097862390989e-09	   8.0000000000000000e+00	
   6.9500000000000002e+00	   1.2486094346302215e-09	   8.0000000000000000e+00	
   6.9600000000000000e+00	   9.4472651814447125e-10	   8.0000000000000000e+00	
   6.9699999999999998e+00	   6.6592545587674239e-10	   8.0000000000000000e+00	
   6.9800000000000004e+00	   4.1436266390106697e-10	   8.0000000000000000e+00	
   6.9900000000000002e+00	   1.9188286393269395e-10	   8.0000000000000000e+00	
   7.0000000000000000e+00	   6.3611093629270335e-14	   2.0000000000000000e+00	
   7.0099999999999998e+00	   4.0437572220127152e-11	   8.0000000000000000e+00	
   7.0199999999999996e+00	   8.4704532276736383e-11	   8.0000000000000000e+00	
   7.0300000000000002e+00	   1.3202482482755059e-10	   8.0000000000000000e+00	
   7.0400000000000000e+00	   1.8167328340519607e-10	   8.0000000000000000e+00	
   7.0499999999999998e+00	   2.3289929710484746e-10	   8.0000000000000000e+00	
   7.0599999999999996e+00	   2.8697508779909017e-10	   8.0000000000000000e+00	
   7.0700000000000003e+00	   3.4472123859574181e-10	   8.0000000000000000e+00	
   7.0800000000000001e+00	   4.0315438920358954e-10	   8.0000000000000000e+00	
   7.0899999999999999e+00	   4.6147303984290455e-10	   8.0000000000000000e+00	
   7.0999999999999996e+00	   5.1893930182758738e-10	   8.0000000000000000e+00	
   7.1100000000000003e+00	   5.7480256425281258e-10	   8.0000000000000000e+00	
   7.1200000000000001e+00	   6.3572926973092775e-10	   8.0000000000000000e+00	
   7.1299999999999999e+00	   6.9563819771097456e-10	   8.0000000000000000e+00	
   7.1399999999999997e+00	   7.5292634863349544e-10	   8.0000000000000000e+00	
   7.1500000000000004e+00	   8.0686855603111662e-10	   8.0000000000000000e+00	
   7.1600000000000001e+00	   8.5696865337352996e-10	   8.0000000000000000e+00	
   7.1699999999999999e+00	   9.0607641765532669e-10	   8.0000000000000000e+00	
   7.1799999999999997e+00	   9.5779223677592347e-10	   8.0000000000000000e+00	
   7.1899999999999995e+00	   1.0047372238743250e-09	   8.0000000000000000e+00	
   7.2000000000000002e+00	   1.0464024902014970e-09	   8.0000000000000000e+00	
   7.2100000000000000e+00	   1.0823936469769381e-09	   8.0000000000000000e+00	
   7.2199999999999998e+00	   1.1122526943265177e-09	   8.0000000000000000e+00	
   7.2300000000000004e+00	   1.1455976296069811e-09	   8.0000000000000000e+00	
   7.2400000000000002e+00	   1.1754185103003830e-09	   8.0000000000000000e+00	
   7.2500000000000000e+00	   1.1987383372248736e-09	   8.0000000000000000e+00	
   7.2599999999999998e+00	   1.2153917215370166e-09	   8.0000000000000000e+00	
   7.2699999999999996e+00	   1.2251369410810208e-09	   8.0000000000000000e+00	
   7.2800000000000002e+00	   1.2309509950387362e-09	   8.0000000000000000e+00	
   7.2900000000000000e+00	   1.2404926590831267e-09	   8.0000000000000000e+00	
   7.2999999999999998e+00	   1.2432406583279112e-09	   8.0000000000000000e+00	
   7.3099999999999996e+00	   1.2391313816794604e-09	   8.0000000000000000e+00	
   7.3200000000000003e+00	   1.2282157180126776e-09	   8.0000000000000000e+00	
   7.3300000000000001e+00	   1.2106208895148213e-09	   8.0000000000000000e+00	
   7.3399999999999999e+00	   1.1959776157613634e-09	   8.0000000000000000e+00	
   7.3499999999999996e+00	   1.1797440646671735e-09	   8.0000000000000000e+00	
   7.3600000000000003e+00	   1.1573656819283961e-09	   8.0000000000000000e+00	
   7.3700000000000001e+00	   1.1290460230446450e-09	   8.0000000000000000e+00	
   7.3799999999999999e+00	   1.0950776990466148e-09	   8.0000000000000000e+00	
   7.3899999999999997e+00	   1.0572418205559247e-09	   8.0000000000000000e+00	
   7.4000000000000004e+00	   1.0268866066760369e-09	   8.0000000000000000e+00	
   7.4100000000000001e+00	   9.9167150524287277e-10	   8.0000000000000000e+00	
   7.4199999999999999e+00	   9.5187640506840126e-10	   8.0000000000000000e+00	
   7.4299999999999997e+00	   9.0781936162076871e-10	   8.0000000000000000e+00	
   7.4399999999999995e+00	   8.5985659702429883e-10	   8.0000000000000000e+00	
   7.4500000000000002e+00	   8.1602219240436865e-10	   8.0000000000000000e+00	
   7.4600000000000000e+00	   7.7499303701348924e-10	   8.0000000000000000e+00	
   7.4699999999999998e+00	   7.3091691023776788e-10	   8.0000000000000000e+00	
   7.4800000000000004e+00	   6.8413095087343954e-10	   8.0000000000000000e+00	
   7.4900000000000002e+00	   6.3505499213845750e-10	   8.0000000000000000e+00	
   7.5000000000000000e+00	   1.8000000000615915e+02	   7.0000000000000000e+00	
   7.5099999999999998e+00	   6.1772733023384426e-10	   8.0000000000000000e+00	
   7.5199999999999996e+00	   6.4726832211527737e-10	   8.0000000000000000e+00	
   7.5300000000000002e+00	   6.7259189848908992e-10	   8.0000000000000000e+00	
   7.5400000000000000e+00	   6.9369805935528182e-10	   8.0000000000000000e+00	
   7.5499999999999998e+00	   7.1047866585468329e-10	   8.0000000000000000e+00	
   7.5599999999999996e+00	   7.2821979986788678e-10	   8.0000000000000000e+00	
   7.5700000000000003e+00	   7.4774840561207277e-10	   8.0000000000000000e+00	
   7.5800000000000001e+00	   7.6265884595877373e-10	   8.0000000000000000e+00	
   7.5899999999999999e+00	   7.7284934315818285e-10	   8.0000000000000000e+00	
   7.5999999999999996e+00	   7.7843439717883282e-10	   8.0000000000000000e+00	
   7.6100000000000003e+00	   7.7951578577053038e-10	   8.0000000000000000e+00	
   7.6200000000000001e+00	   7.8530439529079400e-10	   8.0000000000000000e+00	
   7.6299999999999999e+00	   7.8759439466144769e-10	   8.0000000000000000e+00	
   7.6399999999999997e+00	   7.8529167307206812e-10	   8.0000000000000000e+00	
   7.6500000000000004e+00	   7.7857434158481718e-10	   8.0000000000000000e+00	
   7.6600000000000001e+00	   7.6770956679293782e-10	   8.0000000000000000e+00	
   7.6699999999999999e+00	   7.5592879225279691e-10	   8.0000000000000000e+00	
   7.6799999999999997e+00	   7.4596729499045320e-10	   8.0000000000000000e+00	
   7.6900000000000004e+00	   7.3197285439201378e-10	   8.0000000000000000e+00	
   7.7000000000000002e+00	   7.1432713701925418e-10	   8.0000000000000000e+00	
   7.7100000000000000e+00	   6.9329730946541735e-10	   8.0000000000000000e+00	
   7.7199999999999998e+00	   6.6916326054247222e-10	   8.0000000000000000e+00	
   7.7300000000000004e+00	   6.4771359977068231e-10	   8.0000000000000000e+00	
   7.7400000000000002e+00	   6.2500443934503275e-10	   8.0000000000000000e+00	
   7.7500000000000000e+00	   5.9963633520567972e-10	   8.0000000000000000e+00	
   7.7599999999999998e+00	   5.7190189838331783e-10	   8.0000000000000000e+00	
   7.7699999999999996e+00	   5.4214462878354519e-10	   8.0000000000000000e+00	
   7.7800000000000002e+00	   5.1189119265346420e-10	   8.0000000000000000e+00	
   7.7900000000000000e+00	   4.8453842239287796e-10	   8.0000000000000000e+00	
   7.7999999999999998e+00	   4.5562081922901169e-10	   8.0000000000000000e+00	
   7.8099999999999996e+00	   4.2549460528618928e-10	   8.0000000000000000e+00	
   7.8200000000000003e+00	   3.9450328047000874e-10	   8.0000000000000000e+00	
   7.8300000000000001e+00	   3.6300306690479408e-10	   8.0000000000000000e+00	
   7.8399999999999999e+00	   3.3393279711621757e-10	   8.0000000000000000e+00	
   7.8499999999999996e+00	   3.0584213816953178e-10	   8.0000000000000000e+00	
   7.8600000000000003e+00	   2.7754792372323235e-10	   8.0000000000000000e+00	
   7.8700000000000001e+00	   2.4941909812036898e-10	   8.0000000000000000e+00	
   7.8799999999999999e+00	   2.2171010573545882e-10	   8.0000000000000000e+00	
   7.8899999999999997e+00	   1.9498072419243942e-10	   8.0000000000000000e+00	
   7.9000000000000004e+00	   1.7117745295636648e-10	   8.0000000000000000e+00	
   7.9100000000000001e+00	   1.4803573709403793e-10	   8.0000000000000000e+00	
   7.9199999999999999e+00	   1.2582274319869672e-10	   8.0000000000000000e+00	
   7.9299999999999997e+00	   1.0462752680142385e-10	   8.0000000000000000e+00	
   7.9400000000000004e+00	   8.4704532276736383e-11	   8.0000000000000000e+00	
   7.9500000000000002e+00	   6.6861620513726045e-11	   8.0000000000000000e+00	
   7.9600000000000000e+00	   5.0723486059980168e-11	   8.0000000000000000e+00	
   7.9699999999999998e+00	   3.5851212369456763e-11	   8.0000000000000000e+00	
   7.9800000000000004e+00	   2.2321132754510961e-11	   8.0000000000000000e+00	
   7.9900000000000002e+00	   1.0336802714756430e-11	   8.0000000000000000e+00	
   8.0000000000000000e+00	   7.6333312355124402e-14	   2.0000000000000000e+00	
