   5.0000000000000000e-01	   1.3500000000014651e+02	   8.0000000000000000e+00	
   5.1000000000000001e-01	   4.5207833986421875e+01	   1.0000000000000000e+00	
   5.2000000000000002e-01	   4.5362449627575238e+01	   1.0000000000000000e+00	
   5.3000000000000003e-01	   4.5475346839945551e+01	   1.0000000000000000e+00	
   5.4000000000000004e-01	   4.5546988864283030e+01	   1.0000000000000000e+00	
   5.5000000000000004e-01	   4.5578096765752115e+01	   1.0000000000000000e+00	
   5.6000000000000005e-01	   4.9172714332195120e+01	   1.0000000000000000e+00	
   5.7000000000000006e-01	   4.9170508355149799e+01	   1.0000000000000000e+00	
   5.7999999999999996e-01	   4.9131720972528605e+01	   1.0000000000000000e+00	
   5.8999999999999997e-01	   4.9056946251191945e+01	   1.0000000000000000e+00	
   5.9999999999999998e-01	   4.8947010058292221e+01	   1.0000000000000000e+00	
   6.0999999999999999e-01	   4.8802942587105292e+01	   1.0000000000000000e+00	
   6.2000000000000000e-01	   5.2337026265544708e+01	   1.0000000000000000e+00	
   6.3000000000000000e-01	   5.2156346858490146e+01	   1.0000000000000000e+00	
   6.4000000000000001e-01	   5.1945615309599383e+01	   1.0000000000000000e+00	
   6.5000000000000002e-01	   5.1705883809043470e+01	   1.0000000000000000e+00	
   6.6000000000000003e-01	   5.1438374335966813e+01	   1.0000000000000000e+00	
   6.7000000000000004e-01	   5.4884830855626575e+01	   1.0000000000000000e+00	
   6.7999999999999994e-01	   5.4580516691646842e+01	   1.0000000000000000e+00	
   6.8999999999999995e-01	   5.4252920943080625e+01	   1.0000000000000000e+00	
   6.9999999999999996e-01	   5.3903278455917622e+01	   1.0000000000000000e+00	
   7.0999999999999996e-01	   5.3532938741930764e+01	   1.0000000000000000e+00	
   7.1999999999999997e-01	   5.3143343656368067e+01	   1.0000000000000000e+00	
   7.2999999999999998e-01	   5.6480131118959285e+01	   1.0000000000000000e+00	
   7.3999999999999999e-01	   5.6060803984884977e+01	   1.0000000000000000e+00	
   7.5000000000000000e-01	   5.5626522449273573e+01	   1.0000000000000000e+00	
   7.6000000000000001e-01	   5.5178586286499417e+01	   1.0000000000000000e+00	
   7.7000000000000002e-01	   5.4718329004031304e+01	   1.0000000000000000e+00	
   7.8000000000000003e-01	   5.7956590366741452e+01	   1.0000000000000000e+00	
   7.9000000000000004e-01	   5.7471778175398782e+01	   1.0000000000000000e+00	
   8.0000000000000004e-01	   5.6978280380683429e+01	   1.0000000000000000e+00	
   8.1000000000000005e-01	   5.6477163745553916e+01	   1.0000000000000000e+00	
   8.2000000000000006e-01	   5.5969485930626405e+01	   1.0000000000000000e+00	
   8.3000000000000007e-01	   5.5456284483738109e+01	   1.0000000000000000e+00	
   8.4000000000000008e-01	   5.8581728691808053e+01	   1.0000000000000000e+00	
   8.5000000000000009e-01	   5.8049588374874375e+01	   1.0000000000000000e+00	
   8.5999999999999999e-01	   5.7514176769750549e+01	   1.0000000000000000e+00	
   8.7000000000000000e-01	   5.6976201188735118e+01	   1.0000000000000000e+00	
   8.8000000000000000e-01	   5.6436336554949563e+01	   1.0000000000000000e+00	
   8.9000000000000001e-01	   5.9458354796908672e+01	   1.0000000000000000e+00	
   9.0000000000000002e-01	   5.8900501624362533e+01	   1.0000000000000000e+00	
   9.1000000000000003e-01	   5.8341877485994011e+01	   1.0000000000000000e+00	
   9.1999999999999993e-01	   5.7782864344702723e+01	   1.0000000000000000e+00	
   9.2999999999999994e-01	   5.7223817201246348e+01	   1.0000000000000000e+00	
   9.3999999999999995e-01	   5.6665062929590768e+01	   1.0000000000000000e+00	
   9.4999999999999996e-01	   5.9553832984486675e+01	   1.0000000000000000e+00	
   9.5999999999999996e-01	   5.8975561881394157e+01	   1.0000000000000000e+00	
   9.6999999999999997e-01	   5.8397589588191593e+01	   1.0000000000000000e+00	
   9.7999999999999998e-01	   5.7820043148255508e+01	   1.0000000000000000e+00	
   9.8999999999999999e-01	   5.7243035724598066e+01	   1.0000000000000000e+00	
   1.0000000000000000e+00	   5.6666666666666664e+01	   1.0000000000000000e+00	
   1.0100000000000000e+00	   3.3449960893809194e-02	   1.0000000000000000e+00	
   1.0200000000000000e+00	   6.9138670922422193e-02	   1.0000000000000000e+00	
   1.0300000000000000e+00	   1.0637030628180884e-01	   1.0000000000000000e+00	
   1.0400000000000000e+00	   1.4448530802150172e-01	   1.0000000000000000e+00	
   1.0500000000000000e+00	   1.8286352201932460e-01	   1.0000000000000000e+00	
   1.0600000000000001e+00	   2.2264709995722065e-01	   1.0000000000000000e+00	
   1.0700000000000001e+00	   2.6416167624882325e-01	   1.0000000000000000e+00	
   1.0800000000000001e+00	   3.0518061792283829e-01	   1.0000000000000000e+00	
   1.0899999999999999e+00	   3.4514189216958396e-01	   1.0000000000000000e+00	
   1.1000000000000001e+00	   3.8353052205557431e-01	   1.0000000000000000e+00	
   1.1099999999999999e+00	   4.1987983220172931e-01	   1.0000000000000000e+00	
   1.1200000000000001e+00	   4.5948699961351569e-01	   1.0000000000000000e+00	
   1.1299999999999999e+00	   4.9712187575644146e-01	   1.0000000000000000e+00	
   1.1400000000000001e+00	   5.3208659744171083e-01	   1.0000000000000000e+00	
   1.1499999999999999e+00	   5.6400756896482940e-01	   1.0000000000000000e+00	
   1.1600000000000001e+00	   5.9256160223702470e-01	   1.0000000000000000e+00	
   1.1699999999999999e+00	   6.2049522261670143e-01	   1.0000000000000000e+00	
   1.1800000000000002e+00	   6.4908021533040783e-01	   1.0000000000000000e+00	
   1.1899999999999999e+00	   6.7390570939873240e-01	   1.0000000000000000e+00	
   1.2000000000000002e+00	   6.9475387157252433e-01	   1.0000000000000000e+00	
   1.2100000000000000e+00	   7.1145556032785651e-01	   1.0000000000000000e+00	
   1.2200000000000000e+00	   7.2388925041217111e-01	   1.0000000000000000e+00	
   1.2300000000000000e+00	   7.3904052722397273e-01	   1.0000000000000000e+00	
   1.2400000000000000e+00	   7.5100065389607806e-01	   1.0000000000000000e+00	
   1.2500000000000000e+00	   7.5864620360058044e-01	   1.0000000000000000e+00	
   1.2600000000000000e+00	   7.6195309122912558e-01	   1.0000000000000000e+00	
   1.2700000000000000e+00	   7.6093887388406212e-01	   1.0000000000000000e+00	
   1.2800000000000000e+00	   7.5832223700790924e-01	   1.0000000000000000e+00	
   1.2900000000000000e+00	   7.5726406571299432e-01	   1.0000000000000000e+00	
   1.3000000000000000e+00	   7.5210689840283163e-01	   1.0000000000000000e+00	
   1.3100000000000001e+00	   7.4294564499116800e-01	   1.0000000000000000e+00	
   1.3200000000000001e+00	   7.2990819628303205e-01	   1.0000000000000000e+00	
   1.3300000000000001e+00	   7.1315290109620533e-01	   1.0000000000000000e+00	
   1.3399999999999999e+00	   6.9918251432238765e-01	   1.0000000000000000e+00	
   1.3500000000000001e+00	   6.8373604045314174e-01	   1.0000000000000000e+00	
   1.3599999999999999e+00	   6.6500712677966933e-01	   1.0000000000000000e+00	
   1.3700000000000001e+00	   6.4319430822214152e-01	   1.0000000000000000e+00	
   1.3799999999999999e+00	   6.1851635814050454e-01	   1.0000000000000000e+00	
   1.3900000000000001e+00	   5.9284794909742655e-01	   1.0000000000000000e+00	
   1.3999999999999999e+00	   5.7098342511139588e-01	   1.0000000000000000e+00	
   1.4100000000000001e+00	   5.4675988829382227e-01	   1.0000000000000000e+00	
   1.4199999999999999e+00	   5.2040358133374054e-01	   1.0000000000000000e+00	
   1.4300000000000002e+00	   4.9215127092510719e-01	   1.0000000000000000e+00	
   1.4399999999999999e+00	   4.6224780775029622e-01	   1.0000000000000000e+00	
   1.4500000000000002e+00	   4.3569156672594173e-01	   1.0000000000000000e+00	
   1.4600000000000000e+00	   4.1030666379920544e-01	   1.0000000000000000e+00	
   1.4700000000000000e+00	   3.8371378853021720e-01	   1.0000000000000000e+00	
   1.4800000000000000e+00	   3.5613132958217708e-01	   1.0000000000000000e+00	
   1.4900000000000000e+00	   3.2777840636117456e-01	   1.0000000000000000e+00	
   1.5000000000000000e+00	   1.9991250922737814e+02	   1.0000000000000000e+00	
   1.5100000000000000e+00	   3.1386985789993188e-01	   1.0000000000000000e+00	
   1.5200000000000000e+00	   3.2657833949952919e-01	   1.0000000000000000e+00	
   1.5300000000000000e+00	   3.3696383073064784e-01	   1.0000000000000000e+00	
   1.5400000000000000e+00	   3.4504034289799512e-01	   1.0000000000000000e+00	
   1.5500000000000000e+00	   3.5083963930706358e-01	   1.0000000000000000e+00	
   1.5600000000000001e+00	   3.5644938750048283e-01	   1.0000000000000000e+00	
   1.5700000000000001e+00	   3.6336619151486582e-01	   1.0000000000000000e+00	
   1.5800000000000001e+00	   3.6785755775386442e-01	   1.0000000000000000e+00	
   1.5900000000000001e+00	   3.6999511662322587e-01	   1.0000000000000000e+00	
   1.6000000000000001e+00	   3.6986649015161216e-01	   1.0000000000000000e+00	
   1.6100000000000001e+00	   3.6757401782442894e-01	   1.0000000000000000e+00	
   1.6200000000000001e+00	   3.6707510978843622e-01	   1.0000000000000000e+00	
   1.6300000000000001e+00	   3.6528201384430392e-01	   1.0000000000000000e+00	
   1.6400000000000001e+00	   3.6135861747676995e-01	   1.0000000000000000e+00	
   1.6500000000000001e+00	   3.5543920838745813e-01	   1.0000000000000000e+00	
   1.6599999999999999e+00	   3.4766882103928226e-01	   1.0000000000000000e+00	
   1.6699999999999999e+00	   3.3921334004398795e-01	   1.0000000000000000e+00	
   1.6799999999999999e+00	   3.3197671630852738e-01	   1.0000000000000000e+00	
   1.6899999999999999e+00	   3.2304441857125649e-01	   1.0000000000000000e+00	
   1.7000000000000000e+00	   3.1258008555707789e-01	   1.0000000000000000e+00	
   1.7100000000000000e+00	   3.0075306860929157e-01	   1.0000000000000000e+00	
   1.7200000000000000e+00	   2.8773677304168965e-01	   1.0000000000000000e+00	
   1.7300000000000000e+00	   2.7584854902245370e-01	   1.0000000000000000e+00	
   1.7400000000000000e+00	   2.6375699283789195e-01	   1.0000000000000000e+00	
   1.7500000000000000e+00	   2.4825853252934599e-01	   2.0000000000000000e+00	
   1.7600000000000000e+00	   2.3081209715669954e-01	   2.0000000000000000e+00	
   1.7700000000000000e+00	   2.1331860199434999e-01	   2.0000000000000000e+00	
   1.7800000000000000e+00	   1.9653340604763161e-01	   2.0000000000000000e+00	
   1.7900000000000000e+00	   1.8137652323518511e-01	   2.0000000000000000e+00	
   1.8000000000000000e+00	   1.6630143199357944e-01	   2.0000000000000000e+00	
   1.8100000000000001e+00	   1.5144446137504128e-01	   2.0000000000000000e+00	
   1.8200000000000001e+00	   1.3692862619252349e-01	   2.0000000000000000e+00	
   1.8300000000000001e+00	   1.2286358162065851e-01	   2.0000000000000000e+00	
   1.8400000000000001e+00	   1.1025381801787716e-01	   2.0000000000000000e+00	
   1.8500000000000001e+00	   9.8462811317865884e-02	   2.0000000000000000e+00	
   1.8600000000000001e+00	   8.7140728339728232e-02	   2.0000000000000000e+00	
   1.8700000000000001e+00	   7.6361306697702608e-02	   2.0000000000000000e+00	
   1.8800000000000001e+00	   6.6186761535426783e-02	   2.0000000000000000e+00	
   1.8900000000000001e+00	   5.6761573891539414e-02	   2.0000000000000000e+00	
   1.9000000000000001e+00	   4.8594824640907537e-02	   2.0000000000000000e+00	
   1.9099999999999999e+00	   4.0977484078647146e-02	   2.0000000000000000e+00	
   1.9199999999999999e+00	   3.3943475268992433e-02	   2.0000000000000000e+00	
   1.9299999999999999e+00	   2.7517757557365369e-02	   2.0000000000000000e+00	
   1.9399999999999999e+00	   2.1716755610218057e-02	   2.0000000000000000e+00	
   1.9500000000000000e+00	   1.6703617512556418e-02	   2.0000000000000000e+00	
   1.9600000000000000e+00	   1.2349354504688520e-02	   2.0000000000000000e+00	
   1.9700000000000000e+00	   8.5047204634893254e-03	   2.0000000000000000e+00	
   1.9800000000000000e+00	   5.1696994371667219e-03	   2.0000000000000000e+00	
   1.9900000000000000e+00	   2.3384948397128019e-03	   2.0000000000000000e+00	
   2.0000000000000000e+00	   1.2722218725854067e-14	   1.0000000000000000e+00	
   2.0099999999999998e+00	   9.0279656421198614e-05	   3.0000000000000000e+00	
   2.0200000000000000e+00	   1.7797331971758961e-04	   3.0000000000000000e+00	
   2.0300000000000002e+00	   2.6067283421613030e-04	   3.0000000000000000e+00	
   2.0400000000000000e+00	   3.3639801430021727e-04	   3.0000000000000000e+00	
   2.0499999999999998e+00	   4.0357681248716424e-04	   3.0000000000000000e+00	
   2.0600000000000001e+00	   4.6413899416068141e-04	   3.0000000000000000e+00	
   2.0700000000000003e+00	   5.1918342768121802e-04	   3.0000000000000000e+00	
   2.0800000000000001e+00	   5.6372979745648324e-04	   3.0000000000000000e+00	
   2.0899999999999999e+00	   5.9710406706910721e-04	   3.0000000000000000e+00	
   2.1000000000000001e+00	   6.1896661585970349e-04	   3.0000000000000000e+00	
   2.1100000000000003e+00	   6.2928222919756110e-04	   3.0000000000000000e+00	
   2.1200000000000001e+00	   6.3530161289551354e-04	   3.0000000000000000e+00	
   2.1299999999999999e+00	   6.3115635870306130e-04	   3.0000000000000000e+00	
   2.1400000000000001e+00	   6.1597644985575005e-04	   3.0000000000000000e+00	
   2.1500000000000004e+00	   5.9038235348994952e-04	   3.0000000000000000e+00	
   2.1600000000000001e+00	   5.5519070723539492e-04	   3.0000000000000000e+00	
   2.1699999999999999e+00	   5.1298366923128124e-04	   3.0000000000000000e+00	
   2.1799999999999997e+00	   4.6680938437262801e-04	   3.0000000000000000e+00	
   2.1899999999999999e+00	   4.1293369298372659e-04	   3.0000000000000000e+00	
   2.2000000000000002e+00	   3.5253331828929659e-04	   3.0000000000000000e+00	
   2.2100000000000000e+00	   2.8687067395467451e-04	   3.0000000000000000e+00	
   2.2199999999999998e+00	   2.1726568176328107e-04	   3.0000000000000000e+00	
   2.2300000000000000e+00	   1.4589680910908842e-04	   3.0000000000000000e+00	
   2.2400000000000002e+00	   7.2630570707448057e-05	   3.0000000000000000e+00	
   2.2500000000000000e+00	   2.6858962302407522e-06	   3.0000000000000000e+00	
   2.2599999999999998e+00	   7.7182482606474458e-05	   3.0000000000000000e+00	
   2.2700000000000000e+00	   1.5112524778707805e-04	   3.0000000000000000e+00	
   2.2800000000000002e+00	   2.2370512858240133e-04	   3.0000000000000000e+00	
   2.2900000000000000e+00	   2.9529965238035748e-04	   3.0000000000000000e+00	
   2.2999999999999998e+00	   3.6387241958215309e-04	   3.0000000000000000e+00	
   2.3100000000000001e+00	   4.2834722166372246e-04	   3.0000000000000000e+00	
   2.3200000000000003e+00	   4.8773185272302520e-04	   3.0000000000000000e+00	
   2.3300000000000001e+00	   5.4112976477534288e-04	   3.0000000000000000e+00	
   2.3399999999999999e+00	   5.9277430952297194e-04	   3.0000000000000000e+00	
   2.3500000000000001e+00	   6.4009291252497278e-04	   3.0000000000000000e+00	
   2.3600000000000003e+00	   6.8063317895265482e-04	   3.0000000000000000e+00	
   2.3700000000000001e+00	   7.1382302842762856e-04	   3.0000000000000000e+00	
   2.3799999999999999e+00	   7.3920175852028346e-04	   3.0000000000000000e+00	
   2.3900000000000001e+00	   7.5779298954758230e-04	   3.0000000000000000e+00	
   2.4000000000000004e+00	   7.7738106623192430e-04	   3.0000000000000000e+00	
   2.4100000000000001e+00	   7.8941212322539275e-04	   3.0000000000000000e+00	
   2.4199999999999999e+00	   7.9372856508674297e-04	   3.0000000000000000e+00	
   2.4299999999999997e+00	   7.9027447312284287e-04	   3.0000000000000000e+00	
   2.4399999999999999e+00	   7.7909325137109735e-04	   3.0000000000000000e+00	
   2.4500000000000002e+00	   7.6759865409569707e-04	   3.0000000000000000e+00	
   2.4600000000000000e+00	   7.5482736184741283e-04	   3.0000000000000000e+00	
   2.4699999999999998e+00	   7.3550098561051057e-04	   3.0000000000000000e+00	
   2.4800000000000000e+00	   7.0985261944018021e-04	   3.0000000000000000e+00	
   2.4900000000000002e+00	   6.7818664711393666e-04	   3.0000000000000000e+00	
   2.5000000000000000e+00	   1.7954608932363365e+02	   1.0000000000000000e+00	
   2.5100000000000002e+00	   6.9516872128872007e-04	   3.0000000000000000e+00	
   2.5200000000000000e+00	   7.4603809749632837e-04	   3.0000000000000000e+00	
   2.5300000000000002e+00	   7.9295702412200296e-04	   3.0000000000000000e+00	
   2.5400000000000000e+00	   8.3545810813402807e-04	   3.0000000000000000e+00	
   2.5499999999999998e+00	   8.7313477167683519e-04	   3.0000000000000000e+00	
   2.5600000000000001e+00	   9.1202980798602679e-04	   3.0000000000000000e+00	
   2.5699999999999998e+00	   9.5367189329840292e-04	   3.0000000000000000e+00	
   2.5800000000000001e+00	   9.8945032403002851e-04	   3.0000000000000000e+00	
   2.5899999999999999e+00	   1.0190865753180042e-03	   3.0000000000000000e+00	
   2.6000000000000001e+00	   1.0423769186787086e-03	   3.0000000000000000e+00	
   2.6099999999999999e+00	   1.0591926642642864e-03	   3.0000000000000000e+00	
   2.6200000000000001e+00	   1.0817329236235762e-03	   3.0000000000000000e+00	
   2.6299999999999999e+00	   1.0991640413132017e-03	   3.0000000000000000e+00	
   2.6400000000000001e+00	   1.1096368316203633e-03	   3.0000000000000000e+00	
   2.6499999999999999e+00	   1.1131977296001884e-03	   3.0000000000000000e+00	
   2.6600000000000001e+00	   1.1099669273708674e-03	   3.0000000000000000e+00	
   2.6699999999999999e+00	   1.1041059454611046e-03	   3.0000000000000000e+00	
   2.6800000000000002e+00	   1.1004408295335877e-03	   3.0000000000000000e+00	
   2.6899999999999999e+00	   1.0900695994390151e-03	   3.0000000000000000e+00	
   2.7000000000000002e+00	   1.0732771658561974e-03	   3.0000000000000000e+00	
   2.7100000000000000e+00	   1.0504094381644591e-03	   3.0000000000000000e+00	
   2.7200000000000002e+00	   1.0218677402165628e-03	   3.0000000000000000e+00	
   2.7300000000000000e+00	   9.9621961046322317e-04	   3.0000000000000000e+00	
   2.7400000000000002e+00	   9.6797669592126978e-04	   3.0000000000000000e+00	
   2.7500000000000000e+00	   9.3468883547828739e-04	   3.0000000000000000e+00	
   2.7600000000000002e+00	   8.9685823457103582e-04	   3.0000000000000000e+00	
   2.7700000000000000e+00	   8.5502071328259245e-04	   3.0000000000000000e+00	
   2.7800000000000002e+00	   8.1131359797234680e-04	   3.0000000000000000e+00	
   2.7900000000000000e+00	   7.7164082844470030e-04	   3.0000000000000000e+00	
   2.8000000000000003e+00	   7.2882083441309713e-04	   3.0000000000000000e+00	
   2.8100000000000001e+00	   6.8341801818064816e-04	   3.0000000000000000e+00	
   2.8199999999999998e+00	   6.2784821869132793e-04	   4.0000000000000000e+00	
   2.8300000000000001e+00	   5.4680315547082686e-04	   4.0000000000000000e+00	
   2.8399999999999999e+00	   4.7575421027021053e-04	   4.0000000000000000e+00	
   2.8500000000000001e+00	   4.1180079734451770e-04	   4.0000000000000000e+00	
   2.8599999999999999e+00	   3.5294928030148035e-04	   4.0000000000000000e+00	
   2.8700000000000001e+00	   2.9927273257573841e-04	   4.0000000000000000e+00	
   2.8799999999999999e+00	   2.5076570515195605e-04	   4.0000000000000000e+00	
   2.8900000000000001e+00	   2.0764548848797222e-04	   4.0000000000000000e+00	
   2.8999999999999999e+00	   1.7150811797526965e-04	   4.0000000000000000e+00	
   2.9100000000000001e+00	   1.3937056562698859e-04	   4.0000000000000000e+00	
   2.9199999999999999e+00	   1.1111639374074006e-04	   4.0000000000000000e+00	
   2.9300000000000002e+00	   8.6586791788891167e-05	   4.0000000000000000e+00	
   2.9399999999999999e+00	   6.5587543817983721e-05	   4.0000000000000000e+00	
   2.9500000000000002e+00	   4.8336685012735391e-05	   4.0000000000000000e+00	
   2.9600000000000000e+00	   3.4187485086383019e-05	   4.0000000000000000e+00	
   2.9700000000000002e+00	   2.2480980371969923e-05	   4.0000000000000000e+00	
   2.9800000000000000e+00	   1.3021000414297312e-05	   4.0000000000000000e+00	
   2.9900000000000002e+00	   5.5993000431236788e-06	   4.0000000000000000e+00	
   3.0000000000000000e+00	   2.5444437451708134e-14	   1.0000000000000000e+00	
   3.0100000000000002e+00	   1.5298369420644392e-07	   4.0000000000000000e+00	
   3.0200000000000000e+00	   3.2521880881658424e-07	   5.0000000000000000e+00	
   3.0300000000000002e+00	   4.4020327760500754e-07	   5.0000000000000000e+00	
   3.0400000000000000e+00	   5.1971109522659136e-07	   5.0000000000000000e+00	
   3.0500000000000003e+00	   5.6304746951116986e-07	   5.0000000000000000e+00	
   3.0600000000000001e+00	   5.7448120100779753e-07	   5.0000000000000000e+00	
   3.0699999999999998e+00	   5.5690582478237317e-07	   5.0000000000000000e+00	
   3.0800000000000001e+00	   5.0612744234859094e-07	   5.0000000000000000e+00	
   3.0899999999999999e+00	   4.2473239171788590e-07	   5.0000000000000000e+00	
   3.1000000000000001e+00	   3.1613934933961335e-07	   5.0000000000000000e+00	
   3.1099999999999999e+00	   1.8439339554653348e-07	   5.0000000000000000e+00	
   3.1200000000000001e+00	   3.3975512051610468e-08	   5.0000000000000000e+00	
   3.1299999999999999e+00	   1.3447545493183696e-07	   5.0000000000000000e+00	
   3.1400000000000001e+00	   3.1590760140330320e-07	   5.0000000000000000e+00	
   3.1499999999999999e+00	   5.0597485205719309e-07	   5.0000000000000000e+00	
   3.1600000000000001e+00	   6.9983025783667450e-07	   5.0000000000000000e+00	
   3.1699999999999999e+00	   8.9733267844720293e-07	   5.0000000000000000e+00	
   3.1800000000000002e+00	   1.0981341866510637e-06	   5.0000000000000000e+00	
   3.1899999999999999e+00	   1.2933046500135806e-06	   5.0000000000000000e+00	
   3.2000000000000002e+00	   1.4786941062308173e-06	   5.0000000000000000e+00	
   3.2100000000000000e+00	   1.6505380635040126e-06	   5.0000000000000000e+00	
   3.2200000000000002e+00	   1.8055214042442392e-06	   5.0000000000000000e+00	
   3.2300000000000000e+00	   1.9587087112002813e-06	   5.0000000000000000e+00	
   3.2400000000000002e+00	   2.0959406002079178e-06	   5.0000000000000000e+00	
   3.2500000000000000e+00	   2.2116074888087960e-06	   5.0000000000000000e+00	
   3.2600000000000002e+00	   2.3039275030481725e-06	   5.0000000000000000e+00	
   3.2700000000000000e+00	   2.3716551122683488e-06	   5.0000000000000000e+00	
   3.2800000000000002e+00	   2.4211184371190956e-06	   5.0000000000000000e+00	
   3.2900000000000000e+00	   2.4655175810282664e-06	   5.0000000000000000e+00	
   3.3000000000000003e+00	   2.4853815444580660e-06	   5.0000000000000000e+00	
   3.3100000000000001e+00	   2.4809032216888152e-06	   5.0000000000000000e+00	
   3.3199999999999998e+00	   2.4527258099326381e-06	   5.0000000000000000e+00	
   3.3300000000000001e+00	   2.4019091463427097e-06	   5.0000000000000000e+00	
   3.3399999999999999e+00	   2.3493988628293395e-06	   5.0000000000000000e+00	
   3.3500000000000001e+00	   2.2852257524656360e-06	   5.0000000000000000e+00	
   3.3599999999999999e+00	   2.2025012299780789e-06	   5.0000000000000000e+00	
   3.3700000000000001e+00	   2.1030627908616817e-06	   5.0000000000000000e+00	
   3.3799999999999999e+00	   1.9889784063258940e-06	   5.0000000000000000e+00	
   3.3900000000000001e+00	   1.8659398443620379e-06	   5.0000000000000000e+00	
   3.3999999999999999e+00	   1.7534757616031748e-06	   5.0000000000000000e+00	
   3.4100000000000001e+00	   1.6313886180445132e-06	   5.0000000000000000e+00	
   3.4199999999999999e+00	   1.5018766095263809e-06	   5.0000000000000000e+00	
   3.4300000000000002e+00	   1.3671878665976051e-06	   5.0000000000000000e+00	
   3.4399999999999999e+00	   1.2295798451933385e-06	   5.0000000000000000e+00	
   3.4500000000000002e+00	   1.1018758547894310e-06	   5.0000000000000000e+00	
   3.4600000000000000e+00	   9.8141440722843388e-07	   5.0000000000000000e+00	
   3.4700000000000002e+00	   8.6165637114078923e-07	   5.0000000000000000e+00	
   3.4800000000000000e+00	   7.4440813619672488e-07	   5.0000000000000000e+00	
   3.4900000000000002e+00	   6.3137234873386878e-07	   5.0000000000000000e+00	
   3.5000000000000000e+00	   1.8000025228067318e+02	   3.0000000000000000e+00	
   3.5100000000000002e+00	   4.9237654954432984e-07	   5.0000000000000000e+00	
   3.5200000000000000e+00	   4.4938207852689932e-07	   5.0000000000000000e+00	
   3.5300000000000002e+00	   3.9622908124571769e-07	   5.0000000000000000e+00	
   3.5400000000000000e+00	   3.3414142241999347e-07	   5.0000000000000000e+00	
   3.5500000000000003e+00	   2.6445268318322684e-07	   5.0000000000000000e+00	
   3.5600000000000001e+00	   1.8957253445651632e-07	   5.0000000000000000e+00	
   3.5700000000000003e+00	   1.1003398631560025e-07	   5.0000000000000000e+00	
   3.5800000000000001e+00	   2.4665010721468683e-08	   5.0000000000000000e+00	
   3.5899999999999999e+00	   6.4876776281430655e-08	   5.0000000000000000e+00	
   3.6000000000000001e+00	   1.5691649459783908e-07	   5.0000000000000000e+00	
   3.6099999999999999e+00	   2.5007017038588327e-07	   5.0000000000000000e+00	
   3.6200000000000001e+00	   3.4655610059147812e-07	   5.0000000000000000e+00	
   3.6299999999999999e+00	   4.4283907324173938e-07	   5.0000000000000000e+00	
   3.6400000000000001e+00	   5.3722635896853604e-07	   5.0000000000000000e+00	
   3.6499999999999999e+00	   6.2810626893702071e-07	   5.0000000000000000e+00	
   3.6600000000000001e+00	   7.1397174183914744e-07	   5.0000000000000000e+00	
   3.6699999999999999e+00	   7.9747113650263983e-07	   5.0000000000000000e+00	
   3.6800000000000002e+00	   8.7966463358057952e-07	   5.0000000000000000e+00	
   3.6899999999999999e+00	   9.5445714530359694e-07	   5.0000000000000000e+00	
   3.7000000000000002e+00	   1.0206750724386697e-06	   5.0000000000000000e+00	
   3.7100000000000000e+00	   1.0773175453164160e-06	   5.0000000000000000e+00	
   3.7200000000000002e+00	   1.1235680392167919e-06	   5.0000000000000000e+00	
   3.7300000000000000e+00	   1.1698960623180830e-06	   5.0000000000000000e+00	
   3.7400000000000002e+00	   1.2071084503134564e-06	   5.0000000000000000e+00	
   3.7500000000000000e+00	   1.2330148696937565e-06	   5.0000000000000000e+00	
   3.7600000000000002e+00	   1.2473129387643073e-06	   5.0000000000000000e+00	
   3.7700000000000000e+00	   1.2499006126087086e-06	   5.0000000000000000e+00	
   3.7800000000000002e+00	   1.2450840314879750e-06	   5.0000000000000000e+00	
   3.7900000000000000e+00	   1.2384699789723405e-06	   5.0000000000000000e+00	
   3.8000000000000003e+00	   1.2207153466850690e-06	   5.0000000000000000e+00	
   3.8100000000000001e+00	   1.1922126405182902e-06	   5.0000000000000000e+00	
   3.8200000000000003e+00	   1.1535289152050531e-06	   5.0000000000000000e+00	
   3.8300000000000001e+00	   1.1053948077667835e-06	   5.0000000000000000e+00	
   3.8399999999999999e+00	   1.0581445128633989e-06	   5.0000000000000000e+00	
   3.8500000000000001e+00	   1.0056987437211875e-06	   5.0000000000000000e+00	
   3.8599999999999999e+00	   9.4573580992264947e-07	   5.0000000000000000e+00	
   3.8700000000000001e+00	   8.7928696179548381e-07	   5.0000000000000000e+00	
   3.8799999999999999e+00	   8.0748597802810112e-07	   5.0000000000000000e+00	
   3.8900000000000001e+00	   7.2257199986448092e-07	   6.0000000000000000e+00	
   3.8999999999999999e+00	   5.8189093924920307e-07	   6.0000000000000000e+00	
   3.9100000000000001e+00	   4.6070675516460892e-07	   6.0000000000000000e+00	
   3.9199999999999999e+00	   3.5760382088863525e-07	   6.0000000000000000e+00	
   3.9300000000000002e+00	   2.7107658905726449e-07	   6.0000000000000000e+00	
   3.9399999999999999e+00	   1.9956839443163860e-07	   6.0000000000000000e+00	
   3.9500000000000002e+00	   1.4281253477949808e-07	   6.0000000000000000e+00	
   3.9600000000000000e+00	   9.7970708547542423e-08	   6.0000000000000000e+00	
   3.9700000000000002e+00	   6.2411579236703183e-08	   6.0000000000000000e+00	
   3.9800000000000000e+00	   3.4973207527420035e-08	   6.0000000000000000e+00	
   3.9900000000000002e+00	   1.4528245812848221e-08	   6.0000000000000000e+00	
   4.0000000000000000e+00	   4.4527765540489235e-14	   2.0000000000000000e+00	
   4.0099999999999998e+00	   5.4691546080574045e-10	   7.0000000000000000e+00	
   4.0199999999999996e+00	   9.9912036430686032e-10	   7.0000000000000000e+00	
   4.0300000000000002e+00	   1.3498592123599311e-09	   7.0000000000000000e+00	
   4.0400000000000000e+00	   1.5981587552324251e-09	   7.0000000000000000e+00	
   4.0500000000000007e+00	   1.7478865474170016e-09	   7.0000000000000000e+00	
   4.0600000000000005e+00	   1.8179796114870944e-09	   7.0000000000000000e+00	
   4.0700000000000003e+00	   1.8227122768531122e-09	   7.0000000000000000e+00	
   4.0800000000000001e+00	   1.7533634625784818e-09	   7.0000000000000000e+00	
   4.0899999999999999e+00	   1.6210269433921477e-09	   7.0000000000000000e+00	
   4.0999999999999996e+00	   1.4379414937083817e-09	   7.0000000000000000e+00	
   4.1099999999999994e+00	   1.2169947210964741e-09	   7.0000000000000000e+00	
   4.1200000000000001e+00	   9.7992889735890951e-10	   7.0000000000000000e+00	
   4.1299999999999999e+00	   7.2708752240128581e-10	   7.0000000000000000e+00	
   4.1400000000000006e+00	   4.6609120524038963e-10	   7.0000000000000000e+00	
   4.1500000000000004e+00	   2.0798283173026229e-10	   7.0000000000000000e+00	
   4.1600000000000001e+00	   4.0342155579683246e-11	   7.0000000000000000e+00	
   4.1699999999999999e+00	   2.6583076027672074e-10	   7.0000000000000000e+00	
   4.1799999999999997e+00	   4.6827942686123649e-10	   7.0000000000000000e+00	
   4.1899999999999995e+00	   6.4081815722126937e-10	   7.0000000000000000e+00	
   4.2000000000000002e+00	   7.7859978602226894e-10	   7.0000000000000000e+00	
   4.2100000000000000e+00	   8.7813842533335114e-10	   7.0000000000000000e+00	
   4.2200000000000006e+00	   9.3844174209389937e-10	   7.0000000000000000e+00	
   4.2300000000000004e+00	   9.6797001175660671e-10	   7.0000000000000000e+00	
   4.2400000000000002e+00	   9.5788129230700442e-10	   7.0000000000000000e+00	
   4.2500000000000000e+00	   9.0929513899296769e-10	   7.0000000000000000e+00	
   4.2599999999999998e+00	   8.2455244006005375e-10	   7.0000000000000000e+00	
   4.2699999999999996e+00	   7.0707547234551735e-10	   7.0000000000000000e+00	
   4.2799999999999994e+00	   5.6550262236421325e-10	   7.0000000000000000e+00	
   4.2900000000000000e+00	   4.0030461220899820e-10	   7.0000000000000000e+00	
   4.2999999999999998e+00	   2.1322438584531418e-10	   7.0000000000000000e+00	
   4.3100000000000005e+00	   1.3390135208961406e-11	   7.0000000000000000e+00	
   4.3200000000000003e+00	   2.0468777708026609e-10	   7.0000000000000000e+00	
   4.3300000000000001e+00	   4.2375166132074725e-10	   7.0000000000000000e+00	
   4.3399999999999999e+00	   6.4431676737087920e-10	   7.0000000000000000e+00	
   4.3499999999999996e+00	   8.6756626157216638e-10	   7.0000000000000000e+00	
   4.3599999999999994e+00	   1.0838694243491372e-09	   7.0000000000000000e+00	
   4.3700000000000001e+00	   1.2879592571492883e-09	   7.0000000000000000e+00	
   4.3799999999999999e+00	   1.4748995391069878e-09	   7.0000000000000000e+00	
   4.3900000000000006e+00	   1.6409117712606575e-09	   7.0000000000000000e+00	
   4.4000000000000004e+00	   1.8060716147596951e-09	   7.0000000000000000e+00	
   4.4100000000000001e+00	   1.9478098535844351e-09	   7.0000000000000000e+00	
   4.4199999999999999e+00	   1.8346966068928667e-09	   6.0000000000000000e+00	
   4.4299999999999997e+00	   1.4579026548892468e-10	   6.0000000000000000e+00	
   4.4399999999999995e+00	   1.4730293729542873e-09	   6.0000000000000000e+00	
   4.4499999999999993e+00	   2.2477107156089930e-09	   7.0000000000000000e+00	
   4.4600000000000000e+00	   2.2791791236273932e-09	   7.0000000000000000e+00	
   4.4699999999999998e+00	   2.2815581785291280e-09	   7.0000000000000000e+00	
   4.4800000000000004e+00	   2.2547524636737532e-09	   7.0000000000000000e+00	
   4.4900000000000002e+00	   2.1991818122792228e-09	   7.0000000000000000e+00	
   4.5000000000000000e+00	   1.8000000000789825e+02	   6.0000000000000000e+00	
   4.5099999999999998e+00	   2.3325806367291655e-09	   7.0000000000000000e+00	
   4.5199999999999996e+00	   2.5381844135576931e-09	   7.0000000000000000e+00	
   4.5299999999999994e+00	   2.7295265831945383e-09	   7.0000000000000000e+00	
   4.5400000000000000e+00	   2.9037001186608433e-09	   7.0000000000000000e+00	
   4.5499999999999998e+00	   3.0581987428676154e-09	   7.0000000000000000e+00	
   4.5600000000000005e+00	   3.2148028942735161e-09	   7.0000000000000000e+00	
   4.5700000000000003e+00	   3.3758025722491991e-09	   7.0000000000000000e+00	
   4.5800000000000001e+00	   3.5113323683357227e-09	   7.0000000000000000e+00	
   4.5899999999999999e+00	   3.6198274496298060e-09	   7.0000000000000000e+00	
   4.5999999999999996e+00	   3.7001173720086711e-09	   7.0000000000000000e+00	
   4.6099999999999994e+00	   3.7515787467547504e-09	   7.0000000000000000e+00	
   4.6200000000000001e+00	   3.8199733946249426e-09	   7.0000000000000000e+00	
   4.6299999999999999e+00	   3.8613842165775968e-09	   7.0000000000000000e+00	
   4.6400000000000006e+00	   3.8721599358383953e-09	   7.0000000000000000e+00	
   4.6500000000000004e+00	   3.8529366633436304e-09	   7.0000000000000000e+00	
   4.6600000000000001e+00	   3.8046303988415621e-09	   7.0000000000000000e+00	
   4.6699999999999999e+00	   3.7459300816404717e-09	   7.0000000000000000e+00	
   4.6799999999999997e+00	   3.6861865425038608e-09	   7.0000000000000000e+00	
   4.6899999999999995e+00	   3.5995355107620689e-09	   7.0000000000000000e+00	
   4.6999999999999993e+00	   3.4879489303176027e-09	   7.0000000000000000e+00	
   4.7100000000000000e+00	   3.3538567449471011e-09	   7.0000000000000000e+00	
   4.7199999999999998e+00	   3.1999942316766217e-09	   7.0000000000000000e+00	
   4.7300000000000004e+00	   3.0583832150391400e-09	   7.0000000000000000e+00	
   4.7400000000000002e+00	   2.9038209797387390e-09	   7.0000000000000000e+00	
   4.7500000000000000e+00	   2.7343864707478146e-09	   7.0000000000000000e+00	
   4.7599999999999998e+00	   2.5530821316856682e-09	   7.0000000000000000e+00	
   4.7699999999999996e+00	   2.3630121839214084e-09	   7.0000000000000000e+00	
   4.7799999999999994e+00	   2.1757665687142884e-09	   7.0000000000000000e+00	
   4.7900000000000000e+00	   1.9990040617372721e-09	   7.0000000000000000e+00	
   4.7999999999999998e+00	   1.8185648335484838e-09	   7.0000000000000000e+00	
   4.8100000000000005e+00	   1.6372732167050633e-09	   7.0000000000000000e+00	
   4.8200000000000003e+00	   1.4577627104832625e-09	   7.0000000000000000e+00	
   4.8300000000000001e+00	   1.2825395919720743e-09	   7.0000000000000000e+00	
   4.8399999999999999e+00	   1.1255983017699386e-09	   7.0000000000000000e+00	
   4.8499999999999996e+00	   9.7606134286624990e-10	   7.0000000000000000e+00	
   4.8599999999999994e+00	   8.3375060419884626e-10	   7.0000000000000000e+00	
   4.8700000000000001e+00	   7.0024364088973370e-10	   7.0000000000000000e+00	
   4.8799999999999999e+00	   5.7701623031111121e-10	   7.0000000000000000e+00	
   4.8900000000000006e+00	   4.6820309354888143e-10	   7.0000000000000000e+00	
   4.9000000000000004e+00	   3.7347345291617202e-10	   7.0000000000000000e+00	
   4.9100000000000001e+00	   2.8925236495101808e-10	   7.0000000000000000e+00	
   4.9199999999999999e+00	   2.1609960727735720e-10	   7.0000000000000000e+00	
   4.9299999999999997e+00	   1.5421873539480300e-10	   7.0000000000000000e+00	
   4.9399999999999995e+00	   1.0427766578646286e-10	   7.0000000000000000e+00	
   4.9499999999999993e+00	   6.5710259719036259e-11	   7.0000000000000000e+00	
   4.9600000000000000e+00	   3.6436434430846045e-11	   7.0000000000000000e+00	
   4.9699999999999998e+00	   1.6010912266487344e-11	   7.0000000000000000e+00	
   4.9800000000000004e+00	   5.9858039105143384e-12	   7.0000000000000000e+00	
   4.9900000000000002e+00	   1.6538884343610287e-12	   7.0000000000000000e+00	
   5.0000000000000000e+00	   3.8166656177562201e-14	   2.0000000000000000e+00	
   5.0099999999999998e+00	   3.3014157593591304e-12	   8.0000000000000000e+00	
   5.0199999999999996e+00	   7.1753313613816937e-12	   8.0000000000000000e+00	
   5.0299999999999994e+00	   1.1710802337148669e-11	   8.0000000000000000e+00	
   5.0400000000000000e+00	   1.6697912077683463e-11	   8.0000000000000000e+00	
   5.0499999999999998e+00	   2.2206632785978276e-11	   8.0000000000000000e+00	
   5.0600000000000005e+00	   2.8268770008847738e-11	   8.0000000000000000e+00	
   5.0700000000000003e+00	   3.5100601464631374e-11	   8.0000000000000000e+00	
   5.0800000000000001e+00	   4.2301377263464772e-11	   8.0000000000000000e+00	
   5.0899999999999999e+00	   4.9909264061525507e-11	   8.0000000000000000e+00	
   5.0999999999999996e+00	   5.7695261921748194e-11	   8.0000000000000000e+00	
   5.1099999999999994e+00	   6.5722981937762113e-11	   8.0000000000000000e+00	
   5.1200000000000001e+00	   7.4399535108794587e-11	   8.0000000000000000e+00	
   5.1299999999999999e+00	   8.3432310404150966e-11	   8.0000000000000000e+00	
   5.1400000000000006e+00	   9.2426919043329798e-11	   8.0000000000000000e+00	
   5.1500000000000004e+00	   1.0131974993270179e-10	   8.0000000000000000e+00	
   5.1600000000000001e+00	   1.0989452535392743e-10	   8.0000000000000000e+00	
   5.1699999999999999e+00	   1.1841841190024965e-10	   8.0000000000000000e+00	
   5.1799999999999997e+00	   1.2759113160159045e-10	   8.0000000000000000e+00	
   5.1899999999999995e+00	   1.3631857364752634e-10	   8.0000000000000000e+00	
   5.1999999999999993e+00	   1.4442262697589536e-10	   8.0000000000000000e+00	
   5.2100000000000000e+00	   1.5183968049306829e-10	   8.0000000000000000e+00	
   5.2199999999999998e+00	   1.5845523423051240e-10	   8.0000000000000000e+00	
   5.2300000000000004e+00	   1.6541428787355458e-10	   8.0000000000000000e+00	
   5.2400000000000002e+00	   1.7205528604845040e-10	   8.0000000000000000e+00	
   5.2500000000000000e+00	   1.7774211781890718e-10	   8.0000000000000000e+00	
   5.2599999999999998e+00	   1.8238572765384391e-10	   8.0000000000000000e+00	
   5.2699999999999996e+00	   1.8589706002217964e-10	   8.0000000000000000e+00	
   5.2799999999999994e+00	   1.8854328151715728e-10	   8.0000000000000000e+00	
   5.2900000000000000e+00	   1.9183833616715348e-10	   8.0000000000000000e+00	
   5.2999999999999998e+00	   1.9398839113182281e-10	   8.0000000000000000e+00	
   5.3100000000000005e+00	   1.9491711309881015e-10	   8.0000000000000000e+00	
   5.3200000000000003e+00	   1.9462450206811553e-10	   8.0000000000000000e+00	
   5.3300000000000001e+00	   1.9312328025846474e-10	   8.0000000000000000e+00	
   5.3399999999999999e+00	   1.9177472507352421e-10	   8.0000000000000000e+00	
   5.3499999999999996e+00	   1.9014628107661489e-10	   8.0000000000000000e+00	
   5.3599999999999994e+00	   1.8738555961310455e-10	   8.0000000000000000e+00	
   5.3700000000000001e+00	   1.8345439402681566e-10	   8.0000000000000000e+00	
   5.3799999999999999e+00	   1.7841639541137743e-10	   8.0000000000000000e+00	
   5.3900000000000006e+00	   1.7253873036003285e-10	   8.0000000000000000e+00	
   5.4000000000000004e+00	   1.6783150943146686e-10	   8.0000000000000000e+00	
   5.4100000000000001e+00	   1.6217012209846179e-10	   8.0000000000000000e+00	
   5.4199999999999999e+00	   1.5561817945464694e-10	   8.0000000000000000e+00	
   5.4299999999999997e+00	   1.4829018146855502e-10	   8.0000000000000000e+00	
   5.4399999999999995e+00	   1.4021157257763767e-10	   8.0000000000000000e+00	
   5.4499999999999993e+00	   1.3269910242002084e-10	   8.0000000000000000e+00	
   5.4600000000000000e+00	   1.2558738215226842e-10	   8.0000000000000000e+00	
   5.4699999999999998e+00	   1.1796677313548184e-10	   8.0000000000000000e+00	
   5.4800000000000004e+00	   1.0988816424456450e-10	   8.0000000000000000e+00	
   5.4900000000000002e+00	   1.0140244435441984e-10	   8.0000000000000000e+00	
   5.5000000000000000e+00	   1.7965832076749399e+02	   1.0000000000000000e+00	
   5.5099999999999998e+00	   4.7714681331315682e-11	   7.0000000000000000e+00	
   5.5199999999999996e+00	   1.7594828497856174e-11	   7.0000000000000000e+00	
   5.5299999999999994e+00	   1.5940940063495145e-11	   7.0000000000000000e+00	
   5.5400000000000000e+00	   5.2332846728800704e-11	   7.0000000000000000e+00	
   5.5499999999999998e+00	   9.0963863889856581e-11	   7.0000000000000000e+00	
   5.5600000000000005e+00	   1.0908030335547278e-10	   8.0000000000000000e+00	
   5.5700000000000003e+00	   1.1059424738384941e-10	   8.0000000000000000e+00	
   5.5800000000000001e+00	   1.1119219166396455e-10	   8.0000000000000000e+00	
   5.5899999999999999e+00	   1.1096319172689918e-10	   8.0000000000000000e+00	
   5.5999999999999996e+00	   1.0993269201010500e-10	   8.0000000000000000e+00	
   5.6099999999999994e+00	   1.0816430360721128e-10	   8.0000000000000000e+00	
   5.6200000000000001e+00	   1.0700658170315856e-10	   8.0000000000000000e+00	
   5.6299999999999999e+00	   1.0508552667555459e-10	   8.0000000000000000e+00	
   5.6400000000000006e+00	   1.0251563849293208e-10	   8.0000000000000000e+00	
   5.6500000000000004e+00	   9.9322361592742698e-11	   8.0000000000000000e+00	
   5.6600000000000001e+00	   9.5467529318808924e-11	   8.0000000000000000e+00	
   5.6699999999999999e+00	   9.1587252607423430e-11	   8.0000000000000000e+00	
   5.6799999999999997e+00	   8.7796031427118922e-11	   8.0000000000000000e+00	
   5.6899999999999995e+00	   8.3572254810135365e-11	   8.0000000000000000e+00	
   5.6999999999999993e+00	   7.8890478319021076e-11	   8.0000000000000000e+00	
   5.7100000000000000e+00	   7.3865201922308711e-11	   8.0000000000000000e+00	
   5.7199999999999998e+00	   6.8649092244708546e-11	   8.0000000000000000e+00	
   5.7300000000000004e+00	   6.3980037972320098e-11	   8.0000000000000000e+00	
   5.7400000000000002e+00	   5.9043817106688731e-11	   8.0000000000000000e+00	
   5.7500000000000000e+00	   5.3993096272524659e-11	   8.0000000000000000e+00	
   5.7599999999999998e+00	   4.8904208782183034e-11	   8.0000000000000000e+00	
   5.7699999999999996e+00	   4.3815321291841408e-11	   8.0000000000000000e+00	
   5.7799999999999994e+00	   3.9120822582001254e-11	   8.0000000000000000e+00	
   5.7900000000000000e+00	   3.4668046027952331e-11	   8.0000000000000000e+00	
   5.7999999999999998e+00	   3.0266158348806827e-11	   8.0000000000000000e+00	
   5.8100000000000005e+00	   2.6067826169274983e-11	   8.0000000000000000e+00	
   5.8200000000000003e+00	   2.2073049489356806e-11	   8.0000000000000000e+00	
   5.8300000000000001e+00	   1.8383606058859128e-11	   8.0000000000000000e+00	
   5.8399999999999999e+00	   1.5088551408862924e-11	   8.0000000000000000e+00	
   5.8499999999999996e+00	   1.2060663352109656e-11	   8.0000000000000000e+00	
   5.8599999999999994e+00	   9.3508307635027397e-12	   8.0000000000000000e+00	
   5.8700000000000001e+00	   6.8827203306870507e-12	   8.0000000000000000e+00	
   5.8799999999999999e+00	   4.8217208970986914e-12	   8.0000000000000000e+00	
   5.8900000000000006e+00	   3.0406102754791222e-12	   8.0000000000000000e+00	
   5.9000000000000004e+00	   1.6029995594576124e-12	   8.0000000000000000e+00	
   5.9100000000000001e+00	   5.4705540521172492e-13	   8.0000000000000000e+00	
   5.9199999999999999e+00	   6.8699981119611960e-13	   8.0000000000000000e+00	
   5.9299999999999997e+00	   1.1322774666010119e-12	   8.0000000000000000e+00	
   5.9399999999999995e+00	   1.4503329347473637e-12	   8.0000000000000000e+00	
   5.9500000000000002e+00	   1.6157217781834665e-12	   8.0000000000000000e+00	
   5.9600000000000000e+00	   1.5711940126429772e-12	   8.0000000000000000e+00	
   5.9699999999999998e+00	   1.3676385130293122e-12	   8.0000000000000000e+00	
   5.9800000000000004e+00	   9.9869416997954425e-13	   8.0000000000000000e+00	
   5.9900000000000002e+00	   5.1524985839708972e-13	   8.0000000000000000e+00	
   6.0000000000000000e+00	   5.0888874903416268e-14	   1.0000000000000000e+00	
   6.0099999999999998e+00	   2.4235826672751998e-12	   8.0000000000000000e+00	
   6.0199999999999996e+00	   5.1397763652450433e-12	   8.0000000000000000e+00	
   6.0300000000000002e+00	   8.0340811253768437e-12	   8.0000000000000000e+00	
   6.0400000000000000e+00	   1.1081052510218893e-11	   8.0000000000000000e+00	
   6.0499999999999998e+00	   1.4299773847859971e-11	   8.0000000000000000e+00	
   6.0600000000000005e+00	   1.7785661778743986e-11	   8.0000000000000000e+00	
   6.0700000000000003e+00	   2.1424216334338248e-11	   8.0000000000000000e+00	
   6.0800000000000001e+00	   2.5164548639739345e-11	   8.0000000000000000e+00	
   6.0899999999999999e+00	   2.8943047601318003e-11	   8.0000000000000000e+00	
   6.0999999999999996e+00	   3.2645213250541538e-11	   8.0000000000000000e+00	
   6.1099999999999994e+00	   3.6334656681039213e-11	   8.0000000000000000e+00	
   6.1200000000000001e+00	   4.0367600017134952e-11	   8.0000000000000000e+00	
   6.1299999999999999e+00	   4.4311487822149718e-11	   8.0000000000000000e+00	
   6.1399999999999997e+00	   4.8089986783728373e-11	   8.0000000000000000e+00	
   6.1500000000000004e+00	   5.1664930245693368e-11	   8.0000000000000000e+00	
   6.1600000000000001e+00	   5.4985429333141279e-11	   8.0000000000000000e+00	
   6.1699999999999999e+00	   5.8420428389121882e-11	   8.0000000000000000e+00	
   6.1799999999999997e+00	   6.1893594101280032e-11	   8.0000000000000000e+00	
   6.1899999999999995e+00	   6.4997815470388424e-11	   8.0000000000000000e+00	
   6.2000000000000002e+00	   6.7796703590076325e-11	   8.0000000000000000e+00	
   6.2100000000000000e+00	   7.0252091804166162e-11	   8.0000000000000000e+00	
   6.2199999999999998e+00	   7.2300369019028668e-11	   8.0000000000000000e+00	
   6.2300000000000004e+00	   7.4679423920763372e-11	   8.0000000000000000e+00	
   6.2400000000000002e+00	   7.6651367823270758e-11	   8.0000000000000000e+00	
   6.2500000000000000e+00	   7.8203478507824948e-11	   8.0000000000000000e+00	
   6.2599999999999998e+00	   7.9272144880796687e-11	   8.0000000000000000e+00	
   6.2699999999999996e+00	   7.9895533598363536e-11	   8.0000000000000000e+00	
   6.2800000000000002e+00	   8.0429866784849413e-11	   8.0000000000000000e+00	
   6.2900000000000000e+00	   8.0989644408786995e-11	   8.0000000000000000e+00	
   6.2999999999999998e+00	   8.1078699939867968e-11	   8.0000000000000000e+00	
   6.3100000000000005e+00	   8.0722477815544051e-11	   8.0000000000000000e+00	
   6.3200000000000003e+00	   7.9844644723460123e-11	   8.0000000000000000e+00	
   6.3300000000000001e+00	   7.8559700632148865e-11	   8.0000000000000000e+00	
   6.3399999999999999e+00	   7.7529200915354686e-11	   8.0000000000000000e+00	
   6.3499999999999996e+00	   7.6307867917672694e-11	   8.0000000000000000e+00	
   6.3599999999999994e+00	   7.4603090608408252e-11	   8.0000000000000000e+00	
   6.3700000000000001e+00	   7.2554813393545746e-11	   8.0000000000000000e+00	
   6.3799999999999999e+00	   7.0137591835633469e-11	   8.0000000000000000e+00	
   6.3899999999999997e+00	   6.7542259215559247e-11	   8.0000000000000000e+00	
   6.4000000000000004e+00	   6.5315870938534782e-11	   8.0000000000000000e+00	
   6.4100000000000001e+00	   6.2771427193363973e-11	   8.0000000000000000e+00	
   6.4199999999999999e+00	   5.9985261292401925e-11	   8.0000000000000000e+00	
   6.4299999999999997e+00	   5.6906484360745239e-11	   8.0000000000000000e+00	
   6.4399999999999995e+00	   5.3573263054571475e-11	   8.0000000000000000e+00	
   6.4500000000000002e+00	   5.0570819435269916e-11	   8.0000000000000000e+00	
   6.4600000000000000e+00	   4.7727403550041535e-11	   8.0000000000000000e+00	
   6.4699999999999998e+00	   4.4718598821377049e-11	   8.0000000000000000e+00	
   6.4800000000000004e+00	   4.1531683030550604e-11	   8.0000000000000000e+00	
   6.4900000000000002e+00	   3.8268433927369033e-11	   8.0000000000000000e+00	
   6.5000000000000000e+00	   1.8000000000001816e+02	   8.0000000000000000e+00	
   6.5099999999999998e+00	   3.6576378836830444e-11	   8.0000000000000000e+00	
   6.5199999999999996e+00	   3.7931295131133902e-11	   8.0000000000000000e+00	
   6.5300000000000002e+00	   3.8987239285379788e-11	   8.0000000000000000e+00	
   6.5400000000000000e+00	   3.9750572408931030e-11	   8.0000000000000000e+00	
   6.5499999999999998e+00	   4.0227655611150560e-11	   8.0000000000000000e+00	
   6.5600000000000005e+00	   4.0685655485281310e-11	   8.0000000000000000e+00	
   6.5700000000000003e+00	   4.1219988671767179e-11	   8.0000000000000000e+00	
   6.5800000000000001e+00	   4.1474433046284258e-11	   8.0000000000000000e+00	
   6.5899999999999999e+00	   4.1436266390106698e-11	   8.0000000000000000e+00	
   6.5999999999999996e+00	   4.1080044265782781e-11	   8.0000000000000000e+00	
   6.6099999999999994e+00	   4.0494822204393498e-11	   8.0000000000000000e+00	
   6.6200000000000001e+00	   4.0024100111536894e-11	   8.0000000000000000e+00	
   6.6299999999999999e+00	   3.9464322487599318e-11	   8.0000000000000000e+00	
   6.6399999999999997e+00	   3.8599211614241237e-11	   8.0000000000000000e+00	
   6.6500000000000004e+00	   3.7517823022543645e-11	   8.0000000000000000e+00	
   6.6600000000000001e+00	   3.6245601149958240e-11	   8.0000000000000000e+00	
   6.6699999999999999e+00	   3.4833434871388436e-11	   8.0000000000000000e+00	
   6.6799999999999997e+00	   3.3573935217528885e-11	   8.0000000000000000e+00	
   6.6899999999999995e+00	   3.2149046720233228e-11	   8.0000000000000000e+00	
   6.7000000000000002e+00	   3.0596936035679032e-11	   8.0000000000000000e+00	
   6.7100000000000000e+00	   2.8904880945140440e-11	   8.0000000000000000e+00	
   6.7199999999999998e+00	   2.7149214760972579e-11	   8.0000000000000000e+00	
   6.7300000000000004e+00	   2.5253604170820325e-11	   8.0000000000000000e+00	
   6.7400000000000002e+00	   2.3612437955185149e-11	   8.0000000000000000e+00	
   6.7500000000000000e+00	   2.1907660645920704e-11	   8.0000000000000000e+00	
   6.7599999999999998e+00	   2.0151994461752843e-11	   8.0000000000000000e+00	
   6.7699999999999996e+00	   1.8396328277584981e-11	   8.0000000000000000e+00	
   6.7800000000000002e+00	   1.6627939874691267e-11	   8.0000000000000000e+00	
   6.7900000000000000e+00	   1.4910440346700965e-11	   8.0000000000000000e+00	
   6.7999999999999998e+00	   1.3320163005969208e-11	   8.0000000000000000e+00	
   6.8100000000000005e+00	   1.1844385633770136e-11	   8.0000000000000000e+00	
   6.8200000000000003e+00	   1.0355886042845211e-11	   8.0000000000000000e+00	
   6.8300000000000001e+00	   8.9946086391788255e-12	   8.0000000000000000e+00	
   6.8399999999999999e+00	   7.6969423291417109e-12	   8.0000000000000000e+00	
   6.8499999999999996e+00	   6.5264982063631364e-12	   8.0000000000000000e+00	
   6.8599999999999994e+00	   5.4196651772138323e-12	   8.0000000000000000e+00	
   6.8700000000000001e+00	   4.4909432102264861e-12	   8.0000000000000000e+00	
   6.8799999999999999e+00	   3.6003878994167009e-12	   8.0000000000000000e+00	
   6.8899999999999997e+00	   2.8370547758654569e-12	   8.0000000000000000e+00	
   6.9000000000000004e+00	   2.1373327459434834e-12	   8.0000000000000000e+00	
   6.9100000000000001e+00	   1.5902773407317583e-12	   8.0000000000000000e+00	
   6.9199999999999999e+00	   1.1195552478751580e-12	   8.0000000000000000e+00	
   6.9299999999999997e+00	   7.6333312355124407e-13	   8.0000000000000000e+00	
   6.9399999999999995e+00	   5.4705540521172492e-13	   8.0000000000000000e+00	
   6.9500000000000002e+00	   4.1983321795318423e-13	   8.0000000000000000e+00	
   6.9600000000000000e+00	   3.5622212432391388e-13	   8.0000000000000000e+00	
   6.9699999999999998e+00	   3.3077768687220577e-13	   8.0000000000000000e+00	
   6.9800000000000004e+00	   2.7988881196878950e-13	   8.0000000000000000e+00	
   6.9900000000000002e+00	   1.9083328088781102e-13	   8.0000000000000000e+00	
   7.0000000000000000e+00	   6.3611093629270335e-14	   2.0000000000000000e+00	
   7.0099999999999998e+00	   1.3485551849405310e-12	   8.0000000000000000e+00	
   7.0199999999999996e+00	   2.7925270103249677e-12	   8.0000000000000000e+00	
   7.0300000000000002e+00	   4.4336932259601423e-12	   8.0000000000000000e+00	
   7.0400000000000000e+00	   6.2148038475797119e-12	   8.0000000000000000e+00	
   7.0499999999999998e+00	   8.1422199845466029e-12	   8.0000000000000000e+00	
   7.0599999999999996e+00	   1.0152330543231546e-11	   8.0000000000000000e+00	
   7.0700000000000003e+00	   1.2505941007514548e-11	   8.0000000000000000e+00	
   7.0800000000000001e+00	   1.4872273690523405e-11	   8.0000000000000000e+00	
   7.0899999999999999e+00	   1.7365828560790802e-11	   8.0000000000000000e+00	
   7.0999999999999996e+00	   1.9922994524687468e-11	   8.0000000000000000e+00	
   7.1100000000000003e+00	   2.2518327144761700e-11	   8.0000000000000000e+00	
   7.1200000000000001e+00	   2.5266326389546178e-11	   8.0000000000000000e+00	
   7.1299999999999999e+00	   2.8179714477766758e-11	   8.0000000000000000e+00	
   7.1399999999999997e+00	   3.1054935909809775e-11	   8.0000000000000000e+00	
   7.1500000000000004e+00	   3.3930157341852796e-11	   8.0000000000000000e+00	
   7.1600000000000001e+00	   3.6690878805363130e-11	   8.0000000000000000e+00	
   7.1699999999999999e+00	   3.9362544737792485e-11	   8.0000000000000000e+00	
   7.1799999999999997e+00	   4.2377710575819898e-11	   8.0000000000000000e+00	
   7.1899999999999995e+00	   4.5303820882766332e-11	   8.0000000000000000e+00	
   7.2000000000000002e+00	   4.7988209033921540e-11	   8.0000000000000000e+00	
   7.2100000000000000e+00	   5.0494486122914790e-11	   8.0000000000000000e+00	
   7.2199999999999998e+00	   5.2797207712294381e-11	   8.0000000000000000e+00	
   7.2300000000000004e+00	   5.5112651520399818e-11	   8.0000000000000000e+00	
   7.2400000000000002e+00	   5.7517150859586235e-11	   8.0000000000000000e+00	
   7.2500000000000000e+00	   5.9641761386803861e-11	   8.0000000000000000e+00	
   7.2599999999999998e+00	   6.1486483102052702e-11	   8.0000000000000000e+00	
   7.2699999999999996e+00	   6.3025871567881051e-11	   8.0000000000000000e+00	
   7.2800000000000002e+00	   6.4221760128111336e-11	   8.0000000000000000e+00	
   7.2900000000000000e+00	   6.5697537500310406e-11	   8.0000000000000000e+00	
   7.2999999999999998e+00	   6.6880703841814825e-11	   8.0000000000000000e+00	
   7.3099999999999996e+00	   6.7707648058995339e-11	   8.0000000000000000e+00	
   7.3200000000000003e+00	   6.8203814589303656e-11	   8.0000000000000000e+00	
   7.3300000000000001e+00	   6.8280147901658775e-11	   8.0000000000000000e+00	
   7.3399999999999999e+00	   6.8381925651465615e-11	   8.0000000000000000e+00	
   7.3499999999999996e+00	   6.8496425619998294e-11	   8.0000000000000000e+00	
   7.3600000000000003e+00	   6.8229259026755362e-11	   8.0000000000000000e+00	
   7.3700000000000001e+00	   6.7567703653010953e-11	   8.0000000000000000e+00	
   7.3799999999999999e+00	   6.6486315061313361e-11	   8.0000000000000000e+00	
   7.3899999999999997e+00	   6.5048704345291850e-11	   8.0000000000000000e+00	
   7.4000000000000004e+00	   6.4132704597030350e-11	   8.0000000000000000e+00	
   7.4100000000000001e+00	   6.2822316068267386e-11	   8.0000000000000000e+00	
   7.4199999999999999e+00	   6.1130260977728797e-11	   8.0000000000000000e+00	
   7.4299999999999997e+00	   5.9158317075221411e-11	   8.0000000000000000e+00	
   7.4399999999999995e+00	   5.6817428829664267e-11	   8.0000000000000000e+00	
   7.4500000000000002e+00	   5.4654651646269075e-11	   8.0000000000000000e+00	
   7.4600000000000000e+00	   5.2593652212680715e-11	   8.0000000000000000e+00	
   7.4699999999999998e+00	   5.0278208404575271e-11	   8.0000000000000000e+00	
   7.4800000000000004e+00	   4.7695598003226895e-11	   8.0000000000000000e+00	
   7.4900000000000002e+00	   4.4839459899272661e-11	   8.0000000000000000e+00	
   7.5000000000000000e+00	   1.8000000000004152e+02	   8.0000000000000000e+00	
   7.5099999999999998e+00	   4.4801293243095095e-11	   8.0000000000000000e+00	
   7.5199999999999996e+00	   4.7574736925331283e-11	   8.0000000000000000e+00	
   7.5300000000000002e+00	   5.0138263998590879e-11	   8.0000000000000000e+00	
   7.5400000000000000e+00	   5.2402818931792903e-11	   8.0000000000000000e+00	
   7.5499999999999998e+00	   5.4381123943663210e-11	   8.0000000000000000e+00	
   7.5599999999999996e+00	   5.6486651142792056e-11	   8.0000000000000000e+00	
   7.5700000000000003e+00	   5.8814817169623347e-11	   8.0000000000000000e+00	
   7.5800000000000001e+00	   6.0723149978501467e-11	   8.0000000000000000e+00	
   7.5899999999999999e+00	   6.2287982881781510e-11	   8.0000000000000000e+00	
   7.5999999999999996e+00	   6.3534760316915208e-11	   8.0000000000000000e+00	
   7.6100000000000003e+00	   6.4412593408999148e-11	   8.0000000000000000e+00	
   7.6200000000000001e+00	   6.5786593031391379e-11	   8.0000000000000000e+00	
   7.6299999999999999e+00	   6.6778926092007999e-11	   8.0000000000000000e+00	
   7.6399999999999997e+00	   6.7376870372123141e-11	   8.0000000000000000e+00	
   7.6500000000000004e+00	   6.7605870309188513e-11	   8.0000000000000000e+00	
   7.6600000000000001e+00	   6.7440481465752408e-11	   8.0000000000000000e+00	
   7.6699999999999999e+00	   6.7262370403590449e-11	   8.0000000000000000e+00	
   7.6799999999999997e+00	   6.7135148216331916e-11	   8.0000000000000000e+00	
   7.6900000000000004e+00	   6.6638981686023600e-11	   8.0000000000000000e+00	
   7.7000000000000002e+00	   6.5735704156487966e-11	   8.0000000000000000e+00	
   7.7100000000000000e+00	   6.4501648940080121e-11	   8.0000000000000000e+00	
   7.7199999999999998e+00	   6.3013149349155198e-11	   8.0000000000000000e+00	
   7.7300000000000004e+00	   6.1829983007650766e-11	   8.0000000000000000e+00	
   7.7400000000000002e+00	   6.0303316760548283e-11	   8.0000000000000000e+00	
   7.7500000000000000e+00	   5.8433150607847736e-11	   8.0000000000000000e+00	
   7.7599999999999998e+00	   5.6295817861904250e-11	   8.0000000000000000e+00	
   7.7699999999999996e+00	   5.3916762960169540e-11	   8.0000000000000000e+00	
   7.7800000000000002e+00	   5.1690374683145075e-11	   8.0000000000000000e+00	
   7.7900000000000000e+00	   4.9400375312491344e-11	   8.0000000000000000e+00	
   7.7999999999999998e+00	   4.6919542660949801e-11	   8.0000000000000000e+00	
   7.8099999999999996e+00	   4.4247876728520446e-11	   8.0000000000000000e+00	
   7.8200000000000003e+00	   4.1423544171380845e-11	   8.0000000000000000e+00	
   7.8300000000000001e+00	   3.8459267208256845e-11	   8.0000000000000000e+00	
   7.8399999999999999e+00	   3.5813045713279196e-11	   8.0000000000000000e+00	
   7.8499999999999996e+00	   3.3090490905946428e-11	   8.0000000000000000e+00	
   7.8600000000000003e+00	   3.0329769442436094e-11	   8.0000000000000000e+00	
   7.8700000000000001e+00	   2.7479992447844786e-11	   8.0000000000000000e+00	
   7.8799999999999999e+00	   2.4630215453253472e-11	   8.0000000000000000e+00	
   7.8899999999999997e+00	   2.1945827302098267e-11	   8.0000000000000000e+00	
   7.9000000000000004e+00	   1.9464994650556724e-11	   8.0000000000000000e+00	
   7.9100000000000001e+00	   1.6971439780289325e-11	   8.0000000000000000e+00	
   7.9199999999999999e+00	   1.4528773784925344e-11	   8.0000000000000000e+00	
   7.9299999999999997e+00	   1.2187885539368197e-11	   8.0000000000000000e+00	
   7.9400000000000004e+00	   9.9487750436178806e-12	   8.0000000000000000e+00	
   7.9500000000000002e+00	   7.9386644849329377e-12	   8.0000000000000000e+00	
   7.9600000000000000e+00	   6.0812205509582444e-12	   8.0000000000000000e+00	
   7.9699999999999998e+00	   4.3319154761533097e-12	   8.0000000000000000e+00	
   7.9800000000000004e+00	   2.7416381354215513e-12	   8.0000000000000000e+00	
   7.9900000000000002e+00	   1.3040274194000420e-12	   8.0000000000000000e+00	
   8.0000000000000000e+00	   7.6333312355124402e-14	   2.0000000000000000e+00	
