   5.0000000000000000e-01	   1.1532774287350753e+01	   1.0000000000000000e+00	
   5.1000000000000001e-01	   1.1650436076102494e+01	   1.0000000000000000e+00	
   5.2000000000000002e-01	   1.1713134566735880e+01	   1.0000000000000000e+00	
   5.3000000000000003e-01	   1.1782234330620653e+01	   1.0000000000000000e+00	
   5.4000000000000004e-01	   1.1932549153484636e+01	   1.0000000000000000e+00	
   5.5000000000000004e-01	   1.2017641878099827e+01	   1.0000000000000000e+00	
   5.6000000000000005e-01	   1.2041666560156809e+01	   1.0000000000000000e+00	
   5.7000000000000006e-01	   1.2008518090164282e+01	   1.0000000000000000e+00	
   5.7999999999999996e-01	   1.1921880531523485e+01	   1.0000000000000000e+00	
   5.8999999999999997e-01	   1.1802314429700207e+01	   1.0000000000000000e+00	
   5.9999999999999998e-01	   1.1770583763767609e+01	   1.0000000000000000e+00	
   6.0999999999999999e-01	   1.1679604721578723e+01	   1.0000000000000000e+00	
   6.2000000000000000e-01	   1.1533596995675433e+01	   1.0000000000000000e+00	
   6.3000000000000000e-01	   1.1336679820134247e+01	   1.0000000000000000e+00	
   6.4000000000000001e-01	   1.1092899111163678e+01	   1.0000000000000000e+00	
   6.5000000000000002e-01	   1.0810364456068530e+01	   1.0000000000000000e+00	
   6.6000000000000003e-01	   1.0603162569233843e+01	   1.0000000000000000e+00	
   6.7000000000000004e-01	   1.0348076569074848e+01	   1.0000000000000000e+00	
   6.7999999999999994e-01	   1.0049734677270230e+01	   1.0000000000000000e+00	
   6.8999999999999995e-01	   9.7127317250005216e+00	   1.0000000000000000e+00	
   6.9999999999999996e-01	   9.3416303232703815e+00	   1.0000000000000000e+00	
   7.0999999999999996e-01	   8.9454545988372942e+00	   1.0000000000000000e+00	
   7.1999999999999997e-01	   8.6086034256036559e+00	   1.0000000000000000e+00	
   7.2999999999999998e-01	   8.2406121464796822e+00	   1.0000000000000000e+00	
   7.3999999999999999e-01	   7.8463461318726164e+00	   1.0000000000000000e+00	
   7.5000000000000000e-01	   7.4305782105785632e+00	   1.0000000000000000e+00	
   7.6000000000000001e-01	   6.9979691618774167e+00	   1.0000000000000000e+00	
   7.7000000000000002e-01	   6.5622249152565297e+00	   1.0000000000000000e+00	
   7.8000000000000003e-01	   6.1725983477028468e+00	   1.0000000000000000e+00	
   7.9000000000000004e-01	   5.7707016153129791e+00	   1.0000000000000000e+00	
   8.0000000000000004e-01	   5.3609170650529254e+00	   1.0000000000000000e+00	
   8.1000000000000005e-01	   4.9474136816418337e+00	   1.0000000000000000e+00	
   8.2000000000000006e-01	   4.5341282447907023e+00	   1.0000000000000000e+00	
   8.3000000000000007e-01	   4.1376515528492526e+00	   1.0000000000000000e+00	
   8.4000000000000008e-01	   3.7767952084198835e+00	   1.0000000000000000e+00	
   8.5000000000000009e-01	   3.4194815407504260e+00	   1.0000000000000000e+00	
   8.5999999999999999e-01	   3.0688935229457184e+00	   1.0000000000000000e+00	
   8.7000000000000000e-01	   2.7279373034326961e+00	   1.0000000000000000e+00	
   8.8000000000000000e-01	   2.3992390703981523e+00	   1.0000000000000000e+00	
   8.9000000000000001e-01	   2.0980324511889084e+00	   1.0000000000000000e+00	
   9.0000000000000002e-01	   1.8231327805881099e+00	   1.0000000000000000e+00	
   9.1000000000000003e-01	   1.5610645853969800e+00	   1.0000000000000000e+00	
   9.1999999999999993e-01	   1.3136300530379601e+00	   1.0000000000000000e+00	
   9.2999999999999994e-01	   1.0823847225336889e+00	   1.0000000000000000e+00	
   9.3999999999999995e-01	   8.6864569676447811e-01	   1.0000000000000000e+00	
   9.4999999999999996e-01	   6.8146537124192474e-01	   1.0000000000000000e+00	
   9.5999999999999996e-01	   5.1272847202438188e-01	   1.0000000000000000e+00	
   9.6999999999999997e-01	   3.5957857130190690e-01	   1.0000000000000000e+00	
   9.7999999999999998e-01	   2.2273653366260801e-01	   1.0000000000000000e+00	
   9.8999999999999999e-01	   1.0274942459791006e-01	   1.0000000000000000e+00	
   1.0000000000000000e+00	   1.2722218725854067e-14	   1.0000000000000000e+00	
   1.0100000000000000e+00	   9.9065144076676992e-02	   1.0000000000000000e+00	
   1.0200000000000000e+00	   2.0689306346123648e-01	   1.0000000000000000e+00	
   1.0300000000000000e+00	   3.2157880398694005e-01	   1.0000000000000000e+00	
   1.0400000000000000e+00	   4.4125689185983069e-01	   1.0000000000000000e+00	
   1.0500000000000000e+00	   5.6411630604159702e-01	   1.0000000000000000e+00	
   1.0600000000000001e+00	   6.9494969687787300e-01	   1.0000000000000000e+00	
   1.0700000000000001e+00	   8.3297544601383366e-01	   1.0000000000000000e+00	
   1.0800000000000001e+00	   9.7217553845531557e-01	   1.0000000000000000e+00	
   1.0899999999999999e+00	   1.1107561654890123e+00	   1.0000000000000000e+00	
   1.1000000000000001e+00	   1.2470115376362934e+00	   1.0000000000000000e+00	
   1.1099999999999999e+00	   1.3816219071611273e+00	   1.0000000000000000e+00	
   1.1200000000000001e+00	   1.5288982700289910e+00	   1.0000000000000000e+00	
   1.1299999999999999e+00	   1.6716807852909095e+00	   1.0000000000000000e+00	
   1.1400000000000001e+00	   1.8083833536681211e+00	   1.0000000000000000e+00	
   1.1499999999999999e+00	   1.9375299076761163e+00	   1.0000000000000000e+00	
   1.1600000000000001e+00	   2.0577603370656150e+00	   1.0000000000000000e+00	
   1.1699999999999999e+00	   2.1846072197691808e+00	   1.0000000000000000e+00	
   1.1800000000000002e+00	   2.3108004217786275e+00	   1.0000000000000000e+00	
   1.1899999999999999e+00	   2.4262337394979241e+00	   1.0000000000000000e+00	
   1.2000000000000002e+00	   2.5297468176485460e+00	   1.0000000000000000e+00	
   1.2100000000000000e+00	   2.6203083106386167e+00	   1.0000000000000000e+00	
   1.2200000000000000e+00	   2.7016424929778475e+00	   1.0000000000000000e+00	
   1.2300000000000000e+00	   2.7947546694142940e+00	   1.0000000000000000e+00	
   1.2400000000000000e+00	   2.8736682761129586e+00	   1.0000000000000000e+00	
   1.2500000000000000e+00	   2.9376014284139731e+00	   1.0000000000000000e+00	
   1.2600000000000000e+00	   2.9859098387901795e+00	   1.0000000000000000e+00	
   1.2700000000000000e+00	   3.0180879936108633e+00	   1.0000000000000000e+00	
   1.2800000000000000e+00	   3.0554689766063570e+00	   1.0000000000000000e+00	
   1.2900000000000000e+00	   3.0888114834382732e+00	   1.0000000000000000e+00	
   1.3000000000000000e+00	   3.1057348225817165e+00	   1.0000000000000000e+00	
   1.3100000000000001e+00	   3.1060149580047862e+00	   1.0000000000000000e+00	
   1.3200000000000001e+00	   3.0895666235442980e+00	   1.0000000000000000e+00	
   1.3300000000000001e+00	   3.0604807113412349e+00	   1.0000000000000000e+00	
   1.3399999999999999e+00	   3.0467771874538068e+00	   1.0000000000000000e+00	
   1.3500000000000001e+00	   3.0169885376119585e+00	   1.0000000000000000e+00	
   1.3599999999999999e+00	   2.9713020140064010e+00	   1.0000000000000000e+00	
   1.3700000000000001e+00	   2.9100326890911621e+00	   1.0000000000000000e+00	
   1.3799999999999999e+00	   2.8336183590229540e+00	   1.0000000000000000e+00	
   1.3900000000000001e+00	   2.7635624245058543e+00	   1.0000000000000000e+00	
   1.3999999999999999e+00	   2.6951801192972216e+00	   1.0000000000000000e+00	
   1.4100000000000001e+00	   2.6132395405212980e+00	   1.0000000000000000e+00	
   1.4199999999999999e+00	   2.5183733476658472e+00	   1.0000000000000000e+00	
   1.4300000000000002e+00	   2.4113100377747654e+00	   1.0000000000000000e+00	
   1.4399999999999999e+00	   2.2934429905345337e+00	   1.0000000000000000e+00	
   1.4500000000000002e+00	   2.2009648613773072e+00	   1.0000000000000000e+00	
   1.4600000000000000e+00	   2.0983659148999010e+00	   1.0000000000000000e+00	
   1.4700000000000000e+00	   1.9864544526947052e+00	   1.0000000000000000e+00	
   1.4800000000000000e+00	   1.8031436683450966e+02	   2.0000000000000000e+00	
   1.4900000000000000e+00	   1.8015269996078686e+02	   2.0000000000000000e+00	
   1.5000000000000000e+00	   1.8000000000000000e+02	   1.0000000000000000e+00	
   1.5100000000000000e+00	   1.8006583627116632e+02	   1.0000000000000000e+00	
   1.5200000000000000e+00	   1.8013101265702304e+02	   1.0000000000000000e+00	
   1.5300000000000000e+00	   6.1477194964811255e-01	   1.0000000000000000e+00	
   1.5400000000000000e+00	   6.3266792959626728e-01	   1.0000000000000000e+00	
   1.5500000000000000e+00	   6.4674090063535539e-01	   1.0000000000000000e+00	
   1.5600000000000001e+00	   2.9156132538371721e-01	   2.0000000000000000e+00	
   1.5700000000000001e+00	   2.9740910134403997e-01	   2.0000000000000000e+00	
   1.5800000000000001e+00	   3.0132131071842583e-01	   2.0000000000000000e+00	
   1.5900000000000001e+00	   3.0335533702156420e-01	   2.0000000000000000e+00	
   1.6000000000000001e+00	   3.0358048497954215e-01	   2.0000000000000000e+00	
   1.6100000000000001e+00	   3.0207697487056540e-01	   2.0000000000000000e+00	
   1.6200000000000001e+00	   3.0223284421213847e-01	   2.0000000000000000e+00	
   1.6300000000000001e+00	   3.0124224550783696e-01	   2.0000000000000000e+00	
   1.6400000000000001e+00	   2.9854212006883218e-01	   2.0000000000000000e+00	
   1.6500000000000001e+00	   2.9423515827191721e-01	   2.0000000000000000e+00	
   1.6599999999999999e+00	   2.8843198178055196e-01	   2.0000000000000000e+00	
   1.6699999999999999e+00	   2.8221386689388495e-01	   2.0000000000000000e+00	
   1.6799999999999999e+00	   2.7691949270023553e-01	   2.0000000000000000e+00	
   1.6899999999999999e+00	   2.7023676656491097e-01	   2.0000000000000000e+00	
   1.7000000000000000e+00	   2.6228908155124309e-01	   2.0000000000000000e+00	
   1.7100000000000000e+00	   2.5320427073789264e-01	   2.0000000000000000e+00	
   1.7200000000000000e+00	   2.4311344451586589e-01	   2.0000000000000000e+00	
   1.7300000000000000e+00	   2.3406846063544956e-01	   2.0000000000000000e+00	
   1.7400000000000000e+00	   2.2473251041038500e-01	   2.0000000000000000e+00	
   1.7500000000000000e+00	   2.1454604247399039e-01	   2.0000000000000000e+00	
   1.7600000000000000e+00	   2.0363973493949775e-01	   2.0000000000000000e+00	
   1.7700000000000000e+00	   1.9214423112443837e-01	   2.0000000000000000e+00	
   1.7800000000000000e+00	   1.8058367155212826e-01	   2.0000000000000000e+00	
   1.7900000000000000e+00	   1.7016701901219908e-01	   2.0000000000000000e+00	
   1.8000000000000000e+00	   1.5931815649303879e-01	   2.0000000000000000e+00	
   1.8100000000000001e+00	   1.4815763004383067e-01	   2.0000000000000000e+00	
   1.8200000000000001e+00	   1.3680322788583588e-01	   2.0000000000000000e+00	
   1.8300000000000001e+00	   1.2536915795175335e-01	   2.0000000000000000e+00	
   1.8400000000000001e+00	   1.1485227880912104e-01	   2.0000000000000000e+00	
   1.8500000000000001e+00	   1.0478294515052086e-01	   2.0000000000000000e+00	
   1.8600000000000001e+00	   9.4745701975800012e-02	   2.0000000000000000e+00	
   1.8700000000000001e+00	   8.4836561007768527e-02	   2.0000000000000000e+00	
   1.8800000000000001e+00	   7.5146304698194555e-02	   2.0000000000000000e+00	
   1.8900000000000001e+00	   6.5848494447952405e-02	   2.0000000000000000e+00	
   1.9000000000000001e+00	   5.7630989133144274e-02	   2.0000000000000000e+00	
   1.9099999999999999e+00	   4.9688478110607733e-02	   2.0000000000000000e+00	
   1.9199999999999999e+00	   4.2090608620007394e-02	   2.0000000000000000e+00	
   1.9299999999999999e+00	   3.4901105483262168e-02	   2.0000000000000000e+00	
   1.9399999999999999e+00	   2.8177457206011166e-02	   2.0000000000000000e+00	
   1.9500000000000000e+00	   2.2175814410063145e-02	   2.0000000000000000e+00	
   1.9600000000000000e+00	   1.6780497937827543e-02	   2.0000000000000000e+00	
   1.9700000000000000e+00	   1.1830774173060834e-02	   2.0000000000000000e+00	
   1.9800000000000000e+00	   7.3640580298587575e-03	   2.0000000000000000e+00	
   1.9900000000000000e+00	   3.4119168874235436e-03	   2.0000000000000000e+00	
   2.0000000000000000e+00	   2.5444437451708134e-14	   1.0000000000000000e+00	
   2.0099999999999998e+00	   3.3143750514848034e-03	   2.0000000000000000e+00	
   2.0200000000000000e+00	   6.9491897130795448e-03	   2.0000000000000000e+00	
   2.0300000000000002e+00	   1.0845565538499949e-02	   2.0000000000000000e+00	
   2.0400000000000000e+00	   1.4944188456045546e-02	   2.0000000000000000e+00	
   2.0499999999999998e+00	   1.9185811239555491e-02	   2.0000000000000000e+00	
   2.0600000000000001e+00	   2.3679080919472687e-02	   2.0000000000000000e+00	
   2.0700000000000003e+00	   2.8492476876455661e-02	   2.0000000000000000e+00	
   2.0800000000000001e+00	   3.3381452671791774e-02	   2.0000000000000000e+00	
   2.0899999999999999e+00	   3.8282873167534620e-02	   2.0000000000000000e+00	
   2.1000000000000001e+00	   4.3135249230862045e-02	   2.0000000000000000e+00	
   2.1100000000000003e+00	   4.7879205213389939e-02	   2.0000000000000000e+00	
   2.1200000000000001e+00	   5.3065166451636503e-02	   2.0000000000000000e+00	
   2.1299999999999999e+00	   5.8196094487371834e-02	   2.0000000000000000e+00	
   2.1400000000000001e+00	   6.3135648984804491e-02	   2.0000000000000000e+00	
   2.1500000000000004e+00	   6.7827320523556958e-02	   2.0000000000000000e+00	
   2.1600000000000001e+00	   7.2218140608314982e-02	   2.0000000000000000e+00	
   2.1699999999999999e+00	   7.6547552344405995e-02	   2.0000000000000000e+00	
   2.1799999999999997e+00	   8.1134786415249183e-02	   2.0000000000000000e+00	
   2.1899999999999999e+00	   8.5348892984780572e-02	   2.0000000000000000e+00	
   2.2000000000000002e+00	   8.9144510313198866e-02	   2.0000000000000000e+00	
   2.2100000000000000e+00	   9.2480868232731939e-02	   2.0000000000000000e+00	
   2.2199999999999998e+00	   9.5322020928032145e-02	   2.0000000000000000e+00	
   2.2300000000000000e+00	   9.8464283543919784e-02	   2.0000000000000000e+00	
   2.2400000000000002e+00	   1.0095340552790610e-01	   3.0000000000000000e+00	
   2.2500000000000000e+00	   1.0227235818282990e-01	   3.0000000000000000e+00	
   2.2599999999999998e+00	   1.0301329208412648e-01	   3.0000000000000000e+00	
   2.2700000000000000e+00	   1.0317377805488911e-01	   3.0000000000000000e+00	
   2.2800000000000002e+00	   1.0302666204880470e-01	   3.0000000000000000e+00	
   2.2900000000000000e+00	   1.0318611479101097e-01	   3.0000000000000000e+00	
   2.2999999999999998e+00	   1.0278939906310583e-01	   3.0000000000000000e+00	
   2.3100000000000001e+00	   1.0184464971228091e-01	   3.0000000000000000e+00	
   2.3200000000000003e+00	   1.0036453565168722e-01	   3.0000000000000000e+00	
   2.3300000000000001e+00	   9.8365977912099500e-02	   3.0000000000000000e+00	
   2.3399999999999999e+00	   9.6651889506219585e-02	   3.0000000000000000e+00	
   2.3500000000000001e+00	   9.4821571128386253e-02	   3.0000000000000000e+00	
   2.3600000000000003e+00	   9.2527589456256734e-02	   3.0000000000000000e+00	
   2.3700000000000001e+00	   8.9792888457721196e-02	   3.0000000000000000e+00	
   2.3799999999999999e+00	   8.6643417629859706e-02	   3.0000000000000000e+00	
   2.3900000000000001e+00	   8.3247778422676971e-02	   3.0000000000000000e+00	
   2.4000000000000004e+00	   8.0463877928324337e-02	   3.0000000000000000e+00	
   2.4100000000000001e+00	   7.7332194993197156e-02	   3.0000000000000000e+00	
   2.4199999999999999e+00	   7.3880576875860249e-02	   3.0000000000000000e+00	
   2.4299999999999997e+00	   7.0138649391540159e-02	   3.0000000000000000e+00	
   2.4399999999999999e+00	   6.6137514715080642e-02	   3.0000000000000000e+00	
   2.4500000000000002e+00	   6.2506151929391976e-02	   3.0000000000000000e+00	
   2.4600000000000000e+00	   5.9108470090606158e-02	   3.0000000000000000e+00	
   2.4699999999999998e+00	   5.5513958685822123e-02	   3.0000000000000000e+00	
   2.4800000000000000e+00	   5.1751116481797060e-02	   3.0000000000000000e+00	
   2.4900000000000002e+00	   4.7848924956933533e-02	   3.0000000000000000e+00	
   2.5000000000000000e+00	   1.8000000000000000e+02	   1.0000000000000000e+00	
   2.5100000000000002e+00	   8.1505575641802660e-03	   3.0000000000000000e+00	
   2.5200000000000000e+00	   8.5073546146266204e-03	   3.0000000000000000e+00	
   2.5300000000000002e+00	   8.8068683353624624e-03	   3.0000000000000000e+00	
   2.5400000000000000e+00	   9.0489348910544852e-03	   3.0000000000000000e+00	
   2.5499999999999998e+00	   9.2338361044954579e-03	   3.0000000000000000e+00	
   2.5600000000000001e+00	   9.4299380585550624e-03	   3.0000000000000000e+00	
   2.5699999999999998e+00	   9.6492183937141700e-03	   3.0000000000000000e+00	
   2.5800000000000001e+00	   9.8066317675155647e-03	   3.0000000000000000e+00	
   2.5899999999999999e+00	   9.9034210078324698e-03	   3.0000000000000000e+00	
   2.6000000000000001e+00	   9.9412514975984190e-03	   3.0000000000000000e+00	
   2.6099999999999999e+00	   9.9221841600154650e-03	   3.0000000000000000e+00	
   2.6200000000000001e+00	   9.9640097783579018e-03	   3.0000000000000000e+00	
   2.6299999999999999e+00	   9.9607149317161824e-03	   3.0000000000000000e+00	
   2.6400000000000001e+00	   9.9002638988770070e-03	   3.0000000000000000e+00	
   2.6499999999999999e+00	   9.7584676908555323e-03	   4.0000000000000000e+00	
   2.6600000000000001e+00	   9.5296983541568962e-03	   4.0000000000000000e+00	
   2.6699999999999999e+00	   9.2930955449213610e-03	   4.0000000000000000e+00	
   2.6800000000000002e+00	   9.0836444938854899e-03	   4.0000000000000000e+00	
   2.6899999999999999e+00	   8.8301025195737411e-03	   4.0000000000000000e+00	
   2.7000000000000002e+00	   8.5370161725386133e-03	   4.0000000000000000e+00	
   2.7100000000000000e+00	   8.2090160945521660e-03	   4.0000000000000000e+00	
   2.7200000000000002e+00	   7.8507763018574230e-03	   4.0000000000000000e+00	
   2.7300000000000000e+00	   7.5312824915438059e-03	   4.0000000000000000e+00	
   2.7400000000000002e+00	   7.2018582681266912e-03	   4.0000000000000000e+00	
   2.7500000000000000e+00	   6.8476116698876896e-03	   4.0000000000000000e+00	
   2.7600000000000002e+00	   6.4730420328465528e-03	   4.0000000000000000e+00	
   2.7700000000000000e+00	   6.0825810057432480e-03	   4.0000000000000000e+00	
   2.7800000000000002e+00	   5.6945309972256707e-03	   4.0000000000000000e+00	
   2.7900000000000000e+00	   5.3436370925264353e-03	   4.0000000000000000e+00	
   2.8000000000000003e+00	   4.9819031767322931e-03	   4.0000000000000000e+00	
   2.8100000000000001e+00	   4.6132720804191599e-03	   4.0000000000000000e+00	
   2.8199999999999998e+00	   4.2415367558669200e-03	   4.0000000000000000e+00	
   2.8300000000000001e+00	   3.8703162548006384e-03	   4.0000000000000000e+00	
   2.8399999999999999e+00	   3.5309889282527439e-03	   4.0000000000000000e+00	
   2.8500000000000001e+00	   3.2073312988235548e-03	   4.0000000000000000e+00	
   2.8599999999999999e+00	   2.8873290023936822e-03	   4.0000000000000000e+00	
   2.8700000000000001e+00	   2.5738945316361485e-03	   4.0000000000000000e+00	
   2.8799999999999999e+00	   2.2697289265597542e-03	   4.0000000000000000e+00	
   2.8900000000000001e+00	   1.9802576650471164e-03	   4.0000000000000000e+00	
   2.8999999999999999e+00	   1.7252854526214308e-03	   4.0000000000000000e+00	
   2.9100000000000001e+00	   1.4807372978150775e-03	   4.0000000000000000e+00	
   2.9199999999999999e+00	   1.2485726060206762e-03	   4.0000000000000000e+00	
   2.9300000000000002e+00	   1.0305363790734370e-03	   4.0000000000000000e+00	
   2.9399999999999999e+00	   8.2815415811832713e-04	   4.0000000000000000e+00	
   2.9500000000000002e+00	   6.4877967951939262e-04	   4.0000000000000000e+00	
   2.9600000000000000e+00	   4.8863243629730126e-04	   4.0000000000000000e+00	
   2.9700000000000002e+00	   3.4287934888454797e-04	   4.0000000000000000e+00	
   2.9800000000000000e+00	   2.1241617511429079e-04	   4.0000000000000000e+00	
   2.9900000000000002e+00	   9.7949715372700741e-05	   4.0000000000000000e+00	
   3.0000000000000000e+00	   3.1805546814635168e-14	   1.0000000000000000e+00	
   3.0100000000000002e+00	   9.4242815754083773e-05	   4.0000000000000000e+00	
   3.0200000000000000e+00	   1.9664264250323255e-04	   4.0000000000000000e+00	
   3.0300000000000002e+00	   3.0540494096137843e-04	   4.0000000000000000e+00	
   3.0400000000000000e+00	   4.1875578245381689e-04	   4.0000000000000000e+00	
   3.0500000000000003e+00	   5.3495636067502441e-04	   4.0000000000000000e+00	
   3.0600000000000001e+00	   6.5700882717396609e-04	   4.0000000000000000e+00	
   3.0699999999999998e+00	   7.8661480838616133e-04	   4.0000000000000000e+00	
   3.0800000000000001e+00	   9.1695718257136713e-04	   4.0000000000000000e+00	
   3.0899999999999999e+00	   1.0462779078746242e-03	   4.0000000000000000e+00	
   3.1000000000000001e+00	   1.1728993231618268e-03	   4.0000000000000000e+00	
   3.1099999999999999e+00	   1.2952356658132804e-03	   4.0000000000000000e+00	
   3.1200000000000001e+00	   1.4283056070419414e-03	   4.0000000000000000e+00	
   3.1299999999999999e+00	   1.5583214269988366e-03	   4.0000000000000000e+00	
   3.1400000000000001e+00	   1.6818111317644855e-03	   4.0000000000000000e+00	
   3.1499999999999999e+00	   1.7973579143384271e-03	   4.0000000000000000e+00	
   3.1600000000000001e+00	   1.9036700327534962e-03	   4.0000000000000000e+00	
   3.1699999999999999e+00	   2.0074111849432948e-03	   4.0000000000000000e+00	
   3.1800000000000002e+00	   2.1164397787771451e-03	   4.0000000000000000e+00	
   3.1899999999999999e+00	   2.2145131591284153e-03	   4.0000000000000000e+00	
   3.2000000000000002e+00	   2.3006171354649956e-03	   4.0000000000000000e+00	
   3.2100000000000000e+00	   2.3738806672018798e-03	   4.0000000000000000e+00	
   3.2200000000000002e+00	   2.4335785578981470e-03	   4.0000000000000000e+00	
   3.2300000000000000e+00	   2.5005029348904593e-03	   4.0000000000000000e+00	
   3.2400000000000002e+00	   2.5597487049297579e-03	   4.0000000000000000e+00	
   3.2500000000000000e+00	   2.6047680086955494e-03	   4.0000000000000000e+00	
   3.2600000000000002e+00	   2.6351584473584791e-03	   4.0000000000000000e+00	
   3.2700000000000000e+00	   2.6506609873216788e-03	   4.0000000000000000e+00	
   3.2800000000000002e+00	   2.6576904198588793e-03	   4.0000000000000000e+00	
   3.2900000000000000e+00	   2.6729224005947690e-03	   4.0000000000000000e+00	
   3.3000000000000003e+00	   2.6735888590988881e-03	   4.0000000000000000e+00	
   3.3100000000000001e+00	   2.6597265689444639e-03	   4.0000000000000000e+00	
   3.3199999999999998e+00	   2.6314988459148355e-03	   4.0000000000000000e+00	
   3.3300000000000001e+00	   2.5891903337003316e-03	   4.0000000000000000e+00	
   3.3399999999999999e+00	   2.5534206952940674e-03	   4.0000000000000000e+00	
   3.3500000000000001e+00	   2.5145569011091511e-03	   4.0000000000000000e+00	
   3.3599999999999999e+00	   2.4628718109812203e-03	   4.0000000000000000e+00	
   3.3700000000000001e+00	   2.3988495729641087e-03	   4.0000000000000000e+00	
   3.3799999999999999e+00	   2.3230671428703109e-03	   4.0000000000000000e+00	
   3.3900000000000001e+00	   2.2395201489032891e-03	   4.0000000000000000e+00	
   3.3999999999999999e+00	   2.1721948900153706e-03	   4.0000000000000000e+00	
   3.4100000000000001e+00	   2.0948353558149432e-03	   4.0000000000000000e+00	
   3.4199999999999999e+00	   2.0081127436417674e-03	   4.0000000000000000e+00	
   3.4300000000000002e+00	   1.9127593059973256e-03	   4.0000000000000000e+00	
   3.4399999999999999e+00	   1.8095605667479036e-03	   4.0000000000000000e+00	
   3.4500000000000002e+00	   1.7153387266119998e-03	   4.0000000000000000e+00	
   3.4600000000000000e+00	   1.6272467555256010e-03	   4.0000000000000000e+00	
   3.4700000000000002e+00	   1.5330665080057941e-03	   4.0000000000000000e+00	
   3.4800000000000000e+00	   1.4335491755040509e-03	   4.0000000000000000e+00	
   3.4900000000000002e+00	   1.3294703302681973e-03	   4.0000000000000000e+00	
   3.5000000000000000e+00	   1.8000000000000000e+02	   1.0000000000000000e+00	
   3.5100000000000002e+00	   2.2098928062980869e-04	   5.0000000000000000e+00	
   3.5200000000000000e+00	   2.3005329775046797e-04	   5.0000000000000000e+00	
   3.5300000000000002e+00	   2.3751811406440344e-04	   5.0000000000000000e+00	
   3.5400000000000000e+00	   2.4339149585003627e-04	   5.0000000000000000e+00	
   3.5500000000000003e+00	   2.4769332531445794e-04	   5.0000000000000000e+00	
   3.5600000000000001e+00	   2.5225729428280964e-04	   5.0000000000000000e+00	
   3.5700000000000003e+00	   2.5741578230924564e-04	   5.0000000000000000e+00	
   3.5800000000000001e+00	   2.6089321118600992e-04	   5.0000000000000000e+00	
   3.5899999999999999e+00	   2.6273614754141611e-04	   5.0000000000000000e+00	
   3.6000000000000001e+00	   2.6300207638999923e-04	   5.0000000000000000e+00	
   3.6099999999999999e+00	   2.6175852459709012e-04	   5.0000000000000000e+00	
   3.6200000000000001e+00	   2.6211143869010094e-04	   5.0000000000000000e+00	
   3.6299999999999999e+00	   2.6127758633359672e-04	   5.0000000000000000e+00	
   3.6400000000000001e+00	   2.5894665915274652e-04	   5.0000000000000000e+00	
   3.6499999999999999e+00	   2.5520758197055603e-04	   5.0000000000000000e+00	
   3.6600000000000001e+00	   2.5015668757988411e-04	   5.0000000000000000e+00	
   3.6699999999999999e+00	   2.4485187725749433e-04	   5.0000000000000000e+00	
   3.6800000000000002e+00	   2.4020817121713956e-04	   5.0000000000000000e+00	
   3.6899999999999999e+00	   2.3434741877803589e-04	   5.0000000000000000e+00	
   3.7000000000000002e+00	   2.2737863352822375e-04	   5.0000000000000000e+00	
   3.7100000000000000e+00	   2.1941498367437961e-04	   5.0000000000000000e+00	
   3.7200000000000002e+00	   2.1057270553889227e-04	   5.0000000000000000e+00	
   3.7300000000000000e+00	   2.0270322571344575e-04	   5.0000000000000000e+00	
   3.7400000000000002e+00	   1.9449842935876329e-04	   5.0000000000000000e+00	
   3.7500000000000000e+00	   1.8555538819763472e-04	   5.0000000000000000e+00	
   3.7600000000000002e+00	   1.7599043620819980e-04	   5.0000000000000000e+00	
   3.7700000000000000e+00	   1.6591978363229899e-04	   5.0000000000000000e+00	
   3.7800000000000002e+00	   1.5584230654021815e-04	   5.0000000000000000e+00	
   3.7900000000000000e+00	   1.4671045933286686e-04	   5.0000000000000000e+00	
   3.8000000000000003e+00	   1.3721449454136153e-04	   5.0000000000000000e+00	
   3.8100000000000001e+00	   1.2746131410715627e-04	   5.0000000000000000e+00	
   3.8200000000000003e+00	   1.1755506787590601e-04	   5.0000000000000000e+00	
   3.8300000000000001e+00	   1.0759639242712010e-04	   5.0000000000000000e+00	
   3.8399999999999999e+00	   9.8461851608009078e-05	   5.0000000000000000e+00	
   3.8500000000000001e+00	   8.9705170595664313e-05	   5.0000000000000000e+00	
   3.8599999999999999e+00	   8.0994718156837049e-05	   5.0000000000000000e+00	
   3.8700000000000001e+00	   7.2414052093896960e-05	   5.0000000000000000e+00	
   3.8799999999999999e+00	   6.4041695874597263e-05	   5.0000000000000000e+00	
   3.8900000000000001e+00	   5.6034364944313280e-05	   5.0000000000000000e+00	
   3.8999999999999999e+00	   4.8957672277934438e-05	   5.0000000000000000e+00	
   3.9100000000000001e+00	   4.2135710821216072e-05	   5.0000000000000000e+00	
   3.9199999999999999e+00	   3.5627407245074844e-05	   5.0000000000000000e+00	
   3.9300000000000002e+00	   2.9486116957291855e-05	   5.0000000000000000e+00	
   3.9399999999999999e+00	   2.3759382583912383e-05	   5.0000000000000000e+00	
   3.9500000000000002e+00	   1.8662848435811128e-05	   5.0000000000000000e+00	
   3.9600000000000000e+00	   1.4093037978037014e-05	   5.0000000000000000e+00	
   3.9700000000000002e+00	   9.9149733743240495e-06	   5.0000000000000000e+00	
   3.9800000000000000e+00	   6.1581758462257661e-06	   5.0000000000000000e+00	
   3.9900000000000002e+00	   2.8468754826942710e-06	   5.0000000000000000e+00	
   4.0000000000000000e+00	   3.1805546814635168e-14	   1.0000000000000000e+00	
   4.0099999999999998e+00	   2.7528020668256600e-06	   5.0000000000000000e+00	
   4.0199999999999996e+00	   5.7579115507279098e-06	   5.0000000000000000e+00	
   4.0300000000000002e+00	   8.9641802152912790e-06	   5.0000000000000000e+00	
   4.0400000000000000e+00	   1.2320529599108900e-05	   5.0000000000000000e+00	
   4.0500000000000007e+00	   1.5776399238631544e-05	   5.0000000000000000e+00	
   4.0600000000000005e+00	   1.9420916806281473e-05	   5.0000000000000000e+00	
   4.0700000000000003e+00	   2.3305367028797760e-05	   5.0000000000000000e+00	
   4.0800000000000001e+00	   2.7228609255430863e-05	   5.0000000000000000e+00	
   4.0899999999999999e+00	   3.1138193175206482e-05	   5.0000000000000000e+00	
   4.0999999999999996e+00	   3.4983601910896742e-05	   5.0000000000000000e+00	
   4.1099999999999994e+00	   3.8716634665192816e-05	   5.0000000000000000e+00	
   4.1200000000000001e+00	   4.2786230967882115e-05	   5.0000000000000000e+00	
   4.1299999999999999e+00	   4.6780027540791868e-05	   5.0000000000000000e+00	
   4.1400000000000006e+00	   5.0592839471273846e-05	   5.0000000000000000e+00	
   4.1500000000000004e+00	   5.4180468193919289e-05	   5.0000000000000000e+00	
   4.1600000000000001e+00	   5.7502172647980384e-05	   5.0000000000000000e+00	
   4.1699999999999999e+00	   6.0757934165664164e-05	   5.0000000000000000e+00	
   4.1799999999999997e+00	   6.4184971873443845e-05	   5.0000000000000000e+00	
   4.1899999999999995e+00	   6.7290656641205617e-05	   5.0000000000000000e+00	
   4.2000000000000002e+00	   7.0041957441693855e-05	   5.0000000000000000e+00	
   4.2100000000000000e+00	   7.2410021198838088e-05	   5.0000000000000000e+00	
   4.2200000000000006e+00	   7.4370302936050507e-05	   5.0000000000000000e+00	
   4.2300000000000004e+00	   7.6557235452640572e-05	   5.0000000000000000e+00	
   4.2400000000000002e+00	   7.8514139618892335e-05	   5.0000000000000000e+00	
   4.2500000000000000e+00	   8.0038693545130893e-05	   5.0000000000000000e+00	
   4.2599999999999998e+00	   8.1116064879988088e-05	   5.0000000000000000e+00	
   4.2699999999999996e+00	   8.1735815055721553e-05	   5.0000000000000000e+00	
   4.2799999999999994e+00	   8.2094005905226642e-05	   5.0000000000000000e+00	
   4.2900000000000000e+00	   8.2704556479210612e-05	   5.0000000000000000e+00	
   4.2999999999999998e+00	   8.2863408990165271e-05	   5.0000000000000000e+00	
   4.3100000000000005e+00	   8.2569447228786287e-05	   5.0000000000000000e+00	
   4.3200000000000003e+00	   8.1825557726558144e-05	   5.0000000000000000e+00	
   4.3300000000000001e+00	   8.0638497851790415e-05	   5.0000000000000000e+00	
   4.3399999999999999e+00	   7.9649823523168288e-05	   5.0000000000000000e+00	
   4.3499999999999996e+00	   7.8558876334153182e-05	   5.0000000000000000e+00	
   4.3599999999999994e+00	   7.7061308765553679e-05	   5.0000000000000000e+00	
   4.3700000000000001e+00	   7.5170571510339894e-05	   5.0000000000000000e+00	
   4.3799999999999999e+00	   7.2903169866197988e-05	   5.0000000000000000e+00	
   4.3900000000000006e+00	   7.0383573581087391e-05	   5.0000000000000000e+00	
   4.4000000000000004e+00	   6.8365062770377709e-05	   5.0000000000000000e+00	
   4.4100000000000001e+00	   6.6022827661690715e-05	   5.0000000000000000e+00	
   4.4199999999999999e+00	   6.3376883205748036e-05	   5.0000000000000000e+00	
   4.4299999999999997e+00	   6.0449329359531656e-05	   5.0000000000000000e+00	
   4.4399999999999995e+00	   5.7264112951793737e-05	   5.0000000000000000e+00	
   4.4499999999999993e+00	   5.4353834059329787e-05	   5.0000000000000000e+00	
   4.4600000000000000e+00	   5.1628784412182657e-05	   5.0000000000000000e+00	
   4.4699999999999998e+00	   4.8702100759366016e-05	   5.0000000000000000e+00	
   4.4800000000000004e+00	   4.5418352167040414e-05	   6.0000000000000000e+00	
   4.4900000000000002e+00	   4.1962427961921654e-05	   6.0000000000000000e+00	
   4.5000000000000000e+00	   1.8000000000000000e+02	   1.0000000000000000e+00	
   4.5099999999999998e+00	   6.5238894581634155e-06	   6.0000000000000000e+00	
   4.5199999999999996e+00	   6.8062542937850687e-06	   6.0000000000000000e+00	
   4.5299999999999994e+00	   7.0422601531472695e-06	   6.0000000000000000e+00	
   4.5400000000000000e+00	   7.2318215938290570e-06	   6.0000000000000000e+00	
   4.5499999999999998e+00	   7.3752202603085838e-06	   6.0000000000000000e+00	
   4.5600000000000005e+00	   7.5268612515507010e-06	   6.0000000000000000e+00	
   4.5700000000000003e+00	   7.6967388245309725e-06	   6.0000000000000000e+00	
   4.5800000000000001e+00	   7.8167700575435347e-06	   6.0000000000000000e+00	
   4.5899999999999999e+00	   7.8880380185129608e-06	   6.0000000000000000e+00	
   4.5999999999999996e+00	   7.9119701149358516e-06	   6.0000000000000000e+00	
   4.6099999999999994e+00	   7.8903147104428278e-06	   6.0000000000000000e+00	
   4.6200000000000001e+00	   7.9166059387729293e-06	   6.0000000000000000e+00	
   4.6299999999999999e+00	   7.9069114299927661e-06	   6.0000000000000000e+00	
   4.6400000000000006e+00	   7.8516075380804787e-06	   6.0000000000000000e+00	
   4.6500000000000004e+00	   7.7531348171431231e-06	   6.0000000000000000e+00	
   4.6600000000000001e+00	   7.6141837874412809e-06	   6.0000000000000000e+00	
   4.6699999999999999e+00	   7.4667909422261169e-06	   6.0000000000000000e+00	
   4.6799999999999997e+00	   7.3388823658228786e-06	   6.0000000000000000e+00	
   4.6899999999999995e+00	   7.1730861823876116e-06	   6.0000000000000000e+00	
   4.6999999999999993e+00	   6.9725465356117845e-06	   6.0000000000000000e+00	
   4.7100000000000000e+00	   6.7405628565886373e-06	   6.0000000000000000e+00	
   4.7199999999999998e+00	   6.4805569895999865e-06	   6.0000000000000000e+00	
   4.7300000000000004e+00	   6.2494740054959730e-06	   6.0000000000000000e+00	
   4.7400000000000002e+00	   6.0070872918873816e-06	   6.0000000000000000e+00	
   4.7500000000000000e+00	   5.7408850428238659e-06	   6.0000000000000000e+00	
   4.7599999999999998e+00	   5.4543652577885363e-06	   6.0000000000000000e+00	
   4.7699999999999996e+00	   5.1510488744248670e-06	   6.0000000000000000e+00	
   4.7799999999999994e+00	   4.8463818748768239e-06	   6.0000000000000000e+00	
   4.7900000000000000e+00	   4.5700481469865683e-06	   6.0000000000000000e+00	
   4.7999999999999998e+00	   4.2813400894415177e-06	   6.0000000000000000e+00	
   4.8100000000000005e+00	   3.9835548815021944e-06	   6.0000000000000000e+00	
   4.8200000000000003e+00	   3.6799263585020858e-06	   6.0000000000000000e+00	
   4.8300000000000001e+00	   3.3735997836879110e-06	   6.0000000000000000e+00	
   4.8399999999999999e+00	   3.0921076032153210e-06	   6.0000000000000000e+00	
   4.8499999999999996e+00	   2.8215497244599469e-06	   6.0000000000000000e+00	
   4.8599999999999994e+00	   2.5515459873856152e-06	   6.0000000000000000e+00	
   4.8700000000000001e+00	   2.2847510483183180e-06	   6.0000000000000000e+00	
   4.8799999999999999e+00	   2.0236765404011326e-06	   6.0000000000000000e+00	
   4.8900000000000006e+00	   1.7733230080375685e-06	   6.0000000000000000e+00	
   4.9000000000000004e+00	   1.5510473615130894e-06	   7.0000000000000000e+00	
   4.9100000000000001e+00	   1.3315600309445368e-06	   7.0000000000000000e+00	
   4.9199999999999999e+00	   1.1230454359159713e-06	   7.0000000000000000e+00	
   4.9299999999999997e+00	   9.2710713576447427e-07	   7.0000000000000000e+00	
   4.9399999999999995e+00	   7.4514923088194334e-07	   7.0000000000000000e+00	
   4.9499999999999993e+00	   5.8381918233038715e-07	   7.0000000000000000e+00	
   4.9600000000000000e+00	   4.3973796245510944e-07	   7.0000000000000000e+00	
   4.9699999999999998e+00	   3.0857898638960302e-07	   7.0000000000000000e+00	
   4.9800000000000004e+00	   1.9116519721325918e-07	   7.0000000000000000e+00	
   4.9900000000000002e+00	   8.8146216858657419e-08	   7.0000000000000000e+00	
   5.0000000000000000e+00	   4.4527765540489235e-14	   1.0000000000000000e+00	
   5.0099999999999998e+00	   8.4792385558147758e-08	   7.0000000000000000e+00	
   5.0199999999999996e+00	   1.7689481169065592e-07	   7.0000000000000000e+00	
   5.0299999999999994e+00	   2.7467904431722416e-07	   7.0000000000000000e+00	
   5.0400000000000000e+00	   3.7653520115806415e-07	   7.0000000000000000e+00	
   5.0499999999999998e+00	   4.8088575253560742e-07	   7.0000000000000000e+00	
   5.0600000000000005e+00	   5.9041599623964806e-07	   7.0000000000000000e+00	
   5.0700000000000003e+00	   7.0663520724429040e-07	   7.0000000000000000e+00	
   5.0800000000000001e+00	   8.2340259320939238e-07	   7.0000000000000000e+00	
   5.0899999999999999e+00	   9.3912666818344320e-07	   7.0000000000000000e+00	
   5.0999999999999996e+00	   1.0522908928054462e-06	   7.0000000000000000e+00	
   5.1099999999999994e+00	   1.1614646154130229e-06	   7.0000000000000000e+00	
   5.1200000000000001e+00	   1.2801061114186304e-06	   7.0000000000000000e+00	
   5.1299999999999999e+00	   1.3958300591704941e-06	   7.0000000000000000e+00	
   5.1400000000000006e+00	   1.5055243749683327e-06	   7.0000000000000000e+00	
   5.1500000000000004e+00	   1.6079209716606470e-06	   7.0000000000000000e+00	
   5.1600000000000001e+00	   1.7018681958417162e-06	   7.0000000000000000e+00	
   5.1699999999999999e+00	   1.7933327044828726e-06	   7.0000000000000000e+00	
   5.1799999999999997e+00	   1.8893133590495516e-06	   7.0000000000000000e+00	
   5.1899999999999995e+00	   1.9753074663052153e-06	   7.0000000000000000e+00	
   5.1999999999999993e+00	   2.0504256413831774e-06	   7.0000000000000000e+00	
   5.2100000000000000e+00	   2.1139112557691547e-06	   7.0000000000000000e+00	
   5.2199999999999998e+00	   2.1651424346896087e-06	   7.0000000000000000e+00	
   5.2300000000000004e+00	   2.2226366473888319e-06	   7.0000000000000000e+00	
   5.2400000000000002e+00	   2.2731179532931468e-06	   7.0000000000000000e+00	
   5.2500000000000000e+00	   2.3108005544926277e-06	   7.0000000000000000e+00	
   5.2599999999999998e+00	   2.3353620699647617e-06	   7.0000000000000000e+00	
   5.2699999999999996e+00	   2.3466111575399118e-06	   7.0000000000000000e+00	
   5.2799999999999994e+00	   2.3502713780339960e-06	   7.0000000000000000e+00	
   5.2900000000000000e+00	   2.3610782667306729e-06	   7.0000000000000000e+00	
   5.2999999999999998e+00	   2.3589276519883795e-06	   7.0000000000000000e+00	
   5.3100000000000005e+00	   2.3438973047301874e-06	   7.0000000000000000e+00	
   5.3200000000000003e+00	   2.3161786052923896e-06	   7.0000000000000000e+00	
   5.3300000000000001e+00	   2.2760712764259480e-06	   7.0000000000000000e+00	
   5.3399999999999999e+00	   2.2417389061390773e-06	   7.0000000000000000e+00	
   5.3499999999999996e+00	   2.2046964106525692e-06	   7.0000000000000000e+00	
   5.3599999999999994e+00	   2.1564516326336030e-06	   7.0000000000000000e+00	
   5.3700000000000001e+00	   2.0974782838964369e-06	   7.0000000000000000e+00	
   5.3799999999999999e+00	   2.0283307860109244e-06	   7.0000000000000000e+00	
   5.3900000000000006e+00	   1.9525530529475581e-06	   7.0000000000000000e+00	
   5.4000000000000004e+00	   1.8910431609630496e-06	   7.0000000000000000e+00	
   5.4100000000000001e+00	   1.8209310390093053e-06	   7.0000000000000000e+00	
   5.4199999999999999e+00	   1.7428454191357567e-06	   7.0000000000000000e+00	
   5.4299999999999997e+00	   1.6574657059890205e-06	   7.0000000000000000e+00	
   5.4399999999999995e+00	   1.5655146488149127e-06	   7.0000000000000000e+00	
   5.4499999999999993e+00	   1.4815717258010900e-06	   7.0000000000000000e+00	
   5.4600000000000000e+00	   1.4031329307746025e-06	   7.0000000000000000e+00	
   5.4699999999999998e+00	   1.3196704114620869e-06	   7.0000000000000000e+00	
   5.4800000000000004e+00	   1.2318637378990038e-06	   7.0000000000000000e+00	
   5.4900000000000002e+00	   1.1404095851438902e-06	   7.0000000000000000e+00	
   5.5000000000000000e+00	   1.8000000000000000e+02	   1.0000000000000000e+00	
   5.5099999999999998e+00	   1.9427639035822934e-07	   8.0000000000000000e+00	
   5.5199999999999996e+00	   2.0230474648517953e-07	   8.0000000000000000e+00	
   5.5299999999999994e+00	   2.0892564355448852e-07	   8.0000000000000000e+00	
   5.5400000000000000e+00	   2.1414432312027132e-07	   8.0000000000000000e+00	
   5.5499999999999998e+00	   2.1797686606699740e-07	   8.0000000000000000e+00	
   5.5600000000000005e+00	   2.2203587086815305e-07	   8.0000000000000000e+00	
   5.5700000000000003e+00	   2.2661431749877597e-07	   8.0000000000000000e+00	
   5.5800000000000001e+00	   2.2970823387071642e-07	   8.0000000000000000e+00	
   5.5899999999999999e+00	   2.3135784763958555e-07	   8.0000000000000000e+00	
   5.5999999999999996e+00	   2.3161320801385091e-07	   8.0000000000000000e+00	
   5.6099999999999994e+00	   2.3053337153283784e-07	   8.0000000000000000e+00	
   5.6200000000000001e+00	   2.3085361522260504e-07	   8.0000000000000000e+00	
   5.6299999999999999e+00	   2.3012297820117925e-07	   8.0000000000000000e+00	
   5.6400000000000006e+00	   2.2806816176589167e-07	   8.0000000000000000e+00	
   5.6500000000000004e+00	   2.2476766200628079e-07	   8.0000000000000000e+00	
   5.6600000000000001e+00	   2.2030661601006005e-07	   8.0000000000000000e+00	
   5.6699999999999999e+00	   2.1561714257661662e-07	   8.0000000000000000e+00	
   5.6799999999999997e+00	   2.1150547415104528e-07	   8.0000000000000000e+00	
   5.6899999999999995e+00	   2.0631824390995282e-07	   8.0000000000000000e+00	
   5.6999999999999993e+00	   2.0015214071565568e-07	   8.0000000000000000e+00	
   5.7100000000000000e+00	   1.9310769554052557e-07	   8.0000000000000000e+00	
   5.7199999999999998e+00	   1.8528818735617897e-07	   8.0000000000000000e+00	
   5.7300000000000004e+00	   1.7832345960358506e-07	   8.0000000000000000e+00	
   5.7400000000000002e+00	   1.7106285121008399e-07	   8.0000000000000000e+00	
   5.7500000000000000e+00	   1.6315288805059656e-07	   8.0000000000000000e+00	
   5.7599999999999998e+00	   1.5469691270783295e-07	   8.0000000000000000e+00	
   5.7699999999999996e+00	   1.4579815326453471e-07	   8.0000000000000000e+00	
   5.7799999999999994e+00	   1.3689593337774303e-07	   8.0000000000000000e+00	
   5.7900000000000000e+00	   1.2882715876190080e-07	   8.0000000000000000e+00	
   5.7999999999999998e+00	   1.2044189351081547e-07	   8.0000000000000000e+00	
   5.8100000000000005e+00	   1.1183484182068234e-07	   8.0000000000000000e+00	
   5.8200000000000003e+00	   1.0309827794392002e-07	   8.0000000000000000e+00	
   5.8300000000000001e+00	   9.4321142911640941e-08	   8.0000000000000000e+00	
   5.8399999999999999e+00	   8.6272138623698659e-08	   8.0000000000000000e+00	
   5.8499999999999996e+00	   7.8560056854273188e-08	   8.0000000000000000e+00	
   5.8599999999999994e+00	   7.0894576572040509e-08	   8.0000000000000000e+00	
   5.8700000000000001e+00	   6.3349244923454806e-08	   8.0000000000000000e+00	
   5.8799999999999999e+00	   5.5993029056228922e-08	   8.0000000000000000e+00	
   5.8900000000000006e+00	   4.8963010877133934e-08	   8.0000000000000000e+00	
   5.9000000000000004e+00	   4.2753130528201124e-08	   8.0000000000000000e+00	
   5.9100000000000001e+00	   3.6772326449646048e-08	   8.0000000000000000e+00	
   5.9199999999999999e+00	   3.1071983682902420e-08	   8.0000000000000000e+00	
   5.9299999999999997e+00	   2.5698449270788536e-08	   8.0000000000000000e+00	
   5.9399999999999995e+00	   2.0692828702007626e-08	   8.0000000000000000e+00	
   5.9500000000000002e+00	   1.6242310341782539e-08	   8.0000000000000000e+00	
   5.9600000000000000e+00	   1.2256063909520048e-08	   8.0000000000000000e+00	
   5.9699999999999998e+00	   8.6159636043505937e-09	   8.0000000000000000e+00	
   5.9800000000000004e+00	   5.3471803360232792e-09	   8.0000000000000000e+00	
   5.9900000000000002e+00	   2.4699742378590268e-09	   8.0000000000000000e+00	
   6.0000000000000000e+00	   5.0888874903416268e-14	   1.0000000000000000e+00	
   6.0099999999999998e+00	   2.3842773725216738e-09	   8.0000000000000000e+00	
   6.0199999999999996e+00	   4.9827523806211893e-09	   8.0000000000000000e+00	
   6.0300000000000002e+00	   7.7504074533371129e-09	   8.0000000000000000e+00	
   6.0400000000000000e+00	   1.0642536714066791e-08	   8.0000000000000000e+00	
   6.0499999999999998e+00	   1.3614981341612787e-08	   8.0000000000000000e+00	
   6.0600000000000005e+00	   1.6744131898314492e-08	   8.0000000000000000e+00	
   6.0700000000000003e+00	   2.0073485649995597e-08	   8.0000000000000000e+00	
   6.0800000000000001e+00	   2.3429225283314124e-08	   8.0000000000000000e+00	
   6.0899999999999999e+00	   2.6765932477418773e-08	   8.0000000000000000e+00	
   6.0999999999999996e+00	   3.0040059077610948e-08	   8.0000000000000000e+00	
   6.1099999999999994e+00	   3.3210257873031621e-08	   8.0000000000000000e+00	
   6.1200000000000001e+00	   3.6661312369044241e-08	   8.0000000000000000e+00	
   6.1299999999999999e+00	   4.0039175940727032e-08	   8.0000000000000000e+00	
   6.1399999999999997e+00	   4.3253915223906920e-08	   8.0000000000000000e+00	
   6.1500000000000004e+00	   4.6268063284436262e-08	   8.0000000000000000e+00	
   6.1600000000000001e+00	   4.9047511853911056e-08	   8.0000000000000000e+00	
   6.1699999999999999e+00	   5.1763133052038234e-08	   8.0000000000000000e+00	
   6.1799999999999997e+00	   5.4616917545528190e-08	   8.0000000000000000e+00	
   6.1899999999999995e+00	   5.7189439227426964e-08	   8.0000000000000000e+00	
   6.2000000000000002e+00	   5.9453561605192309e-08	   8.0000000000000000e+00	
   6.2100000000000000e+00	   6.1385863074149923e-08	   8.0000000000000000e+00	
   6.2199999999999998e+00	   6.2966624195274747e-08	   8.0000000000000000e+00	
   6.2300000000000004e+00	   6.4733625876327349e-08	   8.0000000000000000e+00	
   6.2400000000000002e+00	   6.6300303501322636e-08	   8.0000000000000000e+00	
   6.2500000000000000e+00	   6.7496751839176858e-08	   8.0000000000000000e+00	
   6.2599999999999998e+00	   6.8311902559598509e-08	   8.0000000000000000e+00	
   6.2699999999999996e+00	   6.8738503997913842e-08	   8.0000000000000000e+00	
   6.2800000000000002e+00	   6.8942771941776164e-08	   8.0000000000000000e+00	
   6.2900000000000000e+00	   6.9356587550272017e-08	   8.0000000000000000e+00	
   6.2999999999999998e+00	   6.9389474485678355e-08	   8.0000000000000000e+00	
   6.3100000000000005e+00	   6.9042119747806358e-08	   8.0000000000000000e+00	
   6.3200000000000003e+00	   6.8318581724429580e-08	   8.0000000000000000e+00	
   6.3300000000000001e+00	   6.7226302913502660e-08	   8.0000000000000000e+00	
   6.3399999999999999e+00	   6.6301003223352560e-08	   8.0000000000000000e+00	
   6.3499999999999996e+00	   6.5292105833954888e-08	   8.0000000000000000e+00	
   6.3599999999999994e+00	   6.3947443647944460e-08	   8.0000000000000000e+00	
   6.3700000000000001e+00	   6.2279916995109327e-08	   8.0000000000000000e+00	
   6.3799999999999999e+00	   6.0304767093483028e-08	   8.0000000000000000e+00	
   6.3899999999999997e+00	   5.8126328858836311e-08	   8.0000000000000000e+00	
   6.4000000000000004e+00	   5.6366871453488145e-08	   8.0000000000000000e+00	
   6.4100000000000001e+00	   5.4345527175668268e-08	   8.0000000000000000e+00	
   6.4199999999999999e+00	   5.2080170742686517e-08	   8.0000000000000000e+00	
   6.4299999999999997e+00	   4.9590254426974715e-08	   8.0000000000000000e+00	
   6.4399999999999995e+00	   4.6896693556118162e-08	   8.0000000000000000e+00	
   6.4500000000000002e+00	   4.4436165565663086e-08	   8.0000000000000000e+00	
   6.4600000000000000e+00	   4.2134404503797299e-08	   8.0000000000000000e+00	
   6.4699999999999998e+00	   3.9675594012870209e-08	   8.0000000000000000e+00	
   6.4800000000000004e+00	   3.7079606198531598e-08	   8.0000000000000000e+00	
   6.4900000000000002e+00	   3.4367165555085885e-08	   8.0000000000000000e+00	
   6.5000000000000000e+00	   1.8000000000000000e+02	   1.0000000000000000e+00	
   6.5099999999999998e+00	   6.9709807230976625e-09	   8.0000000000000000e+00	
   6.5199999999999996e+00	   7.2889344134942082e-09	   8.0000000000000000e+00	
   6.5300000000000002e+00	   7.5583910061077969e-09	   8.0000000000000000e+00	
   6.5400000000000000e+00	   7.7788670566268478e-09	   8.0000000000000000e+00	
   6.5499999999999998e+00	   7.9503625650513609e-09	   8.0000000000000000e+00	
   6.5600000000000005e+00	   8.1313297653172725e-09	   8.0000000000000000e+00	
   6.5700000000000003e+00	   8.3326461544351867e-09	   8.0000000000000000e+00	
   6.5800000000000001e+00	   8.4805546693419654e-09	   8.0000000000000000e+00	
   6.5899999999999999e+00	   8.5758695320360648e-09	   8.0000000000000000e+00	
   6.5999999999999996e+00	   8.6198375199526170e-09	   8.0000000000000000e+00	
   6.6099999999999994e+00	   8.6140107437761751e-09	   8.0000000000000000e+00	
   6.6200000000000001e+00	   8.6604468421255421e-09	   8.0000000000000000e+00	
   6.6299999999999999e+00	   8.6673931735498581e-09	   8.0000000000000000e+00	
   6.6399999999999997e+00	   8.6240867410070516e-09	   8.0000000000000000e+00	
   6.6500000000000004e+00	   8.5329193216175813e-09	   8.0000000000000000e+00	
   6.6600000000000001e+00	   8.3965880257513286e-09	   8.0000000000000000e+00	
   6.6699999999999999e+00	   8.2501680104354741e-09	   8.0000000000000000e+00	
   6.6799999999999997e+00	   8.1245742671738435e-09	   8.0000000000000000e+00	
   6.6899999999999995e+00	   7.9563356467431489e-09	   8.0000000000000000e+00	
   6.7000000000000002e+00	   7.7486072593874033e-09	   8.0000000000000000e+00	
   6.7100000000000000e+00	   7.5049767707872987e-09	   8.0000000000000000e+00	
   6.7199999999999998e+00	   7.2290064021860722e-09	   8.0000000000000000e+00	
   6.7300000000000004e+00	   6.9842690805568174e-09	   8.0000000000000000e+00	
   6.7400000000000002e+00	   6.7257027071725597e-09	   8.0000000000000000e+00	
   6.7500000000000000e+00	   6.4393382858723103e-09	   8.0000000000000000e+00	
   6.7599999999999998e+00	   6.1290052044925517e-09	   8.0000000000000000e+00	
   6.7699999999999996e+00	   5.7985074064323149e-09	   8.0000000000000000e+00	
   6.7800000000000002e+00	   5.4652997757834712e-09	   8.0000000000000000e+00	
   6.7900000000000000e+00	   5.1627145256077578e-09	   8.0000000000000000e+00	
   6.7999999999999998e+00	   4.8449389462733753e-09	   8.0000000000000000e+00	
   6.8100000000000005e+00	   4.5157006478669976e-09	   8.0000000000000000e+00	
   6.8200000000000003e+00	   4.1786254627254941e-09	   8.0000000000000000e+00	
   6.8300000000000001e+00	   3.8372374454359262e-09	   8.0000000000000000e+00	
   6.8399999999999999e+00	   3.5229223095949754e-09	   8.0000000000000000e+00	
   6.8499999999999996e+00	   3.2199681150762127e-09	   8.0000000000000000e+00	
   6.8599999999999994e+00	   2.9166576984331258e-09	   8.0000000000000000e+00	
   6.8700000000000001e+00	   2.6158917255352097e-09	   8.0000000000000000e+00	
   6.8799999999999999e+00	   2.3207108066579439e-09	   8.0000000000000000e+00	
   6.8899999999999997e+00	   2.0368272180092363e-09	   8.0000000000000000e+00	
   6.9000000000000004e+00	   1.7850799538620360e-09	   8.0000000000000000e+00	
   6.9100000000000001e+00	   1.5410041876065256e-09	   8.0000000000000000e+00	
   6.9199999999999999e+00	   1.3069026408320848e-09	   8.0000000000000000e+00	
   6.9299999999999997e+00	   1.0848235907535763e-09	   8.0000000000000000e+00	
   6.9399999999999995e+00	   8.7673898127350723e-10	   8.0000000000000000e+00	
   6.9500000000000002e+00	   6.9067017129852848e-10	   8.0000000000000000e+00	
   6.9600000000000000e+00	   5.2305493958540121e-10	   8.0000000000000000e+00	
   6.9699999999999998e+00	   3.6903975969021183e-10	   8.0000000000000000e+00	
   6.9800000000000004e+00	   2.2988413126682006e-10	   8.0000000000000000e+00	
   6.9900000000000002e+00	   1.0659310959456831e-10	   8.0000000000000000e+00	
   7.0000000000000000e+00	   7.6333312355124402e-14	   1.0000000000000000e+00	
   7.0099999999999998e+00	   1.0353977710036333e-10	   8.0000000000000000e+00	
   7.0199999999999996e+00	   2.1721280141586942e-10	   8.0000000000000000e+00	
   7.0300000000000002e+00	   3.3906621237209966e-10	   8.0000000000000000e+00	
   7.0400000000000000e+00	   4.6726801047253107e-10	   8.0000000000000000e+00	
   7.0499999999999998e+00	   5.9988441847083395e-10	   8.0000000000000000e+00	
   7.0599999999999996e+00	   7.4034407431362570e-10	   8.0000000000000000e+00	
   7.0700000000000003e+00	   8.9068253299704325e-10	   8.0000000000000000e+00	
   7.0800000000000001e+00	   1.0432346577387593e-09	   8.0000000000000000e+00	
   7.0899999999999999e+00	   1.1959903379800892e-09	   8.0000000000000000e+00	
   7.0999999999999996e+00	   1.3469776298185253e-09	   8.0000000000000000e+00	
   7.1100000000000003e+00	   1.4943009226639154e-09	   8.0000000000000000e+00	
   7.1200000000000001e+00	   1.6552878784208728e-09	   8.0000000000000000e+00	
   7.1299999999999999e+00	   1.8140738903382572e-09	   8.0000000000000000e+00	
   7.1399999999999997e+00	   1.9665115151114406e-09	   8.0000000000000000e+00	
   7.1500000000000004e+00	   2.1107560310251743e-09	   8.0000000000000000e+00	
   7.1600000000000001e+00	   2.2452171607387256e-09	   8.0000000000000000e+00	
   7.1699999999999999e+00	   2.3776681798935926e-09	   8.0000000000000000e+00	
   7.1799999999999997e+00	   2.5172945304098409e-09	   8.0000000000000000e+00	
   7.1899999999999995e+00	   2.6448093286990763e-09	   8.0000000000000000e+00	
   7.2000000000000002e+00	   2.7588512973576322e-09	   8.0000000000000000e+00	
   7.2100000000000000e+00	   2.8581736589503748e-09	   8.0000000000000000e+00	
   7.2199999999999998e+00	   2.9416695804481549e-09	   8.0000000000000000e+00	
   7.2300000000000004e+00	   3.0344527216158085e-09	   8.0000000000000000e+00	
   7.2400000000000002e+00	   3.1183430318940904e-09	   8.0000000000000000e+00	
   7.2500000000000000e+00	   3.1852364579546309e-09	   8.0000000000000000e+00	
   7.2599999999999998e+00	   3.2344968888611381e-09	   8.0000000000000000e+00	
   7.2699999999999996e+00	   3.2655518247709478e-09	   8.0000000000000000e+00	
   7.2800000000000002e+00	   3.2861618191068315e-09	   8.0000000000000000e+00	
   7.2900000000000000e+00	   3.3168478106735915e-09	   8.0000000000000000e+00	
   7.2999999999999998e+00	   3.3293919183372835e-09	   8.0000000000000000e+00	
   7.3099999999999996e+00	   3.3236414754731973e-09	   8.0000000000000000e+00	
   7.3200000000000003e+00	   3.2996092043000592e-09	   8.0000000000000000e+00	
   7.3300000000000001e+00	   3.2575113825362079e-09	   8.0000000000000000e+00	
   7.3399999999999999e+00	   3.2231741141951280e-09	   8.0000000000000000e+00	
   7.3499999999999996e+00	   3.1844731248310798e-09	   8.0000000000000000e+00	
   7.3600000000000003e+00	   3.1290296956238078e-09	   8.0000000000000000e+00	
   7.3700000000000001e+00	   3.0573272708848941e-09	   8.0000000000000000e+00	
   7.3799999999999999e+00	   2.9699765171131801e-09	   8.0000000000000000e+00	
   7.3899999999999997e+00	   2.8719136551742970e-09	   8.0000000000000000e+00	
   7.4000000000000004e+00	   2.7939518988222636e-09	   8.0000000000000000e+00	
   7.4100000000000001e+00	   2.7024155350897432e-09	   8.0000000000000000e+00	
   7.4199999999999999e+00	   2.5980806193190141e-09	   8.0000000000000000e+00	
   7.4299999999999997e+00	   2.4817740957272563e-09	   8.0000000000000000e+00	
   7.4399999999999995e+00	   2.3544246862814569e-09	   8.0000000000000000e+00	
   7.4500000000000002e+00	   2.2379845793930776e-09	   8.0000000000000000e+00	
   7.4600000000000000e+00	   2.1288088593971612e-09	   8.0000000000000000e+00	
   7.4699999999999998e+00	   2.0109311417927600e-09	   8.0000000000000000e+00	
   7.4800000000000004e+00	   1.8852674263281365e-09	   8.0000000000000000e+00	
   7.4900000000000002e+00	   1.7528545738294474e-09	   8.0000000000000000e+00	
   7.5000000000000000e+00	   1.8000000000000000e+02	   1.0000000000000000e+00	
   7.5099999999999998e+00	   4.7242050905650198e-10	   8.0000000000000000e+00	
   7.5199999999999996e+00	   4.9521872501323249e-10	   8.0000000000000000e+00	
   7.5300000000000002e+00	   5.1481094185104777e-10	   8.0000000000000000e+00	
   7.5400000000000000e+00	   5.3109538182014099e-10	   8.0000000000000000e+00	
   7.5499999999999998e+00	   5.4417382267031898e-10	   8.0000000000000000e+00	
   7.5599999999999996e+00	   5.5786929112870087e-10	   8.0000000000000000e+00	
   7.5700000000000003e+00	   5.7316139803717738e-10	   8.0000000000000000e+00	
   7.5800000000000001e+00	   5.8473861707770463e-10	   8.0000000000000000e+00	
   7.5899999999999999e+00	   5.9272817043754101e-10	   8.0000000000000000e+00	
   7.5999999999999996e+00	   5.9723183586649332e-10	   8.0000000000000000e+00	
   7.6100000000000003e+00	   5.9827505780201334e-10	   8.0000000000000000e+00	
   7.6200000000000001e+00	   6.0300772316803107e-10	   8.0000000000000000e+00	
   7.6299999999999999e+00	   6.0494150041436087e-10	   8.0000000000000000e+00	
   7.6399999999999997e+00	   6.0336394529235496e-10	   8.0000000000000000e+00	
   7.6500000000000004e+00	   5.9842772442672358e-10	   8.0000000000000000e+00	
   7.6600000000000001e+00	   5.9031094887962873e-10	   8.0000000000000000e+00	
   7.6699999999999999e+00	   5.8136722911535328e-10	   8.0000000000000000e+00	
   7.6799999999999997e+00	   5.7386112006709939e-10	   8.0000000000000000e+00	
   7.6900000000000004e+00	   5.6335256739954391e-10	   8.0000000000000000e+00	
   7.7000000000000002e+00	   5.4996879329994544e-10	   8.0000000000000000e+00	
   7.7100000000000000e+00	   5.3391335326791763e-10	   8.0000000000000000e+00	
   7.7199999999999998e+00	   5.1551702499033261e-10	   8.0000000000000000e+00	
   7.7300000000000004e+00	   4.9935980720849798e-10	   8.0000000000000000e+00	
   7.7400000000000002e+00	   4.8199397864770720e-10	   8.0000000000000000e+00	
   7.7500000000000000e+00	   4.6255442843460216e-10	   8.0000000000000000e+00	
   7.7599999999999998e+00	   4.4129560094370002e-10	   8.0000000000000000e+00	
   7.7699999999999996e+00	   4.1848466276824369e-10	   8.0000000000000000e+00	
   7.7800000000000002e+00	   3.9544472465572199e-10	   8.0000000000000000e+00	
   7.7900000000000000e+00	   3.7442761932061104e-10	   8.0000000000000000e+00	
   7.7999999999999998e+00	   3.5222734764399571e-10	   8.0000000000000000e+00	
   7.8099999999999996e+00	   3.2904746512548960e-10	   8.0000000000000000e+00	
   7.8200000000000003e+00	   3.0521874945196495e-10	   8.0000000000000000e+00	
   7.8300000000000001e+00	   2.8094475612303536e-10	   8.0000000000000000e+00	
   7.8399999999999999e+00	   2.5852820672808049e-10	   8.0000000000000000e+00	
   7.8499999999999996e+00	   2.3682410158177347e-10	   8.0000000000000000e+00	
   7.8600000000000003e+00	   2.1503094090438544e-10	   8.0000000000000000e+00	
   7.8700000000000001e+00	   1.9330139132062668e-10	   8.0000000000000000e+00	
   7.8799999999999999e+00	   1.7188989720501431e-10	   8.0000000000000000e+00	
   7.8899999999999997e+00	   1.5119084733804974e-10	   8.0000000000000000e+00	
   7.9000000000000004e+00	   1.3285813015409402e-10	   8.0000000000000000e+00	
   7.9100000000000001e+00	   1.1497069062554320e-10	   8.0000000000000000e+00	
   7.9199999999999999e+00	   9.7706639814559242e-11	   8.0000000000000000e+00	
   7.9299999999999997e+00	   8.1307699876933340e-11	   8.0000000000000000e+00	
   7.9400000000000004e+00	   6.5875648562472365e-11	   8.0000000000000000e+00	
   7.9500000000000002e+00	   5.2002069041928499e-11	   8.0000000000000000e+00	
   7.9600000000000000e+00	   3.9483405815688098e-11	   8.0000000000000000e+00	
   7.9699999999999998e+00	   2.7918908993886750e-11	   8.0000000000000000e+00	
   7.9800000000000004e+00	   1.7473967419960561e-11	   8.0000000000000000e+00	
   7.9900000000000002e+00	   8.1358588751836763e-12	   8.0000000000000000e+00	
   8.0000000000000000e+00	   7.6333312355124402e-14	   1.0000000000000000e+00	
