   5.0000000000000000e-01	   4.9999999998892575e-01	   1.0000000000000000e+00	
   5.1000000000000001e-01	   4.7593428892727552e-01	   1.0000000000000000e+00	
   5.2000000000000002e-01	   4.5067519616199192e-01	   1.0000000000000000e+00	
   5.3000000000000003e-01	   4.2641457693282114e-01	   1.0000000000000000e+00	
   5.4000000000000004e-01	   4.0731917673956808e-01	   1.0000000000000000e+00	
   5.5000000000000004e-01	   3.8692337930821163e-01	   1.0000000000000000e+00	
   5.6000000000000005e-01	   3.6554680372941206e-01	   1.0000000000000000e+00	
   5.7000000000000006e-01	   3.4348752822868289e-01	   1.0000000000000000e+00	
   5.7999999999999996e-01	   3.2101853386960166e-01	   1.0000000000000000e+00	
   5.8999999999999997e-01	   3.0195613477108796e-01	   1.0000000000000000e+00	
   5.9999999999999998e-01	   2.8409842401976104e-01	   1.0000000000000000e+00	
   6.0999999999999999e-01	   2.6575983421157257e-01	   1.0000000000000000e+00	
   6.2000000000000000e-01	   2.4715406426581854e-01	   1.0000000000000000e+00	
   6.3000000000000000e-01	   2.2847649468824027e-01	   1.0000000000000000e+00	
   6.4000000000000001e-01	   2.1032301068865200e-01	   1.0000000000000000e+00	
   6.5000000000000002e-01	   1.9549882633565963e-01	   1.0000000000000000e+00	
   6.6000000000000003e-01	   1.8056763052083324e-01	   1.0000000000000000e+00	
   6.7000000000000004e-01	   1.6567840184219684e-01	   1.0000000000000000e+00	
   6.7999999999999994e-01	   1.5096592786125140e-01	   1.0000000000000000e+00	
   6.8999999999999995e-01	   1.3655025381701202e-01	   1.0000000000000000e+00	
   6.9999999999999996e-01	   1.2391369893844373e-01	   1.0000000000000000e+00	
   7.0999999999999996e-01	   1.1259805323261629e-01	   1.0000000000000000e+00	
   7.1999999999999997e-01	   1.0151769583369630e-01	   1.0000000000000000e+00	
   7.2999999999999998e-01	   9.0758391557611118e-02	   1.0000000000000000e+00	
   7.3999999999999999e-01	   8.0394605033175637e-02	   1.0000000000000000e+00	
   7.5000000000000000e-01	   7.0489628616417610e-02	   1.0000000000000000e+00	
   7.6000000000000001e-01	   6.2702010057395619e-02	   1.0000000000000000e+00	
   7.7000000000000002e-01	   5.9773070996300470e-02	   1.0000000000000000e+00	
   7.8000000000000003e-01	   5.9726159638014864e-02	   1.0000000000000000e+00	
   7.9000000000000004e-01	   5.9159934007783077e-02	   1.0000000000000000e+00	
   8.0000000000000004e-01	   5.8109971472141253e-02	   1.0000000000000000e+00	
   8.1000000000000005e-01	   5.6987249393784523e-02	   1.0000000000000000e+00	
   8.2000000000000006e-01	   5.5848425490487297e-02	   1.0000000000000000e+00	
   8.3000000000000007e-01	   5.4240330295036943e-02	   1.0000000000000000e+00	
   8.4000000000000008e-01	   5.2207590968422313e-02	   1.0000000000000000e+00	
   8.5000000000000009e-01	   4.9796258335715549e-02	   1.0000000000000000e+00	
   8.5999999999999999e-01	   4.7053533005005033e-02	   1.0000000000000000e+00	
   8.7000000000000000e-01	   4.4508359327078639e-02	   1.0000000000000000e+00	
   8.8000000000000000e-01	   4.1699359033821826e-02	   1.0000000000000000e+00	
   8.9000000000000001e-01	   3.8611203816794060e-02	   1.0000000000000000e+00	
   9.0000000000000002e-01	   3.5294103392080278e-02	   1.0000000000000000e+00	
   9.1000000000000003e-01	   3.1798082052427290e-02	   1.0000000000000000e+00	
   9.1999999999999993e-01	   2.8278330311164557e-02	   1.0000000000000000e+00	
   9.2999999999999994e-01	   2.4832254104183993e-02	   1.0000000000000000e+00	
   9.3999999999999995e-01	   2.1268765797273104e-02	   1.0000000000000000e+00	
   9.4999999999999996e-01	   1.7635875359168551e-02	   1.0000000000000000e+00	
   9.5999999999999996e-01	   1.3980249999137828e-02	   1.0000000000000000e+00	
   9.6999999999999997e-01	   1.0346913016864856e-02	   1.0000000000000000e+00	
   9.7999999999999998e-01	   6.8368078647608188e-03	   1.0000000000000000e+00	
   9.8999999999999999e-01	   3.3824715776362702e-03	   1.0000000000000000e+00	
   1.0000000000000000e+00	   2.2204460492503131e-16	   1.0000000000000000e+00	
   1.0100000000000000e+00	   3.2715580777675779e-03	   1.0000000000000000e+00	
   1.0200000000000000e+00	   6.3955238656112634e-03	   1.0000000000000000e+00	
   1.0300000000000000e+00	   9.3611913932425406e-03	   1.0000000000000000e+00	
   1.0400000000000000e+00	   1.2236214763507558e-02	   1.0000000000000000e+00	
   1.0500000000000000e+00	   1.4933553207459704e-02	   1.0000000000000000e+00	
   1.0600000000000001e+00	   1.7423922617258114e-02	   1.0000000000000000e+00	
   1.0700000000000001e+00	   1.9680771213902437e-02	   1.0000000000000000e+00	
   1.0800000000000001e+00	   2.1680443629163326e-02	   1.0000000000000000e+00	
   1.0899999999999999e+00	   2.3595893721889860e-02	   1.0000000000000000e+00	
   1.1000000000000001e+00	   2.5357654768340510e-02	   1.0000000000000000e+00	
   1.1099999999999999e+00	   2.6859333347491798e-02	   1.0000000000000000e+00	
   1.1200000000000001e+00	   2.8084673508077307e-02	   1.0000000000000000e+00	
   1.1299999999999999e+00	   2.9020328270068285e-02	   1.0000000000000000e+00	
   1.1400000000000001e+00	   2.9702292296199806e-02	   1.0000000000000000e+00	
   1.1499999999999999e+00	   3.0471931515903217e-02	   1.0000000000000000e+00	
   1.1600000000000001e+00	   3.0969710507747772e-02	   1.0000000000000000e+00	
   1.1699999999999999e+00	   3.1188691811407709e-02	   1.0000000000000000e+00	
   1.1800000000000002e+00	   3.1124636795545779e-02	   1.0000000000000000e+00	
   1.1899999999999999e+00	   3.0776024877901875e-02	   1.0000000000000000e+00	
   1.2000000000000002e+00	   3.0440986847692697e-02	   1.0000000000000000e+00	
   1.2100000000000000e+00	   3.0087333558384888e-02	   1.0000000000000000e+00	
   1.2200000000000000e+00	   2.9485603817299033e-02	   1.0000000000000000e+00	
   1.2300000000000000e+00	   2.8638682543812743e-02	   1.0000000000000000e+00	
   1.2400000000000000e+00	   2.7551729808217962e-02	   1.0000000000000000e+00	
   1.2500000000000000e+00	   2.6232121900236605e-02	   1.0000000000000000e+00	
   1.2600000000000000e+00	   2.6565785281981835e-02	   1.0000000000000000e+00	
   1.2700000000000000e+00	   2.8739724784553666e-02	   1.0000000000000000e+00	
   1.2800000000000000e+00	   3.0823276403484035e-02	   1.0000000000000000e+00	
   1.2900000000000000e+00	   3.2800619428012046e-02	   1.0000000000000000e+00	
   1.3000000000000000e+00	   3.4656877771336747e-02	   1.0000000000000000e+00	
   1.3100000000000001e+00	   3.6625718876040270e-02	   1.0000000000000000e+00	
   1.3200000000000001e+00	   3.8761292096779254e-02	   1.0000000000000000e+00	
   1.3300000000000001e+00	   4.0741616412093395e-02	   1.0000000000000000e+00	
   1.3399999999999999e+00	   4.2552767498196364e-02	   1.0000000000000000e+00	
   1.3500000000000001e+00	   4.4182095266802057e-02	   1.0000000000000000e+00	
   1.3599999999999999e+00	   4.5618270355311297e-02	   1.0000000000000000e+00	
   1.3700000000000001e+00	   4.7360803226924486e-02	   1.0000000000000000e+00	
   1.3799999999999999e+00	   4.8955768004227962e-02	   1.0000000000000000e+00	
   1.3900000000000001e+00	   5.0329486611194074e-02	   1.0000000000000000e+00	
   1.3999999999999999e+00	   5.1473376579476593e-02	   1.0000000000000000e+00	
   1.4100000000000001e+00	   5.2380433333155230e-02	   1.0000000000000000e+00	
   1.4199999999999999e+00	   5.3236689107858171e-02	   1.0000000000000000e+00	
   1.4300000000000002e+00	   5.4227870471666884e-02	   1.0000000000000000e+00	
   1.4399999999999999e+00	   5.4965842761466321e-02	   1.0000000000000000e+00	
   1.4500000000000002e+00	   5.5447379775993566e-02	   1.0000000000000000e+00	
   1.4600000000000000e+00	   5.5670950630746230e-02	   1.0000000000000000e+00	
   1.4700000000000000e+00	   5.5636710780917142e-02	   1.0000000000000000e+00	
   1.4800000000000000e+00	   4.4265110215407355e-02	   1.0000000000000000e+00	
   1.4900000000000000e+00	   3.1517846010337025e-02	   1.0000000000000000e+00	
   1.5000000000000000e+00	   1.8518518520751814e-02	   1.0000000000000000e+00	
   1.5100000000000000e+00	   1.1539818107158428e-02	   1.0000000000000000e+00	
   1.5200000000000000e+00	   1.5475067171093926e-02	   1.0000000000000000e+00	
   1.5300000000000000e+00	   1.7986346818716026e-02	   1.0000000000000000e+00	
   1.5400000000000000e+00	   1.0539717688766270e-02	   2.0000000000000000e+00	
   1.5500000000000000e+00	   6.0517826840588151e-03	   2.0000000000000000e+00	
   1.5600000000000001e+00	   7.2011541123230272e-03	   2.0000000000000000e+00	
   1.5700000000000001e+00	   6.9052954651712684e-03	   2.0000000000000000e+00	
   1.5800000000000001e+00	   6.5878421993419423e-03	   2.0000000000000000e+00	
   1.5900000000000001e+00	   6.3012538226057124e-03	   2.0000000000000000e+00	
   1.6000000000000001e+00	   6.0200815284694453e-03	   2.0000000000000000e+00	
   1.6100000000000001e+00	   5.7216402131787802e-03	   2.0000000000000000e+00	
   1.6200000000000001e+00	   5.4087100416819744e-03	   2.0000000000000000e+00	
   1.6300000000000001e+00	   5.0840692535738530e-03	   2.0000000000000000e+00	
   1.6400000000000001e+00	   4.7575281826182092e-03	   2.0000000000000000e+00	
   1.6500000000000001e+00	   4.4787551943116233e-03	   2.0000000000000000e+00	
   1.6599999999999999e+00	   4.1918817322994517e-03	   2.0000000000000000e+00	
   1.6699999999999999e+00	   3.8993135546256941e-03	   2.0000000000000000e+00	
   1.6799999999999999e+00	   3.6034010313703568e-03	   2.0000000000000000e+00	
   1.6899999999999999e+00	   3.3064235940706288e-03	   2.0000000000000000e+00	
   1.7000000000000000e+00	   3.0387949607759701e-03	   2.0000000000000000e+00	
   1.7100000000000000e+00	   2.7936420952480168e-03	   2.0000000000000000e+00	
   1.7200000000000000e+00	   2.5493265768755657e-03	   2.0000000000000000e+00	
   1.7300000000000000e+00	   2.3076298966425712e-03	   2.0000000000000000e+00	
   1.7400000000000000e+00	   2.0702386510330628e-03	   2.0000000000000000e+00	
   1.7500000000000000e+00	   1.8489343865371044e-03	   2.0000000000000000e+00	
   1.7600000000000000e+00	   1.8862125328447110e-03	   2.0000000000000000e+00	
   1.7700000000000000e+00	   1.9045286259697924e-03	   2.0000000000000000e+00	
   1.7800000000000000e+00	   1.9048916866526433e-03	   2.0000000000000000e+00	
   1.7900000000000000e+00	   1.8884090223509897e-03	   2.0000000000000000e+00	
   1.8000000000000000e+00	   1.8562735813614228e-03	   2.0000000000000000e+00	
   1.8100000000000001e+00	   1.8228084395333077e-03	   2.0000000000000000e+00	
   1.8200000000000001e+00	   1.7898834676959297e-03	   2.0000000000000000e+00	
   1.8300000000000001e+00	   1.7415073617270682e-03	   2.0000000000000000e+00	
   1.8400000000000001e+00	   1.6791190086162811e-03	   2.0000000000000000e+00	
   1.8500000000000001e+00	   1.6042093100230304e-03	   2.0000000000000000e+00	
   1.8600000000000001e+00	   1.5183073011610926e-03	   2.0000000000000000e+00	
   1.8700000000000001e+00	   1.4396395924551886e-03	   2.0000000000000000e+00	
   1.8800000000000001e+00	   1.3519998965538793e-03	   2.0000000000000000e+00	
   1.8900000000000001e+00	   1.2547367963580136e-03	   2.0000000000000000e+00	
   1.9000000000000001e+00	   1.1494836899359484e-03	   2.0000000000000000e+00	
   1.9099999999999999e+00	   1.0378724415034402e-03	   2.0000000000000000e+00	
   1.9199999999999999e+00	   9.2513405251271053e-04	   2.0000000000000000e+00	
   1.9299999999999999e+00	   8.1448535123551657e-04	   2.0000000000000000e+00	
   1.9399999999999999e+00	   6.9932220103363640e-04	   2.0000000000000000e+00	
   1.9500000000000000e+00	   5.8124893966127189e-04	   2.0000000000000000e+00	
   1.9600000000000000e+00	   4.6183036337765770e-04	   2.0000000000000000e+00	
   1.9700000000000000e+00	   3.4258034690903827e-04	   2.0000000000000000e+00	
   1.9800000000000000e+00	   2.2689185015201119e-04	   2.0000000000000000e+00	
   1.9900000000000000e+00	   1.1250654076055966e-04	   2.0000000000000000e+00	
   2.0000000000000000e+00	   2.2204460492503131e-16	   1.0000000000000000e+00	
   2.0099999999999998e+00	   1.0927857334797064e-04	   2.0000000000000000e+00	
   2.0200000000000000e+00	   2.1405906534810448e-04	   2.0000000000000000e+00	
   2.0300000000000002e+00	   3.1393090833953252e-04	   2.0000000000000000e+00	
   2.0400000000000000e+00	   4.1106084371922424e-04	   2.0000000000000000e+00	
   2.0499999999999998e+00	   5.0249945358094017e-04	   2.0000000000000000e+00	
   2.0600000000000001e+00	   5.8721695788999106e-04	   2.0000000000000000e+00	
   2.0700000000000003e+00	   6.6427931657531136e-04	   2.0000000000000000e+00	
   2.0800000000000001e+00	   7.3285304132986173e-04	   2.0000000000000000e+00	
   2.0899999999999999e+00	   7.9852840208549658e-04	   2.0000000000000000e+00	
   2.1000000000000001e+00	   8.5896437335586384e-04	   2.0000000000000000e+00	
   2.1100000000000003e+00	   9.1064112458649760e-04	   2.0000000000000000e+00	
   2.1200000000000001e+00	   9.5299418444638739e-04	   2.0000000000000000e+00	
   2.1299999999999999e+00	   9.8556068686306286e-04	   2.0000000000000000e+00	
   2.1400000000000001e+00	   1.0094857456284245e-03	   2.0000000000000000e+00	
   2.1500000000000004e+00	   1.0358307042336312e-03	   2.0000000000000000e+00	
   2.1600000000000001e+00	   1.0529105709895514e-03	   2.0000000000000000e+00	
   2.1699999999999999e+00	   1.0605058384546284e-03	   2.0000000000000000e+00	
   2.1799999999999997e+00	   1.0584886269773275e-03	   2.0000000000000000e+00	
   2.1899999999999999e+00	   1.0468213707748308e-03	   2.0000000000000000e+00	
   2.2000000000000002e+00	   1.0351968840203174e-03	   2.0000000000000000e+00	
   2.2100000000000000e+00	   1.0226037033485014e-03	   2.0000000000000000e+00	
   2.2199999999999998e+00	   1.0016287001759494e-03	   2.0000000000000000e+00	
   2.2300000000000000e+00	   9.7239926311876168e-04	   2.0000000000000000e+00	
   2.2400000000000002e+00	   9.3385478712004755e-04	   3.0000000000000000e+00	
   2.2500000000000000e+00	   8.8009571631042505e-04	   3.0000000000000000e+00	
   2.2599999999999998e+00	   9.5043273409389784e-04	   3.0000000000000000e+00	
   2.2700000000000000e+00	   1.0188480642738806e-03	   3.0000000000000000e+00	
   2.2800000000000002e+00	   1.0824712012971194e-03	   3.0000000000000000e+00	
   2.2900000000000000e+00	   1.1408092049153273e-03	   3.0000000000000000e+00	
   2.2999999999999998e+00	   1.1934308075237654e-03	   3.0000000000000000e+00	
   2.3100000000000001e+00	   1.2488727731874150e-03	   3.0000000000000000e+00	
   2.3200000000000003e+00	   1.3090290204745836e-03	   3.0000000000000000e+00	
   2.3300000000000001e+00	   1.3623924593190173e-03	   3.0000000000000000e+00	
   2.3399999999999999e+00	   1.4086381320003172e-03	   3.0000000000000000e+00	
   2.3500000000000001e+00	   1.4475100589868006e-03	   3.0000000000000000e+00	
   2.3600000000000003e+00	   1.4788208085496635e-03	   3.0000000000000000e+00	
   2.3700000000000001e+00	   1.5199769877236591e-03	   3.0000000000000000e+00	
   2.3799999999999999e+00	   1.5552851700781911e-03	   3.0000000000000000e+00	
   2.3900000000000001e+00	   1.5824225637462996e-03	   3.0000000000000000e+00	
   2.4000000000000004e+00	   1.6013391310997216e-03	   3.0000000000000000e+00	
   2.4100000000000001e+00	   1.6120518894766622e-03	   3.0000000000000000e+00	
   2.4199999999999999e+00	   1.6209502217693350e-03	   3.0000000000000000e+00	
   2.4299999999999997e+00	   1.6341799295942483e-03	   3.0000000000000000e+00	
   2.4399999999999999e+00	   1.6390868824975868e-03	   3.0000000000000000e+00	
   2.4500000000000002e+00	   1.6358211421317881e-03	   3.0000000000000000e+00	
   2.4600000000000000e+00	   1.6245918235782142e-03	   3.0000000000000000e+00	
   2.4699999999999998e+00	   1.6056634972527739e-03	   3.0000000000000000e+00	
   2.4800000000000000e+00	   1.5929398228742286e-03	   3.0000000000000000e+00	
   2.4900000000000002e+00	   1.5765270198564441e-03	   3.0000000000000000e+00	
   2.5000000000000000e+00	   6.3938618925851731e-04	   3.0000000000000000e+00	
   2.5100000000000002e+00	   2.6878128893970121e-04	   3.0000000000000000e+00	
   2.5200000000000000e+00	   2.6212255839297427e-04	   3.0000000000000000e+00	
   2.5300000000000002e+00	   2.5500485887564039e-04	   3.0000000000000000e+00	
   2.5400000000000000e+00	   2.4900935075056196e-04	   3.0000000000000000e+00	
   2.5499999999999998e+00	   2.4197046414120571e-04	   3.0000000000000000e+00	
   2.5600000000000001e+00	   2.3397032007754781e-04	   3.0000000000000000e+00	
   2.5699999999999998e+00	   2.2509583641205921e-04	   3.0000000000000000e+00	
   2.5800000000000001e+00	   2.1543786929334452e-04	   3.0000000000000000e+00	
   2.5899999999999999e+00	   2.0672879581939974e-04	   3.0000000000000000e+00	
   2.6000000000000001e+00	   1.9813195720930210e-04	   3.0000000000000000e+00	
   2.6099999999999999e+00	   1.8889362832075207e-04	   3.0000000000000000e+00	
   2.6200000000000001e+00	   1.7910274995869280e-04	   3.0000000000000000e+00	
   2.6299999999999999e+00	   1.6884949133300076e-04	   3.0000000000000000e+00	
   2.6400000000000001e+00	   1.5846120120643903e-04	   3.0000000000000000e+00	
   2.6499999999999999e+00	   1.4915263852466332e-04	   4.0000000000000000e+00	
   2.6600000000000001e+00	   1.3906730387003297e-04	   4.0000000000000000e+00	
   2.6699999999999999e+00	   1.2886230594399972e-04	   4.0000000000000000e+00	
   2.6800000000000002e+00	   1.1861837141757814e-04	   4.0000000000000000e+00	
   2.6899999999999999e+00	   1.0841265034589043e-04	   4.0000000000000000e+00	
   2.7000000000000002e+00	   9.9243927438319446e-05	   4.0000000000000000e+00	
   2.7100000000000000e+00	   9.0875814099278251e-05	   4.0000000000000000e+00	
   2.7200000000000002e+00	   8.2595745123925646e-05	   4.0000000000000000e+00	
   2.7300000000000000e+00	   7.4461757740951207e-05	   4.0000000000000000e+00	
   2.7400000000000002e+00	   6.6527834223117921e-05	   4.0000000000000000e+00	
   2.7500000000000000e+00	   5.8854041604217144e-05	   4.0000000000000000e+00	
   2.7600000000000002e+00	   5.9805760938891339e-05	   4.0000000000000000e+00	
   2.7700000000000000e+00	   6.0148791152014880e-05	   4.0000000000000000e+00	
   2.7800000000000002e+00	   5.9921874459467617e-05	   4.0000000000000000e+00	
   2.7900000000000000e+00	   5.9166365855789493e-05	   4.0000000000000000e+00	
   2.8000000000000003e+00	   5.7925780918344216e-05	   4.0000000000000000e+00	
   2.8100000000000001e+00	   5.6650081478704095e-05	   4.0000000000000000e+00	
   2.8199999999999998e+00	   5.5397660651657077e-05	   4.0000000000000000e+00	
   2.8300000000000001e+00	   5.3676858142948092e-05	   4.0000000000000000e+00	
   2.8399999999999999e+00	   5.1537786173394551e-05	   4.0000000000000000e+00	
   2.8500000000000001e+00	   4.9031447160841068e-05	   4.0000000000000000e+00	
   2.8599999999999999e+00	   4.6209275455622034e-05	   4.0000000000000000e+00	
   2.8700000000000001e+00	   4.3626913407646128e-05	   4.0000000000000000e+00	
   2.8799999999999999e+00	   4.0793859513055253e-05	   4.0000000000000000e+00	
   2.8900000000000001e+00	   3.7694276655564352e-05	   4.0000000000000000e+00	
   2.8999999999999999e+00	   3.4380883917162208e-05	   4.0000000000000000e+00	
   2.9100000000000001e+00	   3.0905520980395451e-05	   4.0000000000000000e+00	
   2.9199999999999999e+00	   2.7425742687103849e-05	   4.0000000000000000e+00	
   2.9300000000000002e+00	   2.4037044378699690e-05	   4.0000000000000000e+00	
   2.9399999999999999e+00	   2.0545013077688523e-05	   4.0000000000000000e+00	
   2.9500000000000002e+00	   1.6998457842420933e-05	   4.0000000000000000e+00	
   2.9600000000000000e+00	   1.3444191129474703e-05	   4.0000000000000000e+00	
   2.9700000000000002e+00	   9.9267204329844816e-06	   4.0000000000000000e+00	
   2.9800000000000000e+00	   6.5439231689001787e-06	   4.0000000000000000e+00	
   2.9900000000000002e+00	   3.2296827239264303e-06	   4.0000000000000000e+00	
   3.0000000000000000e+00	   1.1102230246251565e-16	   2.0000000000000000e+00	
   3.0100000000000002e+00	   3.1074462242264289e-06	   4.0000000000000000e+00	
   3.0200000000000000e+00	   6.0579458491805127e-06	   4.0000000000000000e+00	
   3.0300000000000002e+00	   8.8416991825823743e-06	   4.0000000000000000e+00	
   3.0400000000000000e+00	   1.1521425801408469e-05	   4.0000000000000000e+00	
   3.0500000000000003e+00	   1.4015909230113976e-05	   4.0000000000000000e+00	
   3.0600000000000001e+00	   1.6298838324879661e-05	   4.0000000000000000e+00	
   3.0699999999999998e+00	   1.8347112115790765e-05	   4.0000000000000000e+00	
   3.0800000000000001e+00	   2.0140909690380404e-05	   4.0000000000000000e+00	
   3.0899999999999999e+00	   2.1836740062730620e-05	   4.0000000000000000e+00	
   3.1000000000000001e+00	   2.3372037271096602e-05	   4.0000000000000000e+00	
   3.1099999999999999e+00	   2.4653539613672670e-05	   4.0000000000000000e+00	
   3.1200000000000001e+00	   2.5669606416922619e-05	   4.0000000000000000e+00	
   3.1299999999999999e+00	   2.6411637566781110e-05	   4.0000000000000000e+00	
   3.1400000000000001e+00	   2.6914226797125629e-05	   4.0000000000000000e+00	
   3.1499999999999999e+00	   2.7474763824142379e-05	   4.0000000000000000e+00	
   3.1600000000000001e+00	   2.7783459446206749e-05	   4.0000000000000000e+00	
   3.1699999999999999e+00	   2.7838345574626722e-05	   4.0000000000000000e+00	
   3.1800000000000002e+00	   2.7639976497240148e-05	   4.0000000000000000e+00	
   3.1899999999999999e+00	   2.7191332910736499e-05	   4.0000000000000000e+00	
   3.2000000000000002e+00	   2.6747212458544389e-05	   4.0000000000000000e+00	
   3.2100000000000000e+00	   2.6281542362838195e-05	   4.0000000000000000e+00	
   3.2200000000000002e+00	   2.5604917352706202e-05	   4.0000000000000000e+00	
   3.2300000000000000e+00	   2.4724032261391748e-05	   4.0000000000000000e+00	
   3.2400000000000002e+00	   2.3647316823693920e-05	   4.0000000000000000e+00	
   3.2500000000000000e+00	   2.2386307411137452e-05	   4.0000000000000000e+00	
   3.2600000000000002e+00	   2.4345576270734526e-05	   4.0000000000000000e+00	
   3.2700000000000000e+00	   2.6210443366148084e-05	   4.0000000000000000e+00	
   3.2800000000000002e+00	   2.7964905415123198e-05	   4.0000000000000000e+00	
   3.2900000000000000e+00	   2.9594320953618691e-05	   4.0000000000000000e+00	
   3.3000000000000003e+00	   3.1085494892613141e-05	   4.0000000000000000e+00	
   3.3100000000000001e+00	   3.2660079268609365e-05	   4.0000000000000000e+00	
   3.3199999999999998e+00	   3.4368624209246690e-05	   4.0000000000000000e+00	
   3.3300000000000001e+00	   3.5908502775017226e-05	   4.0000000000000000e+00	
   3.3399999999999999e+00	   3.7268809969681627e-05	   4.0000000000000000e+00	
   3.3500000000000001e+00	   3.8440408814954807e-05	   4.0000000000000000e+00	
   3.3599999999999999e+00	   3.9415956860633372e-05	   4.0000000000000000e+00	
   3.3700000000000001e+00	   4.0659841137324904e-05	   4.0000000000000000e+00	
   3.3799999999999999e+00	   4.1752539305717207e-05	   4.0000000000000000e+00	
   3.3900000000000001e+00	   4.2629527902571240e-05	   4.0000000000000000e+00	
   3.3999999999999999e+00	   4.3287049714235692e-05	   4.0000000000000000e+00	
   3.4100000000000001e+00	   4.3723221548219726e-05	   4.0000000000000000e+00	
   3.4199999999999999e+00	   4.4110075113401592e-05	   4.0000000000000000e+00	
   3.4300000000000002e+00	   4.4615314207074874e-05	   4.0000000000000000e+00	
   3.4399999999999999e+00	   4.4892607058644174e-05	   4.0000000000000000e+00	
   3.4500000000000002e+00	   4.4943885212367363e-05	   4.0000000000000000e+00	
   3.4600000000000000e+00	   4.4772830594341784e-05	   4.0000000000000000e+00	
   3.4700000000000002e+00	   4.4384797673435727e-05	   4.0000000000000000e+00	
   3.4800000000000000e+00	   4.4164358340648135e-05	   4.0000000000000000e+00	
   3.4900000000000002e+00	   4.3837294909865321e-05	   4.0000000000000000e+00	
   3.5000000000000000e+00	   2.0832863096176268e-05	   4.0000000000000000e+00	
   3.5100000000000002e+00	   7.2866637810253820e-06	   5.0000000000000000e+00	
   3.5200000000000000e+00	   7.0872735615790106e-06	   5.0000000000000000e+00	
   3.5300000000000002e+00	   6.8763887384193367e-06	   5.0000000000000000e+00	
   3.5400000000000000e+00	   6.6966237661780781e-06	   5.0000000000000000e+00	
   3.5500000000000003e+00	   6.4896819738091693e-06	   5.0000000000000000e+00	
   3.5600000000000001e+00	   6.2579944404284049e-06	   5.0000000000000000e+00	
   3.5700000000000003e+00	   6.0040975895514492e-06	   5.0000000000000000e+00	
   3.5800000000000001e+00	   5.7306083480757053e-06	   5.0000000000000000e+00	
   3.5899999999999999e+00	   5.4836476344188867e-06	   5.0000000000000000e+00	
   3.6000000000000001e+00	   5.2408899593459068e-06	   5.0000000000000000e+00	
   3.6099999999999999e+00	   4.9824432437617361e-06	   5.0000000000000000e+00	
   3.6200000000000001e+00	   4.7107974918692008e-06	   5.0000000000000000e+00	
   3.6299999999999999e+00	   4.4284490305912527e-06	   5.0000000000000000e+00	
   3.6400000000000001e+00	   4.1440689764193905e-06	   5.0000000000000000e+00	
   3.6499999999999999e+00	   3.9012689108108844e-06	   5.0000000000000000e+00	
   3.6600000000000001e+00	   3.6510731906691518e-06	   5.0000000000000000e+00	
   3.6699999999999999e+00	   3.3956535698820289e-06	   5.0000000000000000e+00	
   3.6800000000000002e+00	   3.1371337585461845e-06	   5.0000000000000000e+00	
   3.6899999999999999e+00	   2.8775738554198682e-06	   5.0000000000000000e+00	
   3.7000000000000002e+00	   2.6436171487453919e-06	   5.0000000000000000e+00	
   3.7100000000000000e+00	   2.4292582985196987e-06	   5.0000000000000000e+00	
   3.7200000000000002e+00	   2.2156245160775967e-06	   5.0000000000000000e+00	
   3.7300000000000000e+00	   2.0043216457654722e-06	   5.0000000000000000e+00	
   3.7400000000000002e+00	   1.7968668601930915e-06	   5.0000000000000000e+00	
   3.7500000000000000e+00	   1.5946796045884781e-06	   5.0000000000000000e+00	
   3.7600000000000002e+00	   1.6258737338681328e-06	   5.0000000000000000e+00	
   3.7700000000000000e+00	   1.6406007584679472e-06	   5.0000000000000000e+00	
   3.7800000000000002e+00	   1.6397484322583367e-06	   5.0000000000000000e+00	
   3.7900000000000000e+00	   1.6243002419757957e-06	   5.0000000000000000e+00	
   3.8000000000000003e+00	   1.5953161943693672e-06	   5.0000000000000000e+00	
   3.8100000000000001e+00	   1.5651018941964523e-06	   5.0000000000000000e+00	
   3.8200000000000003e+00	   1.5352692993575445e-06	   5.0000000000000000e+00	
   3.8300000000000001e+00	   1.4921608345597193e-06	   5.0000000000000000e+00	
   3.8399999999999999e+00	   1.4370576481015362e-06	   5.0000000000000000e+00	
   3.8500000000000001e+00	   1.3712846680391522e-06	   5.0000000000000000e+00	
   3.8599999999999999e+00	   1.2961977507996991e-06	   5.0000000000000000e+00	
   3.8700000000000001e+00	   1.2273552637553919e-06	   5.0000000000000000e+00	
   3.8799999999999999e+00	   1.1509839812351430e-06	   5.0000000000000000e+00	
   3.8900000000000001e+00	   1.0665807155252338e-06	   5.0000000000000000e+00	
   3.8999999999999999e+00	   9.7558349776427633e-07	   5.0000000000000000e+00	
   3.9100000000000001e+00	   8.7942326321144293e-07	   5.0000000000000000e+00	
   3.9199999999999999e+00	   7.8256455393610480e-07	   5.0000000000000000e+00	
   3.9300000000000002e+00	   6.8774626249545889e-07	   5.0000000000000000e+00	
   3.9399999999999999e+00	   5.8941986846861028e-07	   5.0000000000000000e+00	
   3.9500000000000002e+00	   4.8897305993111928e-07	   5.0000000000000000e+00	
   3.9600000000000000e+00	   3.8775119215461729e-07	   5.0000000000000000e+00	
   3.9700000000000002e+00	   2.8704726140471593e-07	   5.0000000000000000e+00	
   3.9800000000000000e+00	   1.8971476389850750e-07	   5.0000000000000000e+00	
   3.9900000000000002e+00	   9.3869490291886848e-08	   5.0000000000000000e+00	
   4.0000000000000000e+00	   2.2204460492503131e-16	   1.0000000000000000e+00	
   4.0099999999999998e+00	   9.0767635407829061e-08	   5.0000000000000000e+00	
   4.0199999999999996e+00	   1.7738386870469469e-07	   5.0000000000000000e+00	
   4.0300000000000002e+00	   2.5952104265591913e-07	   5.0000000000000000e+00	
   4.0400000000000000e+00	   3.3898314244495964e-07	   5.0000000000000000e+00	
   4.0500000000000007e+00	   4.1334735811915380e-07	   5.0000000000000000e+00	
   4.0600000000000005e+00	   4.8179205447418383e-07	   5.0000000000000000e+00	
   4.0700000000000003e+00	   5.4358436396562126e-07	   5.0000000000000000e+00	
   4.0800000000000001e+00	   5.9808352248502672e-07	   5.0000000000000000e+00	
   4.0899999999999999e+00	   6.4989251602476372e-07	   5.0000000000000000e+00	
   4.0999999999999996e+00	   6.9712200834182170e-07	   5.0000000000000000e+00	
   4.1099999999999994e+00	   7.3694918900635287e-07	   5.0000000000000000e+00	
   4.1200000000000001e+00	   7.6897309320145268e-07	   5.0000000000000000e+00	
   4.1299999999999999e+00	   7.9288216148221125e-07	   5.0000000000000000e+00	
   4.1400000000000006e+00	   8.0966325843867537e-07	   5.0000000000000000e+00	
   4.1500000000000004e+00	   8.2823542713050813e-07	   5.0000000000000000e+00	
   4.1600000000000001e+00	   8.3925018157238185e-07	   5.0000000000000000e+00	
   4.1699999999999999e+00	   8.4260083754728043e-07	   5.0000000000000000e+00	
   4.1799999999999997e+00	   8.3825780494706237e-07	   5.0000000000000000e+00	
   4.1899999999999995e+00	   8.2626643460592675e-07	   5.0000000000000000e+00	
   4.2000000000000002e+00	   8.1434093468502056e-07	   5.0000000000000000e+00	
   4.2100000000000000e+00	   8.0168768468169560e-07	   5.0000000000000000e+00	
   4.2200000000000006e+00	   7.8251524504580061e-07	   5.0000000000000000e+00	
   4.2300000000000004e+00	   7.5699377366511555e-07	   5.0000000000000000e+00	
   4.2400000000000002e+00	   7.2534902839649362e-07	   5.0000000000000000e+00	
   4.2500000000000000e+00	   6.8785875617649594e-07	   5.0000000000000000e+00	
   4.2599999999999998e+00	   7.4938526084533663e-07	   5.0000000000000000e+00	
   4.2699999999999996e+00	   8.0819767089845840e-07	   5.0000000000000000e+00	
   4.2799999999999994e+00	   8.6378121255670237e-07	   5.0000000000000000e+00	
   4.2900000000000000e+00	   9.1566170312695760e-07	   5.0000000000000000e+00	
   4.2999999999999998e+00	   9.6340721988941169e-07	   5.0000000000000000e+00	
   4.3100000000000005e+00	   1.0138737072118431e-06	   5.0000000000000000e+00	
   4.3200000000000003e+00	   1.0686423667083389e-06	   5.0000000000000000e+00	
   4.3300000000000001e+00	   1.1183056249919332e-06	   5.0000000000000000e+00	
   4.3399999999999999e+00	   1.1624950976285575e-06	   5.0000000000000000e+00	
   4.3499999999999996e+00	   1.2008962173570836e-06	   5.0000000000000000e+00	
   4.3599999999999994e+00	   1.2332495621381057e-06	   5.0000000000000000e+00	
   4.3700000000000001e+00	   1.2740758233986682e-06	   5.0000000000000000e+00	
   4.3799999999999999e+00	   1.3102459122116272e-06	   5.0000000000000000e+00	
   4.3900000000000006e+00	   1.3397090300459880e-06	   5.0000000000000000e+00	
   4.4000000000000004e+00	   1.3623157144593279e-06	   5.0000000000000000e+00	
   4.4100000000000001e+00	   1.3779757730425501e-06	   5.0000000000000000e+00	
   4.4199999999999999e+00	   1.3920878579876117e-06	   5.0000000000000000e+00	
   4.4299999999999997e+00	   1.4099442336990009e-06	   5.0000000000000000e+00	
   4.4399999999999995e+00	   1.4206004164130093e-06	   5.0000000000000000e+00	
   4.4499999999999993e+00	   1.4240882594274140e-06	   5.0000000000000000e+00	
   4.4600000000000000e+00	   1.4204963818542637e-06	   5.0000000000000000e+00	
   4.4699999999999998e+00	   1.4099680312185114e-06	   5.0000000000000000e+00	
   4.4800000000000004e+00	   1.3992031946408190e-06	   6.0000000000000000e+00	
   4.4900000000000002e+00	   1.3836202457095936e-06	   6.0000000000000000e+00	
   4.5000000000000000e+00	   5.2367207237224989e-07	   5.0000000000000000e+00	
   4.5099999999999998e+00	   2.1511097048065864e-07	   6.0000000000000000e+00	
   4.5199999999999996e+00	   2.0968009772914797e-07	   6.0000000000000000e+00	
   4.5299999999999994e+00	   2.0387967947232966e-07	   6.0000000000000000e+00	
   4.5400000000000000e+00	   1.9897397474100131e-07	   6.0000000000000000e+00	
   4.5499999999999998e+00	   1.9323335176402168e-07	   6.0000000000000000e+00	
   4.5600000000000005e+00	   1.8672550305964819e-07	   6.0000000000000000e+00	
   4.5700000000000003e+00	   1.7952194752979267e-07	   6.0000000000000000e+00	
   4.5800000000000001e+00	   1.7169730492927471e-07	   6.0000000000000000e+00	
   4.5899999999999999e+00	   1.6463298568858420e-07	   6.0000000000000000e+00	
   4.5999999999999996e+00	   1.5766257299709707e-07	   6.0000000000000000e+00	
   4.6099999999999994e+00	   1.5018755272766526e-07	   6.0000000000000000e+00	
   4.6200000000000001e+00	   1.4228064615373626e-07	   6.0000000000000000e+00	
   4.6299999999999999e+00	   1.3401540110979937e-07	   6.0000000000000000e+00	
   4.6400000000000006e+00	   1.2565321350077596e-07	   6.0000000000000000e+00	
   4.6500000000000004e+00	   1.1851900438841767e-07	   6.0000000000000000e+00	
   4.6600000000000001e+00	   1.1112969600102218e-07	   6.0000000000000000e+00	
   4.6699999999999999e+00	   1.0355056889732595e-07	   6.0000000000000000e+00	
   4.6799999999999997e+00	   9.5845950176531858e-08	   6.0000000000000000e+00	
   4.6899999999999995e+00	   8.8078713988970492e-08	   6.0000000000000000e+00	
   4.6999999999999993e+00	   8.1066040658051008e-08	   6.0000000000000000e+00	
   4.7100000000000000e+00	   7.4628073165605713e-08	   6.0000000000000000e+00	
   4.7199999999999998e+00	   6.8187552271226082e-08	   6.0000000000000000e+00	
   4.7300000000000004e+00	   6.1794393602099262e-08	   6.0000000000000000e+00	
   4.7400000000000002e+00	   5.5496121365017359e-08	   6.0000000000000000e+00	
   4.7500000000000000e+00	   4.9337565144469409e-08	   6.0000000000000000e+00	
   4.7599999999999998e+00	   5.0389838968101230e-08	   6.0000000000000000e+00	
   4.7699999999999996e+00	   5.0933244732931371e-08	   6.0000000000000000e+00	
   4.7799999999999994e+00	   5.0992988054332500e-08	   6.0000000000000000e+00	
   4.7900000000000000e+00	   5.0597248835160258e-08	   6.0000000000000000e+00	
   4.7999999999999998e+00	   4.9776840871373906e-08	   6.0000000000000000e+00	
   4.8100000000000005e+00	   4.8914292838375673e-08	   6.0000000000000000e+00	
   4.8200000000000003e+00	   4.8059918267284729e-08	   6.0000000000000000e+00	
   4.8300000000000001e+00	   4.6785590290809864e-08	   6.0000000000000000e+00	
   4.8399999999999999e+00	   4.5129594949955276e-08	   6.0000000000000000e+00	
   4.8499999999999996e+00	   4.3131884286395916e-08	   6.0000000000000000e+00	
   4.8599999999999994e+00	   4.0833675996054808e-08	   6.0000000000000000e+00	
   4.8700000000000001e+00	   3.8724585760263608e-08	   6.0000000000000000e+00	
   4.8799999999999999e+00	   3.6370389810969073e-08	   6.0000000000000000e+00	
   4.8900000000000006e+00	   3.3754177675149322e-08	   6.0000000000000000e+00	
   4.9000000000000004e+00	   3.0907870152141470e-08	   7.0000000000000000e+00	
   4.9100000000000001e+00	   2.7791287049439006e-08	   7.0000000000000000e+00	
   4.9199999999999999e+00	   2.4667975884185012e-08	   7.0000000000000000e+00	
   4.9299999999999997e+00	   2.1624236401507346e-08	   7.0000000000000000e+00	
   4.9399999999999995e+00	   1.8485578401339353e-08	   7.0000000000000000e+00	
   4.9499999999999993e+00	   1.5296268807141189e-08	   7.0000000000000000e+00	
   4.9600000000000000e+00	   1.2098808066518529e-08	   7.0000000000000000e+00	
   4.9699999999999998e+00	   8.9336363862102530e-09	   7.0000000000000000e+00	
   4.9800000000000004e+00	   5.8892218879336156e-09	   7.0000000000000000e+00	
   4.9900000000000002e+00	   2.9064292084157728e-09	   7.0000000000000000e+00	
   5.0000000000000000e+00	   2.2204460492503131e-16	   1.0000000000000000e+00	
   5.0099999999999998e+00	   2.7958444448472619e-09	   7.0000000000000000e+00	
   5.0199999999999996e+00	   5.4495952195310338e-09	   7.0000000000000000e+00	
   5.0299999999999994e+00	   7.9522028961775959e-09	   7.0000000000000000e+00	
   5.0400000000000000e+00	   1.0359868074516498e-08	   7.0000000000000000e+00	
   5.0499999999999998e+00	   1.2599377319233440e-08	   7.0000000000000000e+00	
   5.0600000000000005e+00	   1.4646973411913677e-08	   7.0000000000000000e+00	
   5.0700000000000003e+00	   1.6481856102146253e-08	   7.0000000000000000e+00	
   5.0800000000000001e+00	   1.8086245834325609e-08	   7.0000000000000000e+00	
   5.0899999999999999e+00	   1.9600723266677278e-08	   7.0000000000000000e+00	
   5.0999999999999996e+00	   2.0969102454415633e-08	   7.0000000000000000e+00	
   5.1099999999999994e+00	   2.2107806474380709e-08	   7.0000000000000000e+00	
   5.1200000000000001e+00	   2.3006620608612138e-08	   7.0000000000000000e+00	
   5.1299999999999999e+00	   2.3658131231840684e-08	   7.0000000000000000e+00	
   5.1400000000000006e+00	   2.4093664841018381e-08	   7.0000000000000000e+00	
   5.1500000000000004e+00	   2.4579634327892563e-08	   7.0000000000000000e+00	
   5.1600000000000001e+00	   2.4838922252357065e-08	   7.0000000000000000e+00	
   5.1699999999999999e+00	   2.4870207893101792e-08	   7.0000000000000000e+00	
   5.1799999999999997e+00	   2.4674472909325118e-08	   7.0000000000000000e+00	
   5.1899999999999995e+00	   2.4254910302445865e-08	   7.0000000000000000e+00	
   5.1999999999999993e+00	   2.3839196616748382e-08	   7.0000000000000000e+00	
   5.2100000000000000e+00	   2.3404149507300076e-08	   7.0000000000000000e+00	
   5.2199999999999998e+00	   2.2781340813793349e-08	   7.0000000000000000e+00	
   5.2300000000000004e+00	   2.1977289321739590e-08	   7.0000000000000000e+00	
   5.2400000000000002e+00	   2.1000068128884664e-08	   7.0000000000000000e+00	
   5.2500000000000000e+00	   1.9859179634096336e-08	   7.0000000000000000e+00	
   5.2599999999999998e+00	   2.1575105924043214e-08	   7.0000000000000000e+00	
   5.2699999999999996e+00	   2.3203139964955710e-08	   7.0000000000000000e+00	
   5.2799999999999994e+00	   2.4729242320553624e-08	   7.0000000000000000e+00	
   5.2900000000000000e+00	   2.6140656417261710e-08	   7.0000000000000000e+00	
   5.2999999999999998e+00	   2.7425983151196931e-08	   7.0000000000000000e+00	
   5.3100000000000005e+00	   2.8780844485432056e-08	   7.0000000000000000e+00	
   5.3200000000000003e+00	   3.0249341809174268e-08	   7.0000000000000000e+00	
   5.3300000000000001e+00	   3.1564898472780101e-08	   7.0000000000000000e+00	
   5.3399999999999999e+00	   3.2718384002095036e-08	   7.0000000000000000e+00	
   5.3499999999999996e+00	   3.3702296842186286e-08	   7.0000000000000000e+00	
   5.3599999999999994e+00	   3.4510780677621256e-08	   7.0000000000000000e+00	
   5.3700000000000001e+00	   3.5550470678380464e-08	   7.0000000000000000e+00	
   5.3799999999999999e+00	   3.6454037011246498e-08	   7.0000000000000000e+00	
   5.3900000000000006e+00	   3.7165716171294605e-08	   7.0000000000000000e+00	
   5.4000000000000004e+00	   3.7682999609600643e-08	   7.0000000000000000e+00	
   5.4100000000000001e+00	   3.8005058655699031e-08	   7.0000000000000000e+00	
   5.4199999999999999e+00	   3.8282039316328564e-08	   7.0000000000000000e+00	
   5.4299999999999997e+00	   3.8659425993792240e-08	   7.0000000000000000e+00	
   5.4399999999999995e+00	   3.8837110527545349e-08	   7.0000000000000000e+00	
   5.4499999999999993e+00	   3.8817702829874179e-08	   7.0000000000000000e+00	
   5.4600000000000000e+00	   3.8605345475950514e-08	   7.0000000000000000e+00	
   5.4699999999999998e+00	   3.8205633767773861e-08	   7.0000000000000000e+00	
   5.4800000000000004e+00	   3.7949998588082678e-08	   7.0000000000000000e+00	
   5.4900000000000002e+00	   3.7602513103252022e-08	   7.0000000000000000e+00	
   5.5000000000000000e+00	   1.5030849787045497e-08	   7.0000000000000000e+00	
   5.5099999999999998e+00	   6.4058405246925076e-09	   8.0000000000000000e+00	
   5.5199999999999996e+00	   6.2323980420941893e-09	   8.0000000000000000e+00	
   5.5299999999999994e+00	   6.0485839670221253e-09	   8.0000000000000000e+00	
   5.5400000000000000e+00	   5.8918979695121720e-09	   8.0000000000000000e+00	
   5.5499999999999998e+00	   5.7110708384655595e-09	   8.0000000000000000e+00	
   5.5600000000000005e+00	   5.5082419736507404e-09	   8.0000000000000000e+00	
   5.5700000000000003e+00	   5.2856481413954270e-09	   8.0000000000000000e+00	
   5.5800000000000001e+00	   5.0455998268361668e-09	   8.0000000000000000e+00	
   5.5899999999999999e+00	   4.8287219778231361e-09	   8.0000000000000000e+00	
   5.5999999999999996e+00	   4.6153794119874192e-09	   8.0000000000000000e+00	
   5.6099999999999994e+00	   4.3880703515242203e-09	   8.0000000000000000e+00	
   5.6200000000000001e+00	   4.1490018087841918e-09	   8.0000000000000000e+00	
   5.6299999999999999e+00	   3.9003894558575780e-09	   8.0000000000000000e+00	
   5.6400000000000006e+00	   3.6498902789006138e-09	   8.0000000000000000e+00	
   5.6500000000000004e+00	   3.4359322054200447e-09	   8.0000000000000000e+00	
   5.6600000000000001e+00	   3.2153957274516642e-09	   8.0000000000000000e+00	
   5.6699999999999999e+00	   2.9902109677237831e-09	   8.0000000000000000e+00	
   5.6799999999999997e+00	   2.7622665266235913e-09	   8.0000000000000000e+00	
   5.6899999999999995e+00	   2.5333940500971153e-09	   8.0000000000000000e+00	
   5.6999999999999993e+00	   2.3270615434611841e-09	   8.0000000000000000e+00	
   5.7100000000000000e+00	   2.1379905623675199e-09	   8.0000000000000000e+00	
   5.7199999999999998e+00	   1.9495782765943659e-09	   8.0000000000000000e+00	
   5.7300000000000004e+00	   1.7632511006837603e-09	   8.0000000000000000e+00	
   5.7400000000000002e+00	   1.5803539588077342e-09	   8.0000000000000000e+00	
   5.7500000000000000e+00	   1.4021471761438420e-09	   8.0000000000000000e+00	
   5.7599999999999998e+00	   1.4291581251768548e-09	   8.0000000000000000e+00	
   5.7699999999999996e+00	   1.4416425830887647e-09	   8.0000000000000000e+00	
   5.7799999999999994e+00	   1.4403997994349993e-09	   8.0000000000000000e+00	
   5.7900000000000000e+00	   1.4263077385834322e-09	   8.0000000000000000e+00	
   5.7999999999999998e+00	   1.4003120885064391e-09	   8.0000000000000000e+00	
   5.8100000000000005e+00	   1.3732250891962394e-09	   8.0000000000000000e+00	
   5.8200000000000003e+00	   1.3464644954552796e-09	   8.0000000000000000e+00	
   5.8300000000000001e+00	   1.3080587724090265e-09	   8.0000000000000000e+00	
   5.8399999999999999e+00	   1.2591492293267947e-09	   8.0000000000000000e+00	
   5.8499999999999996e+00	   1.2009147010161314e-09	   8.0000000000000000e+00	
   5.8599999999999994e+00	   1.1345611117263843e-09	   8.0000000000000000e+00	
   5.8700000000000001e+00	   1.0737146727279878e-09	   8.0000000000000000e+00	
   5.8799999999999999e+00	   1.0063294642037590e-09	   8.0000000000000000e+00	
   5.8900000000000006e+00	   9.3198138095829108e-10	   8.0000000000000000e+00	
   5.9000000000000004e+00	   8.5194473697924877e-10	   8.0000000000000000e+00	
   5.9100000000000001e+00	   7.6748229993484074e-10	   8.0000000000000000e+00	
   5.9199999999999999e+00	   6.8250272100556231e-10	   8.0000000000000000e+00	
   5.9299999999999997e+00	   5.9939964103250531e-10	   8.0000000000000000e+00	
   5.9399999999999995e+00	   5.1334403394776018e-10	   8.0000000000000000e+00	
   5.9500000000000002e+00	   4.2555337032013085e-10	   8.0000000000000000e+00	
   5.9600000000000000e+00	   3.3720826131400372e-10	   8.0000000000000000e+00	
   5.9699999999999998e+00	   2.4943935805765705e-10	   8.0000000000000000e+00	
   5.9800000000000004e+00	   1.6472956332336253e-10	   8.0000000000000000e+00	
   5.9900000000000002e+00	   8.1440854060588208e-11	   8.0000000000000000e+00	
   6.0000000000000000e+00	   2.2204460492503131e-16	   1.0000000000000000e+00	
   6.0099999999999998e+00	   7.8617112819756585e-11	   8.0000000000000000e+00	
   6.0199999999999996e+00	   1.5350432036598249e-10	   8.0000000000000000e+00	
   6.0300000000000002e+00	   2.2438217950337958e-10	   8.0000000000000000e+00	
   6.0400000000000000e+00	   2.9281621571897176e-10	   8.0000000000000000e+00	
   6.0499999999999998e+00	   3.5671876563725391e-10	   8.0000000000000000e+00	
   6.0600000000000005e+00	   4.1538783523975553e-10	   8.0000000000000000e+00	
   6.0700000000000003e+00	   4.6820358701182840e-10	   8.0000000000000000e+00	
   6.0800000000000001e+00	   5.1463000527718350e-10	   8.0000000000000000e+00	
   6.0899999999999999e+00	   5.5863913495102224e-10	   8.0000000000000000e+00	
   6.0999999999999996e+00	   5.9861238188574362e-10	   8.0000000000000000e+00	
   6.1099999999999994e+00	   6.3213900780567656e-10	   8.0000000000000000e+00	
   6.1200000000000001e+00	   6.5889393940921082e-10	   8.0000000000000000e+00	
   6.1299999999999999e+00	   6.7863092922948454e-10	   8.0000000000000000e+00	
   6.1399999999999997e+00	   6.9221517406958810e-10	   8.0000000000000000e+00	
   6.1500000000000004e+00	   7.0728201073677610e-10	   8.0000000000000000e+00	
   6.1600000000000001e+00	   7.1585348759839462e-10	   8.0000000000000000e+00	
   6.1699999999999999e+00	   7.1785977162619474e-10	   8.0000000000000000e+00	
   6.1799999999999997e+00	   7.1329897544103460e-10	   8.0000000000000000e+00	
   6.1899999999999995e+00	   7.0223304948768828e-10	   8.0000000000000000e+00	
   6.2000000000000002e+00	   6.9123551327265886e-10	   8.0000000000000000e+00	
   6.2100000000000000e+00	   6.7963368266532598e-10	   8.0000000000000000e+00	
   6.2199999999999998e+00	   6.6252736630190157e-10	   8.0000000000000000e+00	
   6.2300000000000004e+00	   6.4008198741305478e-10	   8.0000000000000000e+00	
   6.2400000000000002e+00	   6.1251137495332841e-10	   8.0000000000000000e+00	
   6.2500000000000000e+00	   5.8007176839680596e-10	   8.0000000000000000e+00	
   6.2599999999999998e+00	   6.3109562020713383e-10	   8.0000000000000000e+00	
   6.2699999999999996e+00	   6.7968186634459471e-10	   8.0000000000000000e+00	
   6.2800000000000002e+00	   7.2540595752457193e-10	   8.0000000000000000e+00	
   6.2900000000000000e+00	   7.6787998182226147e-10	   8.0000000000000000e+00	
   6.2999999999999998e+00	   8.0675310876188178e-10	   8.0000000000000000e+00	
   6.3100000000000005e+00	   8.4777074249586803e-10	   8.0000000000000000e+00	
   6.3200000000000003e+00	   8.9224094779183361e-10	   8.0000000000000000e+00	
   6.3300000000000001e+00	   9.3230356768003730e-10	   8.0000000000000000e+00	
   6.3399999999999999e+00	   9.6766838986184212e-10	   8.0000000000000000e+00	
   6.3499999999999996e+00	   9.9809271958406498e-10	   8.0000000000000000e+00	
   6.3599999999999994e+00	   1.0233820457727916e-09	   8.0000000000000000e+00	
   6.3700000000000001e+00	   1.0555905038955871e-09	   8.0000000000000000e+00	
   6.3799999999999999e+00	   1.0838221431441752e-09	   8.0000000000000000e+00	
   6.3899999999999997e+00	   1.1064000826621623e-09	   8.0000000000000000e+00	
   6.4000000000000004e+00	   1.1232270669125910e-09	   8.0000000000000000e+00	
   6.4100000000000001e+00	   1.1342562444838222e-09	   8.0000000000000000e+00	
   6.4199999999999999e+00	   1.1439527103362934e-09	   8.0000000000000000e+00	
   6.4299999999999997e+00	   1.1566625435222022e-09	   8.0000000000000000e+00	
   6.4399999999999995e+00	   1.1634064822629853e-09	   8.0000000000000000e+00	
   6.4500000000000002e+00	   1.1642420361113182e-09	   8.0000000000000000e+00	
   6.4600000000000000e+00	   1.1592713455854664e-09	   8.0000000000000000e+00	
   6.4699999999999998e+00	   1.1486420703477052e-09	   8.0000000000000000e+00	
   6.4800000000000004e+00	   1.1423091361706383e-09	   8.0000000000000000e+00	
   6.4900000000000002e+00	   1.1331804383729605e-09	   8.0000000000000000e+00	
   6.5000000000000000e+00	   5.3898130403240430e-10	   8.0000000000000000e+00	
   6.5099999999999998e+00	   2.2985513492557175e-10	   8.0000000000000000e+00	
   6.5199999999999996e+00	   2.2455159953693737e-10	   8.0000000000000000e+00	
   6.5300000000000002e+00	   2.1882340384138388e-10	   8.0000000000000000e+00	
   6.5400000000000000e+00	   2.1402690730809582e-10	   8.0000000000000000e+00	
   6.5499999999999998e+00	   2.0830415170536298e-10	   8.0000000000000000e+00	
   6.5600000000000005e+00	   2.0172297165998998e-10	   8.0000000000000000e+00	
   6.5700000000000003e+00	   1.9435641984699714e-10	   8.0000000000000000e+00	
   6.5800000000000001e+00	   1.8627910325363928e-10	   8.0000000000000000e+00	
   6.5899999999999999e+00	   1.7899082216388251e-10	   8.0000000000000000e+00	
   6.5999999999999996e+00	   1.7176993161172049e-10	   8.0000000000000000e+00	
   6.6099999999999994e+00	   1.6396428659248841e-10	   8.0000000000000000e+00	
   6.6200000000000001e+00	   1.5565015942797800e-10	   8.0000000000000000e+00	
   6.6299999999999999e+00	   1.4690604288603026e-10	   8.0000000000000000e+00	
   6.6399999999999997e+00	   1.3801659815015910e-10	   8.0000000000000000e+00	
   6.6500000000000004e+00	   1.3044076929702442e-10	   8.0000000000000000e+00	
   6.6600000000000001e+00	   1.2254985914950112e-10	   8.0000000000000000e+00	
   6.6699999999999999e+00	   1.1441558811497998e-10	   8.0000000000000000e+00	
   6.6799999999999997e+00	   1.0610801126631486e-10	   8.0000000000000000e+00	
   6.6899999999999995e+00	   9.7697405720964525e-11	   8.0000000000000000e+00	
   6.7000000000000002e+00	   9.0090046533930490e-11	   8.0000000000000000e+00	
   6.7100000000000000e+00	   8.3092199787415666e-11	   8.0000000000000000e+00	
   6.7199999999999998e+00	   7.6063488840816262e-11	   8.0000000000000000e+00	
   6.7300000000000004e+00	   6.9059757912270925e-11	   8.0000000000000000e+00	
   6.7400000000000002e+00	   6.2135185885381361e-11	   8.0000000000000000e+00	
   6.7500000000000000e+00	   5.5340176885465553e-11	   8.0000000000000000e+00	
   6.7599999999999998e+00	   5.6622484478907609e-11	   8.0000000000000000e+00	
   6.7699999999999996e+00	   5.7335025616112034e-11	   8.0000000000000000e+00	
   6.7800000000000002e+00	   5.7504001560459983e-11	   8.0000000000000000e+00	
   6.7900000000000000e+00	   5.7157834021381859e-11	   8.0000000000000000e+00	
   6.7999999999999998e+00	   5.6328719466591792e-11	   8.0000000000000000e+00	
   6.8100000000000005e+00	   5.5447424429644343e-11	   8.0000000000000000e+00	
   6.8200000000000003e+00	   5.4571902552424945e-11	   8.0000000000000000e+00	
   6.8300000000000001e+00	   5.3214321837913303e-11	   8.0000000000000000e+00	
   6.8399999999999999e+00	   5.1416426671835325e-11	   8.0000000000000000e+00	
   6.8499999999999996e+00	   4.9221515752151390e-11	   8.0000000000000000e+00	
   6.8599999999999994e+00	   4.6675330267476056e-11	   8.0000000000000000e+00	
   6.8700000000000001e+00	   4.4336090354590851e-11	   8.0000000000000000e+00	
   6.8799999999999999e+00	   4.1707526321488331e-11	   8.0000000000000000e+00	
   6.8899999999999997e+00	   3.8768543930700616e-11	   8.0000000000000000e+00	
   6.9000000000000004e+00	   3.5569769352150615e-11	   8.0000000000000000e+00	
   6.9100000000000001e+00	   3.2160940577341535e-11	   8.0000000000000000e+00	
   6.9199999999999999e+00	   2.8704594257078497e-11	   8.0000000000000000e+00	
   6.9299999999999997e+00	   2.5301094552787617e-11	   8.0000000000000000e+00	
   6.9399999999999995e+00	   2.1748158829382191e-11	   8.0000000000000000e+00	
   6.9500000000000002e+00	   1.8093970766130951e-11	   8.0000000000000000e+00	
   6.9600000000000000e+00	   1.4389600622166654e-11	   8.0000000000000000e+00	
   6.9699999999999998e+00	   1.0682565942943256e-11	   8.0000000000000000e+00	
   6.9800000000000004e+00	   7.0805583618493984e-12	   8.0000000000000000e+00	
   6.9900000000000002e+00	   3.5131897391238454e-12	   8.0000000000000000e+00	
   7.0000000000000000e+00	   2.2204460492503131e-16	   1.0000000000000000e+00	
   7.0099999999999998e+00	   3.4156011352592941e-12	   8.0000000000000000e+00	
   7.0199999999999996e+00	   6.6929795039527562e-12	   8.0000000000000000e+00	
   7.0300000000000002e+00	   9.8174801621553343e-12	   8.0000000000000000e+00	
   7.0400000000000000e+00	   1.2857159781276550e-11	   8.0000000000000000e+00	
   7.0499999999999998e+00	   1.5718870649550354e-11	   8.0000000000000000e+00	
   7.0599999999999996e+00	   1.8368417897818290e-11	   8.0000000000000000e+00	
   7.0700000000000003e+00	   2.0776047549020404e-11	   8.0000000000000000e+00	
   7.0800000000000001e+00	   2.2916668562800169e-11	   8.0000000000000000e+00	
   7.0899999999999999e+00	   2.4963364708696645e-11	   8.0000000000000000e+00	
   7.0999999999999996e+00	   2.6842861267084572e-11	   8.0000000000000000e+00	
   7.1100000000000003e+00	   2.8444246957803898e-11	   8.0000000000000000e+00	
   7.1200000000000001e+00	   2.9751090480090170e-11	   8.0000000000000000e+00	
   7.1299999999999999e+00	   3.0748403823110948e-11	   8.0000000000000000e+00	
   7.1399999999999997e+00	   3.1472047190561625e-11	   8.0000000000000000e+00	
   7.1500000000000004e+00	   3.2267188920798162e-11	   8.0000000000000000e+00	
   7.1600000000000001e+00	   3.2770453017860746e-11	   8.0000000000000000e+00	
   7.1699999999999999e+00	   3.2974623032089312e-11	   8.0000000000000000e+00	
   7.1799999999999997e+00	   3.2877034428224761e-11	   8.0000000000000000e+00	
   7.1899999999999995e+00	   3.2476799027847392e-11	   8.0000000000000000e+00	
   7.2000000000000002e+00	   3.2076785672074948e-11	   8.0000000000000000e+00	
   7.2100000000000000e+00	   3.1644908915495762e-11	   8.0000000000000000e+00	
   7.2199999999999998e+00	   3.0952795881944439e-11	   8.0000000000000000e+00	
   7.2300000000000004e+00	   3.0004554396612093e-11	   8.0000000000000000e+00	
   7.2400000000000002e+00	   2.8808511132183412e-11	   8.0000000000000000e+00	
   7.2500000000000000e+00	   2.7374325028972635e-11	   8.0000000000000000e+00	
   7.2599999999999998e+00	   2.9881652707786088e-11	   8.0000000000000000e+00	
   7.2699999999999996e+00	   3.2289060314383278e-11	   8.0000000000000000e+00	
   7.2800000000000002e+00	   3.4575675655901250e-11	   8.0000000000000000e+00	
   7.2900000000000000e+00	   3.6721292673291828e-11	   8.0000000000000000e+00	
   7.2999999999999998e+00	   3.8707925753556083e-11	   8.0000000000000000e+00	
   7.3099999999999996e+00	   4.0810466117591204e-11	   8.0000000000000000e+00	
   7.3200000000000003e+00	   4.3091974433195901e-11	   8.0000000000000000e+00	
   7.3300000000000001e+00	   4.5174530782787770e-11	   8.0000000000000000e+00	
   7.3399999999999999e+00	   4.7041481820997433e-11	   8.0000000000000000e+00	
   7.3499999999999996e+00	   4.8678616693109689e-11	   8.0000000000000000e+00	
   7.3600000000000003e+00	   5.0074389079668435e-11	   8.0000000000000000e+00	
   7.3700000000000001e+00	   5.1818105362144706e-11	   8.0000000000000000e+00	
   7.3799999999999999e+00	   5.3376192354903651e-11	   8.0000000000000000e+00	
   7.3899999999999997e+00	   5.4664051063468833e-11	   8.0000000000000000e+00	
   7.4000000000000004e+00	   5.5673687882062950e-11	   8.0000000000000000e+00	
   7.4100000000000001e+00	   5.6401106007797353e-11	   8.0000000000000000e+00	
   7.4199999999999999e+00	   5.7065685510337971e-11	   8.0000000000000000e+00	
   7.4299999999999997e+00	   5.7884141924091637e-11	   8.0000000000000000e+00	
   7.4399999999999995e+00	   5.8407056968690085e-11	   8.0000000000000000e+00	
   7.4500000000000002e+00	   5.8634430644133317e-11	   8.0000000000000000e+00	
   7.4600000000000000e+00	   5.8569593619495208e-11	   8.0000000000000000e+00	
   7.4699999999999998e+00	   5.8216542697664408e-11	   8.0000000000000000e+00	
   7.4800000000000004e+00	   5.8077542774981339e-11	   8.0000000000000000e+00	
   7.4900000000000002e+00	   5.7795102037516699e-11	   8.0000000000000000e+00	
   7.5000000000000000e+00	   2.7241542355227466e-11	   8.0000000000000000e+00	
   7.5099999999999998e+00	   1.5579426637657434e-11	   8.0000000000000000e+00	
   7.5199999999999996e+00	   1.5257572982818601e-11	   8.0000000000000000e+00	
   7.5300000000000002e+00	   1.4905743306314889e-11	   8.0000000000000000e+00	
   7.5400000000000000e+00	   1.4614864873863098e-11	   8.0000000000000000e+00	
   7.5499999999999998e+00	   1.4258816349865810e-11	   8.0000000000000000e+00	
   7.5599999999999996e+00	   1.3842149648723989e-11	   8.0000000000000000e+00	
   7.5700000000000003e+00	   1.3370970997073073e-11	   8.0000000000000000e+00	
   7.5800000000000001e+00	   1.2845502439517986e-11	   8.0000000000000000e+00	
   7.5899999999999999e+00	   1.2372991520237520e-11	   8.0000000000000000e+00	
   7.5999999999999996e+00	   1.1902701047006303e-11	   8.0000000000000000e+00	
   7.6100000000000003e+00	   1.1390000054234406e-11	   8.0000000000000000e+00	
   7.6200000000000001e+00	   1.0838663300205553e-11	   8.0000000000000000e+00	
   7.6299999999999999e+00	   1.0254463944647796e-11	   8.0000000000000000e+00	
   7.6399999999999997e+00	   9.6571639573994617e-12	   8.0000000000000000e+00	
   7.6500000000000004e+00	   9.1494589682383776e-12	   8.0000000000000000e+00	
   7.6600000000000001e+00	   8.6168849833256900e-12	   8.0000000000000000e+00	
   7.6699999999999999e+00	   8.0638828947598995e-12	   8.0000000000000000e+00	
   7.6799999999999997e+00	   7.4963368845715195e-12	   8.0000000000000000e+00	
   7.6900000000000004e+00	   6.9187988671615130e-12	   8.0000000000000000e+00	
   7.7000000000000002e+00	   6.3954397333532143e-12	   8.0000000000000000e+00	
   7.7100000000000000e+00	   5.9123816953388086e-12	   8.0000000000000000e+00	
   7.7199999999999998e+00	   5.4252158321332900e-12	   8.0000000000000000e+00	
   7.7300000000000004e+00	   4.9376058797179212e-12	   8.0000000000000000e+00	
   7.7400000000000002e+00	   4.4527714848641153e-12	   8.0000000000000000e+00	
   7.7500000000000000e+00	   3.9753755842752980e-12	   8.0000000000000000e+00	
   7.7599999999999998e+00	   4.0769609910284998e-12	   8.0000000000000000e+00	
   7.7699999999999996e+00	   4.1380232573828835e-12	   8.0000000000000000e+00	
   7.7800000000000002e+00	   4.1600056732704616e-12	   8.0000000000000000e+00	
   7.7900000000000000e+00	   4.1446845955306344e-12	   8.0000000000000000e+00	
   7.7999999999999998e+00	   4.0942804702126523e-12	   8.0000000000000000e+00	
   7.8099999999999996e+00	   4.0394354527961696e-12	   8.0000000000000000e+00	
   7.8200000000000003e+00	   3.9850345245895369e-12	   8.0000000000000000e+00	
   7.8300000000000001e+00	   3.8946623703850491e-12	   8.0000000000000000e+00	
   7.8399999999999999e+00	   3.7720937484664319e-12	   8.0000000000000000e+00	
   7.8499999999999996e+00	   3.6188829710681603e-12	   8.0000000000000000e+00	
   7.8600000000000003e+00	   3.4401370641035101e-12	   8.0000000000000000e+00	
   7.8700000000000001e+00	   3.2751579226442118e-12	   8.0000000000000000e+00	
   7.8799999999999999e+00	   3.0881963652973354e-12	   8.0000000000000000e+00	
   7.8899999999999997e+00	   2.8768099014087056e-12	   8.0000000000000000e+00	
   7.9000000000000004e+00	   2.6458835122866731e-12	   8.0000000000000000e+00	
   7.9100000000000001e+00	   2.3978596885854131e-12	   8.0000000000000000e+00	
   7.9199999999999999e+00	   2.1447288389708774e-12	   8.0000000000000000e+00	
   7.9299999999999997e+00	   1.8949286584302172e-12	   8.0000000000000000e+00	
   7.9400000000000004e+00	   1.6326939800137552e-12	   8.0000000000000000e+00	
   7.9500000000000002e+00	   1.3613554727953669e-12	   8.0000000000000000e+00	
   7.9600000000000000e+00	   1.0851319842686280e-12	   8.0000000000000000e+00	
   7.9699999999999998e+00	   8.0735418350741384e-13	   8.0000000000000000e+00	
   7.9800000000000004e+00	   5.3690385470872570e-13	   8.0000000000000000e+00	
   7.9900000000000002e+00	   2.6689761511988763e-13	   8.0000000000000000e+00	
   8.0000000000000000e+00	   1.1102230246251565e-16	   2.0000000000000000e+00	
