   5.0000000000000000e-01	   1.5000000000000000e+00	   1.0000000000000000e+00	
   5.1000000000000001e-01	   1.3733260638251008e+00	   1.0000000000000000e+00	
   5.2000000000000002e-01	   1.2564849481215701e+00	   1.0000000000000000e+00	
   5.3000000000000003e-01	   1.1787825568428265e+00	   1.0000000000000000e+00	
   5.4000000000000004e-01	   1.2083137469613368e+00	   1.0000000000000000e+00	
   5.5000000000000004e-01	   1.2350308401486161e+00	   1.0000000000000000e+00	
   5.6000000000000005e-01	   1.1995922514935584e+00	   1.0000000000000000e+00	
   5.7000000000000006e-01	   1.0950877417834142e+00	   1.0000000000000000e+00	
   5.7999999999999996e-01	   9.9817016662046432e-01	   1.0000000000000000e+00	
   5.8999999999999997e-01	   9.7923788376676679e-01	   1.0000000000000000e+00	
   5.9999999999999998e-01	   9.9518159627139791e-01	   1.0000000000000000e+00	
   6.0999999999999999e-01	   1.0090424228834816e+00	   1.0000000000000000e+00	
   6.2000000000000000e-01	   9.2853348311672801e-01	   1.0000000000000000e+00	
   6.3000000000000000e-01	   8.4246503747357249e-01	   1.0000000000000000e+00	
   6.4000000000000001e-01	   7.7204129425922163e-01	   1.0000000000000000e+00	
   6.5000000000000002e-01	   7.8066404111375842e-01	   1.0000000000000000e+00	
   6.6000000000000003e-01	   7.8783804752200015e-01	   1.0000000000000000e+00	
   6.7000000000000004e-01	   7.6545842069060455e-01	   1.0000000000000000e+00	
   6.7999999999999994e-01	   6.8994513152435721e-01	   1.0000000000000000e+00	
   6.8999999999999995e-01	   6.1956588288159731e-01	   1.0000000000000000e+00	
   6.9999999999999996e-01	   5.9195371055809476e-01	   1.0000000000000000e+00	
   7.0999999999999996e-01	   5.9504121420332612e-01	   1.0000000000000000e+00	
   7.1999999999999997e-01	   5.9723591608451976e-01	   1.0000000000000000e+00	
   7.2999999999999998e-01	   5.4707750264750588e-01	   1.0000000000000000e+00	
   7.3999999999999999e-01	   4.8599241742669852e-01	   1.0000000000000000e+00	
   7.5000000000000000e-01	   4.2899113320427484e-01	   1.0000000000000000e+00	
   7.6000000000000001e-01	   4.2988153301421139e-01	   1.0000000000000000e+00	
   7.7000000000000002e-01	   4.3024969903407206e-01	   1.0000000000000000e+00	
   7.8000000000000003e-01	   4.1803670236255797e-01	   1.0000000000000000e+00	
   7.9000000000000004e-01	   3.6555113419297292e-01	   1.0000000000000000e+00	
   8.0000000000000004e-01	   3.1653212063618774e-01	   1.0000000000000000e+00	
   8.1000000000000005e-01	   2.9064211482424573e-01	   1.0000000000000000e+00	
   8.2000000000000006e-01	   2.9029347282320006e-01	   1.0000000000000000e+00	
   8.3000000000000007e-01	   2.8968567781436105e-01	   1.0000000000000000e+00	
   8.4000000000000008e-01	   2.5989785604122684e-01	   1.0000000000000000e+00	
   8.5000000000000009e-01	   2.1800912581593823e-01	   1.0000000000000000e+00	
   8.5999999999999999e-01	   2.1371025587109771e-01	   1.0000000000000000e+00	
   8.7000000000000000e-01	   2.2045140337884717e-01	   1.0000000000000000e+00	
   8.8000000000000000e-01	   2.2688107594740237e-01	   1.0000000000000000e+00	
   8.9000000000000001e-01	   2.3283742531955498e-01	   1.0000000000000000e+00	
   9.0000000000000002e-01	   2.3834400645758158e-01	   1.0000000000000000e+00	
   9.1000000000000003e-01	   2.4342348292214655e-01	   1.0000000000000000e+00	
   9.1999999999999993e-01	   2.4856828668160502e-01	   1.0000000000000000e+00	
   9.2999999999999994e-01	   2.5421685675010386e-01	   1.0000000000000000e+00	
   9.3999999999999995e-01	   2.5942442233048579e-01	   1.0000000000000000e+00	
   9.4999999999999996e-01	   2.6421381259662702e-01	   1.0000000000000000e+00	
   9.5999999999999996e-01	   2.6860660730618569e-01	   1.0000000000000000e+00	
   9.6999999999999997e-01	   2.7262314850782488e-01	   1.0000000000000000e+00	
   9.7999999999999998e-01	   2.7720591368674341e-01	   1.0000000000000000e+00	
   9.8999999999999999e-01	   2.8165341562172808e-01	   1.0000000000000000e+00	
   1.0000000000000000e+00	   2.8571428571428570e-01	   1.0000000000000000e+00	
   1.0100000000000000e+00	   2.7167185995364351e-01	   1.0000000000000000e+00	
   1.0200000000000000e+00	   2.5771493225060915e-01	   1.0000000000000000e+00	
   1.0300000000000000e+00	   2.4410958719093501e-01	   1.0000000000000000e+00	
   1.0400000000000000e+00	   2.3147905616054076e-01	   1.0000000000000000e+00	
   1.0500000000000000e+00	   2.1897900420817262e-01	   1.0000000000000000e+00	
   1.0600000000000001e+00	   2.0662723497739455e-01	   1.0000000000000000e+00	
   1.0700000000000001e+00	   1.9444107342012040e-01	   1.0000000000000000e+00	
   1.0800000000000001e+00	   1.8243729114045615e-01	   1.0000000000000000e+00	
   1.0899999999999999e+00	   1.7132464676065218e-01	   1.0000000000000000e+00	
   1.1000000000000001e+00	   1.6075035065851229e-01	   1.0000000000000000e+00	
   1.1099999999999999e+00	   1.5037710086113831e-01	   1.0000000000000000e+00	
   1.1200000000000001e+00	   1.4021745586793499e-01	   1.0000000000000000e+00	
   1.1299999999999999e+00	   1.3028325181565215e-01	   1.0000000000000000e+00	
   1.1400000000000001e+00	   1.2069274724472956e-01	   1.0000000000000000e+00	
   1.1499999999999999e+00	   1.1302576812735876e-01	   1.0000000000000000e+00	
   1.1600000000000001e+00	   1.2795615439265440e-01	   1.0000000000000000e+00	
   1.1699999999999999e+00	   1.3548854261590604e-01	   1.0000000000000000e+00	
   1.1800000000000002e+00	   1.2926082536166361e-01	   1.0000000000000000e+00	
   1.1899999999999999e+00	   1.2315627882410385e-01	   1.0000000000000000e+00	
   1.2000000000000002e+00	   1.2724575037802022e-01	   1.0000000000000000e+00	
   1.2100000000000000e+00	   1.3899335033039817e-01	   1.0000000000000000e+00	
   1.2200000000000000e+00	   1.5019233245395625e-01	   1.0000000000000000e+00	
   1.2300000000000000e+00	   1.4661325156494587e-01	   1.0000000000000000e+00	
   1.2400000000000000e+00	   1.3907713302272651e-01	   1.0000000000000000e+00	
   1.2500000000000000e+00	   1.3173613095436343e-01	   1.0000000000000000e+00	
   1.2600000000000000e+00	   1.4064975098785104e-01	   1.0000000000000000e+00	
   1.2700000000000000e+00	   1.4907178225023943e-01	   1.0000000000000000e+00	
   1.2800000000000000e+00	   1.5335304858442989e-01	   1.0000000000000000e+00	
   1.2900000000000000e+00	   1.4482267615993671e-01	   1.0000000000000000e+00	
   1.3000000000000000e+00	   1.3655268661613884e-01	   1.0000000000000000e+00	
   1.3100000000000001e+00	   1.3491571579102968e-01	   1.0000000000000000e+00	
   1.3200000000000001e+00	   1.4101393548629626e-01	   1.0000000000000000e+00	
   1.3300000000000001e+00	   1.4670164059140145e-01	   1.0000000000000000e+00	
   1.3399999999999999e+00	   1.4249320159778467e-01	   1.0000000000000000e+00	
   1.3500000000000001e+00	   1.3373725106176604e-01	   1.0000000000000000e+00	
   1.3599999999999999e+00	   1.2530075698164067e-01	   1.0000000000000000e+00	
   1.3700000000000001e+00	   1.2814413123799429e-01	   1.0000000000000000e+00	
   1.3799999999999999e+00	   1.3206628478608140e-01	   1.0000000000000000e+00	
   1.3900000000000001e+00	   1.3427962084840273e-01	   1.0000000000000000e+00	
   1.3999999999999999e+00	   1.2544517822832035e-01	   1.0000000000000000e+00	
   1.4100000000000001e+00	   1.1697191952454133e-01	   1.0000000000000000e+00	
   1.4199999999999999e+00	   1.1244455625107141e-01	   1.0000000000000000e+00	
   1.4300000000000002e+00	   1.1504448088281505e-01	   1.0000000000000000e+00	
   1.4399999999999999e+00	   1.1740028464798025e-01	   1.0000000000000000e+00	
   1.4500000000000002e+00	   1.1365461066012950e-01	   1.0000000000000000e+00	
   1.4600000000000000e+00	   1.0546535692618586e-01	   1.0000000000000000e+00	
   1.4700000000000000e+00	   9.7656326397847160e-02	   1.0000000000000000e+00	
   1.4800000000000000e+00	   6.2190933779262991e-02	   1.0000000000000000e+00	
   1.4900000000000000e+00	   4.4280878814026647e-02	   1.0000000000000000e+00	
   1.5000000000000000e+00	   4.5454545454545636e-02	   1.0000000000000000e+00	
   1.5100000000000000e+00	   4.8136649321536940e-02	   1.0000000000000000e+00	
   1.5200000000000000e+00	   5.1196023063961649e-02	   1.0000000000000000e+00	
   1.5300000000000000e+00	   7.9283919288050120e-03	   1.0000000000000000e+00	
   1.5400000000000000e+00	   7.7086502406881197e-03	   1.0000000000000000e+00	
   1.5500000000000000e+00	   7.4591690803699207e-03	   1.0000000000000000e+00	
   1.5600000000000001e+00	   7.1828237092348424e-03	   1.0000000000000000e+00	
   1.5700000000000001e+00	   6.8825705813430060e-03	   1.0000000000000000e+00	
   1.5800000000000001e+00	   6.5614205274006077e-03	   1.0000000000000000e+00	
   1.5900000000000001e+00	   6.2685585150807910e-03	   1.0000000000000000e+00	
   1.6000000000000001e+00	   5.9805929530208912e-03	   1.0000000000000000e+00	
   1.6100000000000001e+00	   5.6766260418259495e-03	   1.0000000000000000e+00	
   1.6200000000000001e+00	   5.3594666840403038e-03	   1.0000000000000000e+00	
   1.6300000000000001e+00	   5.0318891213203543e-03	   1.0000000000000000e+00	
   1.6400000000000001e+00	   4.7032274832213838e-03	   1.0000000000000000e+00	
   1.6500000000000001e+00	   4.4202291789290360e-03	   1.0000000000000000e+00	
   1.6599999999999999e+00	   4.1306856695116911e-03	   1.0000000000000000e+00	
   1.6699999999999999e+00	   3.8369273586762453e-03	   1.0000000000000000e+00	
   1.6799999999999999e+00	   3.5411986166548060e-03	   1.0000000000000000e+00	
   1.6899999999999999e+00	   3.2456470666145654e-03	   1.0000000000000000e+00	
   1.7000000000000000e+00	   2.9789619932883982e-03	   1.0000000000000000e+00	
   1.7100000000000000e+00	   2.7347166072375639e-03	   1.0000000000000000e+00	
   1.7200000000000000e+00	   2.4924552770866359e-03	   1.0000000000000000e+00	
   1.7300000000000000e+00	   2.2537875442881772e-03	   1.0000000000000000e+00	
   1.7400000000000000e+00	   2.0202181545095899e-03	   1.0000000000000000e+00	
   1.7500000000000000e+00	   1.8946486249697969e-03	   1.0000000000000000e+00	
   1.7600000000000000e+00	   1.9289142759644218e-03	   1.0000000000000000e+00	
   1.7700000000000000e+00	   1.9436343346042051e-03	   1.0000000000000000e+00	
   1.7800000000000000e+00	   1.9399892865388235e-03	   1.0000000000000000e+00	
   1.7900000000000000e+00	   1.9192517137784915e-03	   1.0000000000000000e+00	
   1.8000000000000000e+00	   1.8827691607485875e-03	   1.0000000000000000e+00	
   1.8100000000000001e+00	   1.8455288228438338e-03	   1.0000000000000000e+00	
   1.8200000000000001e+00	   1.8094673300206310e-03	   1.0000000000000000e+00	
   1.8300000000000001e+00	   1.7579766344186787e-03	   1.0000000000000000e+00	
   1.8400000000000001e+00	   1.6925922861621423e-03	   1.0000000000000000e+00	
   1.8500000000000001e+00	   1.6148858801006138e-03	   1.0000000000000000e+00	
   1.8600000000000001e+00	   1.5264499096971917e-03	   1.0000000000000000e+00	
   1.8700000000000001e+00	   1.4460353862120190e-03	   1.0000000000000000e+00	
   1.8800000000000001e+00	   1.3568837383068910e-03	   1.0000000000000000e+00	
   1.8900000000000001e+00	   1.2583026510448736e-03	   1.0000000000000000e+00	
   1.9000000000000001e+00	   1.1519423889641001e-03	   1.0000000000000000e+00	
   1.9099999999999999e+00	   1.0394400422293337e-03	   1.0000000000000000e+00	
   1.9199999999999999e+00	   9.2608728202558943e-04	   1.0000000000000000e+00	
   1.9299999999999999e+00	   8.1508777910377361e-04	   1.0000000000000000e+00	
   1.9399999999999999e+00	   6.9966493061146551e-04	   1.0000000000000000e+00	
   1.9500000000000000e+00	   5.8141446913850814e-04	   1.0000000000000000e+00	
   1.9600000000000000e+00	   4.6188874005292924e-04	   1.0000000000000000e+00	
   1.9700000000000000e+00	   3.4258623776839414e-04	   1.0000000000000000e+00	
   1.9800000000000000e+00	   2.2689183740998153e-04	   1.0000000000000000e+00	
   1.9900000000000000e+00	   1.1250654035999119e-04	   1.0000000000000000e+00	
   2.0000000000000000e+00	   2.2204460492503131e-16	   1.0000000000000000e+00	
   2.0099999999999998e+00	   1.0927857295006671e-04	   1.0000000000000000e+00	
   2.0200000000000000e+00	   2.1405905279536785e-04	   1.0000000000000000e+00	
   2.0300000000000002e+00	   3.1392514075667677e-04	   1.0000000000000000e+00	
   2.0400000000000000e+00	   4.1100573686581043e-04	   1.0000000000000000e+00	
   2.0499999999999998e+00	   5.0234582905761549e-04	   1.0000000000000000e+00	
   2.0600000000000001e+00	   5.8690367573466240e-04	   1.0000000000000000e+00	
   2.0700000000000003e+00	   6.6373649145190505e-04	   1.0000000000000000e+00	
   2.0800000000000001e+00	   7.3200582293109218e-04	   1.0000000000000000e+00	
   2.0899999999999999e+00	   7.9715763292786956e-04	   1.0000000000000000e+00	
   2.1000000000000001e+00	   8.5685001491020429e-04	   1.0000000000000000e+00	
   2.1100000000000003e+00	   9.0762330461169327e-04	   1.0000000000000000e+00	
   2.1200000000000001e+00	   9.4892460716000659e-04	   1.0000000000000000e+00	
   2.1299999999999999e+00	   9.8031152819533229e-04	   1.0000000000000000e+00	
   2.1400000000000001e+00	   1.0029037769914151e-03	   1.0000000000000000e+00	
   2.1500000000000004e+00	   1.0273477345043025e-03	   1.0000000000000000e+00	
   2.1600000000000001e+00	   1.0423838336930391e-03	   1.0000000000000000e+00	
   2.1699999999999999e+00	   1.0478488404406239e-03	   1.0000000000000000e+00	
   2.1799999999999997e+00	   1.0436807094568179e-03	   1.0000000000000000e+00	
   2.1899999999999999e+00	   1.0299154936996846e-03	   1.0000000000000000e+00	
   2.2000000000000002e+00	   1.0158138382525550e-03	   1.0000000000000000e+00	
   2.2100000000000000e+00	   1.0004340777810539e-03	   1.0000000000000000e+00	
   2.2199999999999998e+00	   9.7683472224519008e-04	   1.0000000000000000e+00	
   2.2300000000000000e+00	   9.4524338883783532e-04	   1.0000000000000000e+00	
   2.2400000000000002e+00	   9.0595902636603221e-04	   1.0000000000000000e+00	
   2.2500000000000000e+00	   8.8545630536018827e-04	   2.0000000000000000e+00	
   2.2599999999999998e+00	   9.4480690971143755e-04	   2.0000000000000000e+00	
   2.2700000000000000e+00	   1.0130491092744665e-03	   2.0000000000000000e+00	
   2.2800000000000002e+00	   1.0766063021890870e-03	   2.0000000000000000e+00	
   2.2900000000000000e+00	   1.1349914568620223e-03	   2.0000000000000000e+00	
   2.2999999999999998e+00	   1.1877761863382519e-03	   2.0000000000000000e+00	
   2.3100000000000001e+00	   1.2433743001686315e-03	   2.0000000000000000e+00	
   2.3200000000000003e+00	   1.3036407265496486e-03	   2.0000000000000000e+00	
   2.3300000000000001e+00	   1.3572186485737436e-03	   2.0000000000000000e+00	
   2.3399999999999999e+00	   1.4037802993339676e-03	   2.0000000000000000e+00	
   2.3500000000000001e+00	   1.4430642442940789e-03	   2.0000000000000000e+00	
   2.3600000000000003e+00	   1.4748751177257047e-03	   2.0000000000000000e+00	
   2.3700000000000001e+00	   1.5163467719270241e-03	   2.0000000000000000e+00	
   2.3799999999999999e+00	   1.5520051647335276e-03	   2.0000000000000000e+00	
   2.3900000000000001e+00	   1.5795527688937661e-03	   2.0000000000000000e+00	
   2.4000000000000004e+00	   1.5989306880853649e-03	   2.0000000000000000e+00	
   2.4100000000000001e+00	   1.6101459055440914e-03	   2.0000000000000000e+00	
   2.4199999999999999e+00	   1.6194781097738087e-03	   2.0000000000000000e+00	
   2.4299999999999997e+00	   1.6329665688292749e-03	   2.0000000000000000e+00	
   2.4399999999999999e+00	   1.6381494202530877e-03	   2.0000000000000000e+00	
   2.4500000000000002e+00	   1.6351706501380736e-03	   2.0000000000000000e+00	
   2.4600000000000000e+00	   1.6242331720529579e-03	   2.0000000000000000e+00	
   2.4699999999999998e+00	   1.6055953936641165e-03	   2.0000000000000000e+00	
   2.4800000000000000e+00	   1.5929375874010887e-03	   2.0000000000000000e+00	
   2.4900000000000002e+00	   1.5765264665646983e-03	   2.0000000000000000e+00	
   2.5000000000000000e+00	   6.6666666666659324e-04	   1.0000000000000000e+00	
   2.5100000000000002e+00	   2.6878128772755971e-04	   2.0000000000000000e+00	
   2.5200000000000000e+00	   2.6212255376756310e-04	   2.0000000000000000e+00	
   2.5300000000000002e+00	   2.5500639287723281e-04	   2.0000000000000000e+00	
   2.5400000000000000e+00	   2.4901754191697378e-04	   2.0000000000000000e+00	
   2.5499999999999998e+00	   2.4198476272774272e-04	   2.0000000000000000e+00	
   2.5600000000000001e+00	   2.3399007776014891e-04	   2.0000000000000000e+00	
   2.5699999999999998e+00	   2.2512032689148143e-04	   2.0000000000000000e+00	
   2.5800000000000001e+00	   2.1546630990609827e-04	   2.0000000000000000e+00	
   2.5899999999999999e+00	   2.0676412560982627e-04	   2.0000000000000000e+00	
   2.6000000000000001e+00	   1.9817478871297922e-04	   2.0000000000000000e+00	
   2.6099999999999999e+00	   1.8894254991663750e-04	   2.0000000000000000e+00	
   2.6200000000000001e+00	   1.7915631980636171e-04	   2.0000000000000000e+00	
   2.6299999999999999e+00	   1.6890627458088225e-04	   2.0000000000000000e+00	
   2.6400000000000001e+00	   1.5852030417318197e-04	   2.0000000000000000e+00	
   2.6499999999999999e+00	   1.4912934243715981e-04	   3.0000000000000000e+00	
   2.6600000000000001e+00	   1.3904325835423226e-04	   3.0000000000000000e+00	
   2.6699999999999999e+00	   1.2883812153186014e-04	   3.0000000000000000e+00	
   2.6800000000000002e+00	   1.1859459169960562e-04	   3.0000000000000000e+00	
   2.6899999999999999e+00	   1.0838974487537012e-04	   3.0000000000000000e+00	
   2.7000000000000002e+00	   9.9221688341422087e-05	   3.0000000000000000e+00	
   2.7100000000000000e+00	   9.0854211925450734e-05	   3.0000000000000000e+00	
   2.7200000000000002e+00	   8.2575189825018214e-05	   3.0000000000000000e+00	
   2.7300000000000000e+00	   7.4442578311240126e-05	   3.0000000000000000e+00	
   2.7400000000000002e+00	   6.6510279114972981e-05	   3.0000000000000000e+00	
   2.7500000000000000e+00	   5.8869803218231098e-05	   3.0000000000000000e+00	
   2.7600000000000002e+00	   5.9820261833376520e-05	   3.0000000000000000e+00	
   2.7700000000000000e+00	   6.0161869675168234e-05	   3.0000000000000000e+00	
   2.7800000000000002e+00	   5.9933433892878085e-05	   3.0000000000000000e+00	
   2.7900000000000000e+00	   5.9176368775615273e-05	   3.0000000000000000e+00	
   2.8000000000000003e+00	   5.7934242363666399e-05	   3.0000000000000000e+00	
   2.8100000000000001e+00	   5.6657223041600702e-05	   3.0000000000000000e+00	
   2.8199999999999998e+00	   5.5403715887747396e-05	   3.0000000000000000e+00	
   2.8300000000000001e+00	   5.3681866946986290e-05	   3.0000000000000000e+00	
   2.8399999999999999e+00	   5.1541816491251780e-05	   3.0000000000000000e+00	
   2.8500000000000001e+00	   4.9034588370799881e-05	   3.0000000000000000e+00	
   2.8599999999999999e+00	   4.6211631826942323e-05	   3.0000000000000000e+00	
   2.8700000000000001e+00	   4.3628731908995633e-05	   3.0000000000000000e+00	
   2.8799999999999999e+00	   4.0795223605005759e-05	   3.0000000000000000e+00	
   2.8900000000000001e+00	   3.7695255035830044e-05	   3.0000000000000000e+00	
   2.8999999999999999e+00	   3.4381546644812744e-05	   3.0000000000000000e+00	
   2.9100000000000001e+00	   3.0905936152070268e-05	   3.0000000000000000e+00	
   2.9199999999999999e+00	   2.7425990653862087e-05	   3.0000000000000000e+00	
   2.9300000000000002e+00	   2.4037198088411316e-05	   3.0000000000000000e+00	
   2.9399999999999999e+00	   2.0545098861513011e-05	   3.0000000000000000e+00	
   2.9500000000000002e+00	   1.6998498494569247e-05	   3.0000000000000000e+00	
   2.9600000000000000e+00	   1.3444205206436521e-05	   3.0000000000000000e+00	
   2.9700000000000002e+00	   9.9267218414134106e-06	   3.0000000000000000e+00	
   2.9800000000000000e+00	   6.5439231686781341e-06	   3.0000000000000000e+00	
   2.9900000000000002e+00	   3.2296827237043857e-06	   3.0000000000000000e+00	
   3.0000000000000000e+00	   2.2204460492503131e-16	   1.0000000000000000e+00	
   3.0100000000000002e+00	   3.1074462244484735e-06	   3.0000000000000000e+00	
   3.0200000000000000e+00	   6.0579458494025573e-06	   3.0000000000000000e+00	
   3.0300000000000002e+00	   8.8416979882044444e-06	   3.0000000000000000e+00	
   3.0400000000000000e+00	   1.1521414506443506e-05	   3.0000000000000000e+00	
   3.0500000000000003e+00	   1.4015878361250955e-05	   3.0000000000000000e+00	
   3.0600000000000001e+00	   1.6298776676748616e-05	   3.0000000000000000e+00	
   3.0699999999999998e+00	   1.8347007571084539e-05	   3.0000000000000000e+00	
   3.0800000000000001e+00	   2.0140750073727176e-05	   3.0000000000000000e+00	
   3.0899999999999999e+00	   2.1836487148152450e-05	   3.0000000000000000e+00	
   3.1000000000000001e+00	   2.3371655209047937e-05	   3.0000000000000000e+00	
   3.1099999999999999e+00	   2.4653005836650088e-05	   3.0000000000000000e+00	
   3.1200000000000001e+00	   2.5668902134845517e-05	   3.0000000000000000e+00	
   3.1299999999999999e+00	   2.6410749053407123e-05	   3.0000000000000000e+00	
   3.1400000000000001e+00	   2.6913137277317922e-05	   3.0000000000000000e+00	
   3.1499999999999999e+00	   2.7473389446530661e-05	   3.0000000000000000e+00	
   3.1600000000000001e+00	   2.7781790810310625e-05	   3.0000000000000000e+00	
   3.1699999999999999e+00	   2.7836383282742183e-05	   3.0000000000000000e+00	
   3.1800000000000002e+00	   2.7637731783380914e-05	   3.0000000000000000e+00	
   3.1899999999999999e+00	   2.7188827865232135e-05	   3.0000000000000000e+00	
   3.2000000000000002e+00	   2.6744404165945923e-05	   3.0000000000000000e+00	
   3.2100000000000000e+00	   2.6278401242363358e-05	   3.0000000000000000e+00	
   3.2200000000000002e+00	   2.5601482996906455e-05	   3.0000000000000000e+00	
   3.2300000000000000e+00	   2.4720355982332798e-05	   3.0000000000000000e+00	
   3.2400000000000002e+00	   2.3643460486111323e-05	   3.0000000000000000e+00	
   3.2500000000000000e+00	   2.2390273054950782e-05	   3.0000000000000000e+00	
   3.2600000000000002e+00	   2.4349755192609734e-05	   3.0000000000000000e+00	
   3.2700000000000000e+00	   2.6214762418375059e-05	   3.0000000000000000e+00	
   3.2800000000000002e+00	   2.7969284175810571e-05	   3.0000000000000000e+00	
   3.2900000000000000e+00	   2.9598673874531300e-05	   3.0000000000000000e+00	
   3.3000000000000003e+00	   3.1089733625089266e-05	   3.0000000000000000e+00	
   3.3100000000000001e+00	   3.2664208624577640e-05	   3.0000000000000000e+00	
   3.3199999999999998e+00	   3.4372678994198935e-05	   3.0000000000000000e+00	
   3.3300000000000001e+00	   3.5912403039128904e-05	   3.0000000000000000e+00	
   3.3399999999999999e+00	   3.7272477444005858e-05	   3.0000000000000000e+00	
   3.3500000000000001e+00	   3.8443769009077755e-05	   3.0000000000000000e+00	
   3.3599999999999999e+00	   3.9418941051527767e-05	   3.0000000000000000e+00	
   3.3700000000000001e+00	   4.0662590898632445e-05	   3.0000000000000000e+00	
   3.3799999999999999e+00	   4.1755027281098478e-05	   3.0000000000000000e+00	
   3.3900000000000001e+00	   4.2631706994145091e-05	   3.0000000000000000e+00	
   3.3999999999999999e+00	   4.3288879452596518e-05	   3.0000000000000000e+00	
   3.4100000000000001e+00	   4.3724669076317113e-05	   3.0000000000000000e+00	
   3.4199999999999999e+00	   4.4111192691875800e-05	   3.0000000000000000e+00	
   3.4300000000000002e+00	   4.4616237055095098e-05	   3.0000000000000000e+00	
   3.4399999999999999e+00	   4.4893321001771014e-05	   3.0000000000000000e+00	
   3.4500000000000002e+00	   4.4944380697797826e-05	   3.0000000000000000e+00	
   3.4600000000000000e+00	   4.4773102846118462e-05	   3.0000000000000000e+00	
   3.4700000000000002e+00	   4.4384846715539439e-05	   3.0000000000000000e+00	
   3.4800000000000000e+00	   4.4164358299347839e-05	   3.0000000000000000e+00	
   3.4900000000000002e+00	   4.3837294899207180e-05	   3.0000000000000000e+00	
   3.5000000000000000e+00	   1.6943983191408662e-05	   3.0000000000000000e+00	
   3.5100000000000002e+00	   7.2866637810253820e-06	   4.0000000000000000e+00	
   3.5200000000000000e+00	   7.0872735613569660e-06	   4.0000000000000000e+00	
   3.5300000000000002e+00	   6.8763892877576893e-06	   4.0000000000000000e+00	
   3.5400000000000000e+00	   6.6966266620838155e-06	   4.0000000000000000e+00	
   3.5500000000000003e+00	   6.4896869835795457e-06	   4.0000000000000000e+00	
   3.5600000000000001e+00	   6.2580013013846525e-06	   4.0000000000000000e+00	
   3.5700000000000003e+00	   6.0041060192528306e-06	   4.0000000000000000e+00	
   3.5800000000000001e+00	   5.7306180498706283e-06	   4.0000000000000000e+00	
   3.5899999999999999e+00	   5.4836595770879626e-06	   4.0000000000000000e+00	
   3.6000000000000001e+00	   5.2409043049816972e-06	   4.0000000000000000e+00	
   3.6099999999999999e+00	   4.9824594794412036e-06	   4.0000000000000000e+00	
   3.6200000000000001e+00	   4.7108151073338433e-06	   4.0000000000000000e+00	
   3.6299999999999999e+00	   4.4284675311256905e-06	   4.0000000000000000e+00	
   3.6400000000000001e+00	   4.1440880542698011e-06	   4.0000000000000000e+00	
   3.6499999999999999e+00	   3.9012893213730138e-06	   4.0000000000000000e+00	
   3.6600000000000001e+00	   3.6510943568490717e-06	   4.0000000000000000e+00	
   3.6699999999999999e+00	   3.3956749563301969e-06	   4.0000000000000000e+00	
   3.6800000000000002e+00	   3.1371548816494510e-06	   4.0000000000000000e+00	
   3.6899999999999999e+00	   2.8775942924053055e-06	   4.0000000000000000e+00	
   3.7000000000000002e+00	   2.6436370779148177e-06	   4.0000000000000000e+00	
   3.7100000000000000e+00	   2.4292777398571275e-06	   4.0000000000000000e+00	
   3.7200000000000002e+00	   2.2156430927733339e-06	   4.0000000000000000e+00	
   3.7300000000000000e+00	   2.0043390507318293e-06	   4.0000000000000000e+00	
   3.7400000000000002e+00	   1.7968828553982519e-06	   4.0000000000000000e+00	
   3.7500000000000000e+00	   1.5946940212785421e-06	   4.0000000000000000e+00	
   3.7600000000000002e+00	   1.6258604185193093e-06	   4.0000000000000000e+00	
   3.7700000000000000e+00	   1.6405887036663458e-06	   4.0000000000000000e+00	
   3.7800000000000002e+00	   1.6397377372578958e-06	   4.0000000000000000e+00	
   3.7900000000000000e+00	   1.6242909532948602e-06	   4.0000000000000000e+00	
   3.8000000000000003e+00	   1.5953083085662456e-06	   4.0000000000000000e+00	
   3.8100000000000001e+00	   1.5650952150947361e-06	   4.0000000000000000e+00	
   3.8200000000000003e+00	   1.5352636167920153e-06	   4.0000000000000000e+00	
   3.8300000000000001e+00	   1.4921561179992437e-06	   4.0000000000000000e+00	
   3.8399999999999999e+00	   1.4370538404806510e-06	   4.0000000000000000e+00	
   3.8500000000000001e+00	   1.3712816907540670e-06	   4.0000000000000000e+00	
   3.8599999999999999e+00	   1.2961955102586131e-06	   4.0000000000000000e+00	
   3.8700000000000001e+00	   1.2273535292539606e-06	   4.0000000000000000e+00	
   3.8799999999999999e+00	   1.1509826763900222e-06	   4.0000000000000000e+00	
   3.8900000000000001e+00	   1.0665797764985996e-06	   4.0000000000000000e+00	
   3.8999999999999999e+00	   9.7558285994114868e-07	   4.0000000000000000e+00	
   3.9100000000000001e+00	   8.7942286253195334e-07	   4.0000000000000000e+00	
   3.9199999999999999e+00	   7.8256431412793148e-07	   4.0000000000000000e+00	
   3.9300000000000002e+00	   6.8774611350352899e-07	   4.0000000000000000e+00	
   3.9399999999999999e+00	   5.8941978520188343e-07	   4.0000000000000000e+00	
   3.9500000000000002e+00	   4.8897302040717960e-07	   4.0000000000000000e+00	
   3.9600000000000000e+00	   3.8775117838785178e-07	   4.0000000000000000e+00	
   3.9700000000000002e+00	   2.8704725996142599e-07	   4.0000000000000000e+00	
   3.9800000000000000e+00	   1.8971476367646289e-07	   4.0000000000000000e+00	
   3.9900000000000002e+00	   9.3869490180864545e-08	   4.0000000000000000e+00	
   4.0000000000000000e+00	   1.1102230246251565e-16	   5.0000000000000000e+00	
   4.0099999999999998e+00	   9.0767635185784457e-08	   4.0000000000000000e+00	
   4.0199999999999996e+00	   1.7738386870469469e-07	   4.0000000000000000e+00	
   4.0300000000000002e+00	   2.5952104398818676e-07	   4.0000000000000000e+00	
   4.0400000000000000e+00	   3.3898315376923449e-07	   4.0000000000000000e+00	
   4.0500000000000007e+00	   4.1334738898335388e-07	   4.0000000000000000e+00	
   4.0600000000000005e+00	   4.8179211620258400e-07	   4.0000000000000000e+00	
   4.0700000000000003e+00	   5.4358446832658558e-07	   4.0000000000000000e+00	
   4.0800000000000001e+00	   5.9808368257918687e-07	   4.0000000000000000e+00	
   4.0899999999999999e+00	   6.4989277026583636e-07	   4.0000000000000000e+00	
   4.0999999999999996e+00	   6.9712239270103282e-07	   4.0000000000000000e+00	
   4.1099999999999994e+00	   7.3694972679838600e-07	   4.0000000000000000e+00	
   4.1200000000000001e+00	   7.6897380441032226e-07	   4.0000000000000000e+00	
   4.1299999999999999e+00	   7.9288305987468277e-07	   4.0000000000000000e+00	
   4.1400000000000006e+00	   8.0966436133422803e-07	   4.0000000000000000e+00	
   4.1500000000000004e+00	   8.2823682068244864e-07	   4.0000000000000000e+00	
   4.1600000000000001e+00	   8.3925187577271743e-07	   4.0000000000000000e+00	
   4.1699999999999999e+00	   8.4260283239601108e-07	   4.0000000000000000e+00	
   4.1799999999999997e+00	   8.3826008978604705e-07	   4.0000000000000000e+00	
   4.1899999999999995e+00	   8.2626898745274957e-07	   4.0000000000000000e+00	
   4.2000000000000002e+00	   8.1434379928246869e-07	   4.0000000000000000e+00	
   4.2100000000000000e+00	   8.0169089256010295e-07	   4.0000000000000000e+00	
   4.2200000000000006e+00	   7.8251875579304908e-07	   4.0000000000000000e+00	
   4.2300000000000004e+00	   7.5699753510072298e-07	   4.0000000000000000e+00	
   4.2400000000000002e+00	   7.2535297768183682e-07	   4.0000000000000000e+00	
   4.2500000000000000e+00	   6.8786282092503370e-07	   4.0000000000000000e+00	
   4.2599999999999998e+00	   7.4938097427423855e-07	   4.0000000000000000e+00	
   4.2699999999999996e+00	   8.0819323744485416e-07	   4.0000000000000000e+00	
   4.2799999999999994e+00	   8.6377671437709580e-07	   4.0000000000000000e+00	
   4.2900000000000000e+00	   9.1565722870612376e-07	   4.0000000000000000e+00	
   4.2999999999999998e+00	   9.6340286037666090e-07	   4.0000000000000000e+00	
   4.3100000000000005e+00	   1.0138694580552610e-06	   4.0000000000000000e+00	
   4.3200000000000003e+00	   1.0686381924918109e-06	   4.0000000000000000e+00	
   4.3300000000000001e+00	   1.1183016082050301e-06	   4.0000000000000000e+00	
   4.3399999999999999e+00	   1.1624913190955155e-06	   4.0000000000000000e+00	
   4.3499999999999996e+00	   1.2008927543494252e-06	   4.0000000000000000e+00	
   4.3599999999999994e+00	   1.2332464858211267e-06	   4.0000000000000000e+00	
   4.3700000000000001e+00	   1.2740729881111079e-06	   4.0000000000000000e+00	
   4.3799999999999999e+00	   1.3102433464862173e-06	   4.0000000000000000e+00	
   4.3900000000000006e+00	   1.3397067822884523e-06	   4.0000000000000000e+00	
   4.4000000000000004e+00	   1.3623138270801860e-06	   4.0000000000000000e+00	
   4.4100000000000001e+00	   1.3779742801256489e-06	   4.0000000000000000e+00	
   4.4199999999999999e+00	   1.3920867053540675e-06	   4.0000000000000000e+00	
   4.4299999999999997e+00	   1.4099432822378688e-06	   4.0000000000000000e+00	
   4.4399999999999995e+00	   1.4205996804461662e-06	   4.0000000000000000e+00	
   4.4499999999999993e+00	   1.4240877488358450e-06	   4.0000000000000000e+00	
   4.4600000000000000e+00	   1.4204961011898831e-06	   4.0000000000000000e+00	
   4.4699999999999998e+00	   1.4099679809254084e-06	   4.0000000000000000e+00	
   4.4800000000000004e+00	   1.3992031946408190e-06	   5.0000000000000000e+00	
   4.4900000000000002e+00	   1.3836202459316382e-06	   5.0000000000000000e+00	
   4.5000000000000000e+00	   5.7097226835445269e-07	   5.0000000000000000e+00	
   4.5099999999999998e+00	   2.1511097048065864e-07	   5.0000000000000000e+00	
   4.5199999999999996e+00	   2.0968009784017028e-07	   5.0000000000000000e+00	
   4.5299999999999994e+00	   2.0387967880619584e-07	   5.0000000000000000e+00	
   4.5400000000000000e+00	   1.9897397163237684e-07	   5.0000000000000000e+00	
   4.5499999999999998e+00	   1.9323334665699576e-07	   5.0000000000000000e+00	
   4.5600000000000005e+00	   1.8672549595422083e-07	   5.0000000000000000e+00	
   4.5700000000000003e+00	   1.7952193842596387e-07	   5.0000000000000000e+00	
   4.5800000000000001e+00	   1.7169729460420058e-07	   5.0000000000000000e+00	
   4.5899999999999999e+00	   1.6463297314306402e-07	   5.0000000000000000e+00	
   4.5999999999999996e+00	   1.5766255767601933e-07	   5.0000000000000000e+00	
   4.6099999999999994e+00	   1.5018753496409687e-07	   5.0000000000000000e+00	
   4.6200000000000001e+00	   1.4228062727994484e-07	   5.0000000000000000e+00	
   4.6299999999999999e+00	   1.3401538134782953e-07	   5.0000000000000000e+00	
   4.6400000000000006e+00	   1.2565319296165001e-07	   5.0000000000000000e+00	
   4.6500000000000004e+00	   1.1851898229497948e-07	   5.0000000000000000e+00	
   4.6600000000000001e+00	   1.1112967346349478e-07	   5.0000000000000000e+00	
   4.6699999999999999e+00	   1.0355054602673164e-07	   5.0000000000000000e+00	
   4.6799999999999997e+00	   9.5845927083892946e-08	   5.0000000000000000e+00	
   4.6899999999999995e+00	   8.8078691784509999e-08	   5.0000000000000000e+00	
   4.6999999999999993e+00	   8.1066019230746633e-08	   5.0000000000000000e+00	
   4.7100000000000000e+00	   7.4628052293412850e-08	   5.0000000000000000e+00	
   4.7199999999999998e+00	   6.8187531843122429e-08	   5.0000000000000000e+00	
   4.7300000000000004e+00	   6.1794374617285541e-08	   5.0000000000000000e+00	
   4.7400000000000002e+00	   5.5496103934515872e-08	   5.0000000000000000e+00	
   4.7500000000000000e+00	   4.9337580909636358e-08	   5.0000000000000000e+00	
   4.7599999999999998e+00	   5.0389853623045155e-08	   5.0000000000000000e+00	
   4.7699999999999996e+00	   5.0933257833563061e-08	   5.0000000000000000e+00	
   4.7799999999999994e+00	   5.0993000044741166e-08	   5.0000000000000000e+00	
   4.7900000000000000e+00	   5.0597259493301294e-08	   5.0000000000000000e+00	
   4.7999999999999998e+00	   4.9776849309068893e-08	   5.0000000000000000e+00	
   4.8100000000000005e+00	   4.8914300165847635e-08	   5.0000000000000000e+00	
   4.8200000000000003e+00	   4.8059924706578272e-08	   5.0000000000000000e+00	
   4.8300000000000001e+00	   4.6785595397835777e-08	   5.0000000000000000e+00	
   4.8399999999999999e+00	   4.5129599168802770e-08	   5.0000000000000000e+00	
   4.8499999999999996e+00	   4.3131887395020385e-08	   5.0000000000000000e+00	
   4.8599999999999994e+00	   4.0833678660590067e-08	   5.0000000000000000e+00	
   4.8700000000000001e+00	   3.8724587758665052e-08	   5.0000000000000000e+00	
   4.8799999999999999e+00	   3.6370391365281307e-08	   5.0000000000000000e+00	
   4.8900000000000006e+00	   3.3754178563327741e-08	   5.0000000000000000e+00	
   4.9000000000000004e+00	   3.0907869708052260e-08	   6.0000000000000000e+00	
   4.9100000000000001e+00	   2.7791286716372099e-08	   6.0000000000000000e+00	
   4.9199999999999999e+00	   2.4667975884185012e-08	   6.0000000000000000e+00	
   4.9299999999999997e+00	   2.1624236179462741e-08	   6.0000000000000000e+00	
   4.9399999999999995e+00	   1.8485578512361656e-08	   6.0000000000000000e+00	
   4.9499999999999993e+00	   1.5296268918163491e-08	   6.0000000000000000e+00	
   4.9600000000000000e+00	   1.2098808066518529e-08	   6.0000000000000000e+00	
   4.9699999999999998e+00	   8.9336363862102530e-09	   6.0000000000000000e+00	
   4.9800000000000004e+00	   5.8892218879336156e-09	   6.0000000000000000e+00	
   4.9900000000000002e+00	   2.9064294304603777e-09	   6.0000000000000000e+00	
   5.0000000000000000e+00	   1.1102230246251565e-16	   1.0000000000000000e+00	
   5.0099999999999998e+00	   2.7958444448472619e-09	   6.0000000000000000e+00	
   5.0199999999999996e+00	   5.4495952195310338e-09	   6.0000000000000000e+00	
   5.0299999999999994e+00	   7.9522028961775959e-09	   6.0000000000000000e+00	
   5.0400000000000000e+00	   1.0359868074516498e-08	   6.0000000000000000e+00	
   5.0499999999999998e+00	   1.2599377319233440e-08	   6.0000000000000000e+00	
   5.0600000000000005e+00	   1.4646973411913677e-08	   6.0000000000000000e+00	
   5.0700000000000003e+00	   1.6481856324190858e-08	   6.0000000000000000e+00	
   5.0800000000000001e+00	   1.8086245834325609e-08	   6.0000000000000000e+00	
   5.0899999999999999e+00	   1.9600723266677278e-08	   6.0000000000000000e+00	
   5.0999999999999996e+00	   2.0969102898504843e-08	   6.0000000000000000e+00	
   5.1099999999999994e+00	   2.2107806918469919e-08	   6.0000000000000000e+00	
   5.1200000000000001e+00	   2.3006620830656743e-08	   6.0000000000000000e+00	
   5.1299999999999999e+00	   2.3658131897974499e-08	   6.0000000000000000e+00	
   5.1400000000000006e+00	   2.4093665507152195e-08	   6.0000000000000000e+00	
   5.1500000000000004e+00	   2.4579634771981773e-08	   6.0000000000000000e+00	
   5.1600000000000001e+00	   2.4838923362580090e-08	   6.0000000000000000e+00	
   5.1699999999999999e+00	   2.4870209225369422e-08	   6.0000000000000000e+00	
   5.1799999999999997e+00	   2.4674474019548143e-08	   6.0000000000000000e+00	
   5.1899999999999995e+00	   2.4254911412668889e-08	   6.0000000000000000e+00	
   5.1999999999999993e+00	   2.3839198171060616e-08	   6.0000000000000000e+00	
   5.2100000000000000e+00	   2.3404151283656915e-08	   6.0000000000000000e+00	
   5.2199999999999998e+00	   2.2781342812194794e-08	   6.0000000000000000e+00	
   5.2300000000000004e+00	   2.1977291320141035e-08	   6.0000000000000000e+00	
   5.2400000000000002e+00	   2.1000070571375318e-08	   6.0000000000000000e+00	
   5.2500000000000000e+00	   1.9859181632497780e-08	   6.0000000000000000e+00	
   5.2599999999999998e+00	   2.1575103370530258e-08	   6.0000000000000000e+00	
   5.2699999999999996e+00	   2.3203137522465056e-08	   6.0000000000000000e+00	
   5.2799999999999994e+00	   2.4729240100107575e-08	   6.0000000000000000e+00	
   5.2900000000000000e+00	   2.6140653863748753e-08	   6.0000000000000000e+00	
   5.2999999999999998e+00	   2.7425980708706277e-08	   6.0000000000000000e+00	
   5.3100000000000005e+00	   2.8780842264986006e-08	   6.0000000000000000e+00	
   5.3200000000000003e+00	   3.0249339699750522e-08	   6.0000000000000000e+00	
   5.3300000000000001e+00	   3.1564896474378656e-08	   6.0000000000000000e+00	
   5.3399999999999999e+00	   3.2718382003693591e-08	   6.0000000000000000e+00	
   5.3499999999999996e+00	   3.3702295065829446e-08	   6.0000000000000000e+00	
   5.3599999999999994e+00	   3.4510779123309021e-08	   6.0000000000000000e+00	
   5.3700000000000001e+00	   3.5550469457135137e-08	   6.0000000000000000e+00	
   5.3799999999999999e+00	   3.6454035901023474e-08	   6.0000000000000000e+00	
   5.3900000000000006e+00	   3.7165715061071580e-08	   6.0000000000000000e+00	
   5.4000000000000004e+00	   3.7682998499377618e-08	   6.0000000000000000e+00	
   5.4100000000000001e+00	   3.8005057989565216e-08	   6.0000000000000000e+00	
   5.4199999999999999e+00	   3.8282038761217052e-08	   6.0000000000000000e+00	
   5.4299999999999997e+00	   3.8659425771747635e-08	   6.0000000000000000e+00	
   5.4399999999999995e+00	   3.8837110305500744e-08	   6.0000000000000000e+00	
   5.4499999999999993e+00	   3.8817702385784969e-08	   6.0000000000000000e+00	
   5.4600000000000000e+00	   3.8605345253905909e-08	   6.0000000000000000e+00	
   5.4699999999999998e+00	   3.8205633767773861e-08	   6.0000000000000000e+00	
   5.4800000000000004e+00	   3.7949998588082678e-08	   6.0000000000000000e+00	
   5.4900000000000002e+00	   3.7602513436318930e-08	   6.0000000000000000e+00	
   5.5000000000000000e+00	   1.7302178356715103e-08	   5.0000000000000000e+00	
   5.5099999999999998e+00	   6.4058401916256003e-09	   7.0000000000000000e+00	
   5.5199999999999996e+00	   6.2323979310718869e-09	   7.0000000000000000e+00	
   5.5299999999999994e+00	   6.0485839670221253e-09	   7.0000000000000000e+00	
   5.5400000000000000e+00	   5.8918977474675671e-09	   7.0000000000000000e+00	
   5.5499999999999998e+00	   5.7110709494878620e-09	   7.0000000000000000e+00	
   5.5600000000000005e+00	   5.5082419736507404e-09	   7.0000000000000000e+00	
   5.5700000000000003e+00	   5.2856480303731246e-09	   7.0000000000000000e+00	
   5.5800000000000001e+00	   5.0455998268361668e-09	   7.0000000000000000e+00	
   5.5899999999999999e+00	   4.8287223108900434e-09	   7.0000000000000000e+00	
   5.5999999999999996e+00	   4.6153789678982093e-09	   7.0000000000000000e+00	
   5.6099999999999994e+00	   4.3880700184573129e-09	   7.0000000000000000e+00	
   5.6200000000000001e+00	   4.1490014757172844e-09	   7.0000000000000000e+00	
   5.6299999999999999e+00	   3.9003894558575780e-09	   7.0000000000000000e+00	
   5.6400000000000006e+00	   3.6498905009452187e-09	   7.0000000000000000e+00	
   5.6500000000000004e+00	   3.4359324274646497e-09	   7.0000000000000000e+00	
   5.6600000000000001e+00	   3.2153957274516642e-09	   7.0000000000000000e+00	
   5.6699999999999999e+00	   2.9902110787460856e-09	   7.0000000000000000e+00	
   5.6799999999999997e+00	   2.7622667486681962e-09	   7.0000000000000000e+00	
   5.6899999999999995e+00	   2.5333939390748128e-09	   7.0000000000000000e+00	
   5.6999999999999993e+00	   2.3270616544834866e-09	   7.0000000000000000e+00	
   5.7100000000000000e+00	   2.1379905623675199e-09	   7.0000000000000000e+00	
   5.7199999999999998e+00	   1.9495781655720634e-09	   7.0000000000000000e+00	
   5.7300000000000004e+00	   1.7632507676168530e-09	   7.0000000000000000e+00	
   5.7400000000000002e+00	   1.5803540698300367e-09	   7.0000000000000000e+00	
   5.7500000000000000e+00	   1.4021473981884469e-09	   7.0000000000000000e+00	
   5.7599999999999998e+00	   1.4291583472214597e-09	   7.0000000000000000e+00	
   5.7699999999999996e+00	   1.4416423610441598e-09	   7.0000000000000000e+00	
   5.7799999999999994e+00	   1.4403997994349993e-09	   7.0000000000000000e+00	
   5.7900000000000000e+00	   1.4263077385834322e-09	   7.0000000000000000e+00	
   5.7999999999999998e+00	   1.4003116444172292e-09	   7.0000000000000000e+00	
   5.8100000000000005e+00	   1.3732253112408443e-09	   7.0000000000000000e+00	
   5.8200000000000003e+00	   1.3464644954552796e-09	   7.0000000000000000e+00	
   5.8300000000000001e+00	   1.3080585503644215e-09	   7.0000000000000000e+00	
   5.8399999999999999e+00	   1.2591490072821898e-09	   7.0000000000000000e+00	
   5.8499999999999996e+00	   1.2009144789715265e-09	   7.0000000000000000e+00	
   5.8599999999999994e+00	   1.1345611117263843e-09	   7.0000000000000000e+00	
   5.8700000000000001e+00	   1.0737146727279878e-09	   7.0000000000000000e+00	
   5.8799999999999999e+00	   1.0063294642037590e-09	   7.0000000000000000e+00	
   5.8900000000000006e+00	   9.3198160300289601e-10	   7.0000000000000000e+00	
   5.9000000000000004e+00	   8.5194473697924877e-10	   7.0000000000000000e+00	
   5.9100000000000001e+00	   7.6748229993484074e-10	   7.0000000000000000e+00	
   5.9199999999999999e+00	   6.8250249896095738e-10	   7.0000000000000000e+00	
   5.9299999999999997e+00	   5.9939986307711024e-10	   7.0000000000000000e+00	
   5.9399999999999995e+00	   5.1334425599236511e-10	   7.0000000000000000e+00	
   5.9500000000000002e+00	   4.2555337032013085e-10	   7.0000000000000000e+00	
   5.9600000000000000e+00	   3.3720826131400372e-10	   7.0000000000000000e+00	
   5.9699999999999998e+00	   2.4943913601305212e-10	   7.0000000000000000e+00	
   5.9800000000000004e+00	   1.6472934127875760e-10	   7.0000000000000000e+00	
   5.9900000000000002e+00	   8.1440854060588208e-11	   7.0000000000000000e+00	
   6.0000000000000000e+00	   2.2204460492503131e-16	   1.0000000000000000e+00	
   6.0099999999999998e+00	   7.8617001797454122e-11	   7.0000000000000000e+00	
   6.0199999999999996e+00	   1.5350420934368003e-10	   7.0000000000000000e+00	
   6.0300000000000002e+00	   2.2438217950337958e-10	   7.0000000000000000e+00	
   6.0400000000000000e+00	   2.9281632674127422e-10	   7.0000000000000000e+00	
   6.0499999999999998e+00	   3.5671843257034652e-10	   7.0000000000000000e+00	
   6.0600000000000005e+00	   4.1538794626205799e-10	   7.0000000000000000e+00	
   6.0700000000000003e+00	   4.6820347598952594e-10	   7.0000000000000000e+00	
   6.0800000000000001e+00	   5.1462978323257857e-10	   7.0000000000000000e+00	
   6.0899999999999999e+00	   5.5863880188411486e-10	   7.0000000000000000e+00	
   6.0999999999999996e+00	   5.9861260393034854e-10	   7.0000000000000000e+00	
   6.1099999999999994e+00	   6.3213867473876917e-10	   7.0000000000000000e+00	
   6.1200000000000001e+00	   6.5889393940921082e-10	   7.0000000000000000e+00	
   6.1299999999999999e+00	   6.7863092922948454e-10	   7.0000000000000000e+00	
   6.1399999999999997e+00	   6.9221506304728564e-10	   7.0000000000000000e+00	
   6.1500000000000004e+00	   7.0728223278138103e-10	   7.0000000000000000e+00	
   6.1600000000000001e+00	   7.1585370964299955e-10	   7.0000000000000000e+00	
   6.1699999999999999e+00	   7.1785988264849721e-10	   7.0000000000000000e+00	
   6.1799999999999997e+00	   7.1329886441873214e-10	   7.0000000000000000e+00	
   6.1899999999999995e+00	   7.0223304948768828e-10	   7.0000000000000000e+00	
   6.2000000000000002e+00	   6.9123562429496133e-10	   7.0000000000000000e+00	
   6.2100000000000000e+00	   6.7963379368762844e-10	   7.0000000000000000e+00	
   6.2199999999999998e+00	   6.6252736630190157e-10	   7.0000000000000000e+00	
   6.2300000000000004e+00	   6.4008198741305478e-10	   7.0000000000000000e+00	
   6.2400000000000002e+00	   6.1251137495332841e-10	   7.0000000000000000e+00	
   6.2500000000000000e+00	   5.8007199044141089e-10	   7.0000000000000000e+00	
   6.2599999999999998e+00	   6.3109539816252891e-10	   7.0000000000000000e+00	
   6.2699999999999996e+00	   6.7968186634459471e-10	   7.0000000000000000e+00	
   6.2800000000000002e+00	   7.2540595752457193e-10	   7.0000000000000000e+00	
   6.2900000000000000e+00	   7.6787998182226147e-10	   7.0000000000000000e+00	
   6.2999999999999998e+00	   8.0675310876188178e-10	   7.0000000000000000e+00	
   6.3100000000000005e+00	   8.4777052045126311e-10	   7.0000000000000000e+00	
   6.3200000000000003e+00	   8.9224116983643853e-10	   7.0000000000000000e+00	
   6.3300000000000001e+00	   9.3230356768003730e-10	   7.0000000000000000e+00	
   6.3399999999999999e+00	   9.6766816781723719e-10	   7.0000000000000000e+00	
   6.3499999999999996e+00	   9.9809271958406498e-10	   7.0000000000000000e+00	
   6.3599999999999994e+00	   1.0233820457727916e-09	   7.0000000000000000e+00	
   6.3700000000000001e+00	   1.0555905038955871e-09	   7.0000000000000000e+00	
   6.3799999999999999e+00	   1.0838219210995703e-09	   7.0000000000000000e+00	
   6.3899999999999997e+00	   1.1064000826621623e-09	   7.0000000000000000e+00	
   6.4000000000000004e+00	   1.1232270669125910e-09	   7.0000000000000000e+00	
   6.4100000000000001e+00	   1.1342562444838222e-09	   7.0000000000000000e+00	
   6.4199999999999999e+00	   1.1439524882916885e-09	   7.0000000000000000e+00	
   6.4299999999999997e+00	   1.1566625435222022e-09	   7.0000000000000000e+00	
   6.4399999999999995e+00	   1.1634064822629853e-09	   7.0000000000000000e+00	
   6.4500000000000002e+00	   1.1642420361113182e-09	   7.0000000000000000e+00	
   6.4600000000000000e+00	   1.1592713455854664e-09	   7.0000000000000000e+00	
   6.4699999999999998e+00	   1.1486420703477052e-09	   7.0000000000000000e+00	
   6.4800000000000004e+00	   1.1423093582152433e-09	   7.0000000000000000e+00	
   6.4900000000000002e+00	   1.1331806604175654e-09	   7.0000000000000000e+00	
   6.5000000000000000e+00	   4.4224446327234546e-10	   7.0000000000000000e+00	
   6.5099999999999998e+00	   1.8285128966510911e-10	   8.0000000000000000e+00	
   6.5199999999999996e+00	   1.7817991526669630e-10	   8.0000000000000000e+00	
   6.5300000000000002e+00	   1.7319390366310472e-10	   8.0000000000000000e+00	
   6.5400000000000000e+00	   1.6896906096519615e-10	   8.0000000000000000e+00	
   6.5499999999999998e+00	   1.6403611802218165e-10	   8.0000000000000000e+00	
   6.5600000000000005e+00	   1.5845236234213189e-10	   8.0000000000000000e+00	
   6.5700000000000003e+00	   1.5227974436982095e-10	   8.0000000000000000e+00	
   6.5800000000000001e+00	   1.4558376726370170e-10	   8.0000000000000000e+00	
   6.5899999999999999e+00	   1.3953549427014877e-10	   8.0000000000000000e+00	
   6.5999999999999996e+00	   1.3356937778041811e-10	   8.0000000000000000e+00	
   6.6099999999999994e+00	   1.2717893405067571e-10	   8.0000000000000000e+00	
   6.6200000000000001e+00	   1.2042744579332521e-10	   8.0000000000000000e+00	
   6.6299999999999999e+00	   1.1337708549774561e-10	   8.0000000000000000e+00	
   6.6399999999999997e+00	   1.0624989776886196e-10	   8.0000000000000000e+00	
   6.6500000000000004e+00	   1.0016565354931117e-10	   8.0000000000000000e+00	
   6.6600000000000001e+00	   9.3870911044291461e-11	   8.0000000000000000e+00	
   6.6699999999999999e+00	   8.7421403449639001e-11	   8.0000000000000000e+00	
   6.6799999999999997e+00	   8.0871753738165353e-11	   8.0000000000000000e+00	
   6.6899999999999995e+00	   7.4274808525842673e-11	   8.0000000000000000e+00	
   6.7000000000000002e+00	   6.8321348578592733e-11	   8.0000000000000000e+00	
   6.7100000000000000e+00	   6.2857496985202488e-11	   8.0000000000000000e+00	
   6.7199999999999998e+00	   5.7397198105491043e-11	   8.0000000000000000e+00	
   6.7300000000000004e+00	   5.1982640414394155e-11	   8.0000000000000000e+00	
   6.7400000000000002e+00	   4.6654013985403253e-11	   8.0000000000000000e+00	
   6.7500000000000000e+00	   4.1449288445960519e-11	   8.0000000000000000e+00	
   6.7599999999999998e+00	   4.2304271197224352e-11	   8.0000000000000000e+00	
   6.7699999999999996e+00	   4.2731262972495188e-11	   8.0000000000000000e+00	
   6.7800000000000002e+00	   4.2750913920031053e-11	   8.0000000000000000e+00	
   6.7900000000000000e+00	   4.2388315080188477e-11	   8.0000000000000000e+00	
   6.7999999999999998e+00	   4.1670222827860925e-11	   8.0000000000000000e+00	
   6.8100000000000005e+00	   4.0917491617165069e-11	   8.0000000000000000e+00	
   6.8200000000000003e+00	   4.0171532766919427e-11	   8.0000000000000000e+00	
   6.8300000000000001e+00	   3.9075742641614397e-11	   8.0000000000000000e+00	
   6.8399999999999999e+00	   3.7662983842778885e-11	   8.0000000000000000e+00	
   6.8499999999999996e+00	   3.5966452038849184e-11	   8.0000000000000000e+00	
   6.8599999999999994e+00	   3.4021341299705909e-11	   8.0000000000000000e+00	
   6.8700000000000001e+00	   3.2237323921435745e-11	   8.0000000000000000e+00	
   6.8799999999999999e+00	   3.0251579019591190e-11	   8.0000000000000000e+00	
   6.8899999999999997e+00	   2.8051116984784130e-11	   8.0000000000000000e+00	
   6.9000000000000004e+00	   2.5673130288339507e-11	   8.0000000000000000e+00	
   6.9100000000000001e+00	   2.3156143669211815e-11	   8.0000000000000000e+00	
   6.9199999999999999e+00	   2.0617174634196545e-11	   8.0000000000000000e+00	
   6.9299999999999997e+00	   1.8128609724499256e-11	   8.0000000000000000e+00	
   6.9399999999999995e+00	   1.5544010523171892e-11	   8.0000000000000000e+00	
   6.9500000000000002e+00	   1.2901235635354169e-11	   8.0000000000000000e+00	
   6.9600000000000000e+00	   1.0234701974809468e-11	   8.0000000000000000e+00	
   6.9699999999999998e+00	   7.5797146337208687e-12	   8.0000000000000000e+00	
   6.9800000000000004e+00	   5.0111026439481066e-12	   8.0000000000000000e+00	
   6.9900000000000002e+00	   2.4803492593150622e-12	   8.0000000000000000e+00	
   7.0000000000000000e+00	   1.1102230246251565e-16	   6.0000000000000000e+00	
   7.0099999999999998e+00	   2.3998580900297384e-12	   8.0000000000000000e+00	
   7.0199999999999996e+00	   4.6909143236462114e-12	   8.0000000000000000e+00	
   7.0300000000000002e+00	   6.8649530504671930e-12	   8.0000000000000000e+00	
   7.0400000000000000e+00	   8.9686036375269396e-12	   8.0000000000000000e+00	
   7.0499999999999998e+00	   1.0937473149397192e-11	   8.0000000000000000e+00	
   7.0599999999999996e+00	   1.2750023259400223e-11	   8.0000000000000000e+00	
   7.0700000000000003e+00	   1.4387158131512479e-11	   8.0000000000000000e+00	
   7.0800000000000001e+00	   1.5830448063525182e-11	   8.0000000000000000e+00	
   7.0899999999999999e+00	   1.7202461677356951e-11	   8.0000000000000000e+00	
   7.0999999999999996e+00	   1.8453016892294727e-11	   8.0000000000000000e+00	
   7.1100000000000003e+00	   1.9507728765688626e-11	   8.0000000000000000e+00	
   7.1200000000000001e+00	   2.0354162799662845e-11	   8.0000000000000000e+00	
   7.1299999999999999e+00	   2.0985435611464709e-11	   8.0000000000000000e+00	
   7.1399999999999997e+00	   2.1427304375265521e-11	   8.0000000000000000e+00	
   7.1500000000000004e+00	   2.1916690684520290e-11	   8.0000000000000000e+00	
   7.1600000000000001e+00	   2.2204460492503131e-11	   8.0000000000000000e+00	
   7.1699999999999999e+00	   2.2288837442374643e-11	   8.0000000000000000e+00	
   7.1799999999999997e+00	   2.2169377444924976e-11	   8.0000000000000000e+00	
   7.1899999999999995e+00	   2.1847412767783680e-11	   8.0000000000000000e+00	
   7.2000000000000002e+00	   2.1526336269062085e-11	   8.0000000000000000e+00	
   7.2100000000000000e+00	   2.1185497800502162e-11	   8.0000000000000000e+00	
   7.2199999999999998e+00	   2.0672130673915490e-11	   8.0000000000000000e+00	
   7.2300000000000004e+00	   1.9991341915215344e-11	   8.0000000000000000e+00	
   7.2400000000000002e+00	   1.9148460594919925e-11	   8.0000000000000000e+00	
   7.2500000000000000e+00	   1.8151480318806534e-11	   8.0000000000000000e+00	
   7.2599999999999998e+00	   1.9766410730426287e-11	   8.0000000000000000e+00	
   7.2699999999999996e+00	   2.1307955400118317e-11	   8.0000000000000000e+00	
   7.2800000000000002e+00	   2.2762569606982197e-11	   8.0000000000000000e+00	
   7.2900000000000000e+00	   2.4117596808537201e-11	   8.0000000000000000e+00	
   7.2999999999999998e+00	   2.5361157618419838e-11	   8.0000000000000000e+00	
   7.3099999999999996e+00	   2.6674329411946474e-11	   8.0000000000000000e+00	
   7.3200000000000003e+00	   2.8099189641750399e-11	   8.0000000000000000e+00	
   7.3300000000000001e+00	   2.9386715283408193e-11	   8.0000000000000000e+00	
   7.3399999999999999e+00	   3.0528135575025317e-11	   8.0000000000000000e+00	
   7.3499999999999996e+00	   3.1515678955429394e-11	   8.0000000000000000e+00	
   7.3600000000000003e+00	   3.2342239997262823e-11	   8.0000000000000000e+00	
   7.3700000000000001e+00	   3.3388625197972033e-11	   8.0000000000000000e+00	
   7.3799999999999999e+00	   3.4310665419923225e-11	   8.0000000000000000e+00	
   7.3899999999999997e+00	   3.5054847913329468e-11	   8.0000000000000000e+00	
   7.4000000000000004e+00	   3.5618175076024272e-11	   8.0000000000000000e+00	
   7.4100000000000001e+00	   3.5997649305841151e-11	   8.0000000000000000e+00	
   7.4199999999999999e+00	   3.6335046083024736e-11	   8.0000000000000000e+00	
   7.4299999999999997e+00	   3.6768699196443322e-11	   8.0000000000000000e+00	
   7.4399999999999995e+00	   3.7013170306465781e-11	   8.0000000000000000e+00	
   7.4500000000000002e+00	   3.7069791680721664e-11	   8.0000000000000000e+00	
   7.4600000000000000e+00	   3.6940561720655296e-11	   8.0000000000000000e+00	
   7.4699999999999998e+00	   3.6630143362970102e-11	   8.0000000000000000e+00	
   7.4800000000000004e+00	   3.6457503682640890e-11	   8.0000000000000000e+00	
   7.4900000000000002e+00	   3.6193936736594878e-11	   8.0000000000000000e+00	
   7.5000000000000000e+00	   1.7181034372981685e-11	   8.0000000000000000e+00	
   7.5099999999999998e+00	   7.8859141439124869e-12	   8.0000000000000000e+00	
   7.5199999999999996e+00	   7.7091666383921620e-12	   8.0000000000000000e+00	
   7.5300000000000002e+00	   7.5166539659221598e-12	   8.0000000000000000e+00	
   7.5400000000000000e+00	   7.3565598057712123e-12	   8.0000000000000000e+00	
   7.5499999999999998e+00	   7.1649353117209102e-12	   8.0000000000000000e+00	
   7.5599999999999996e+00	   6.9433347960057290e-12	   8.0000000000000000e+00	
   7.5700000000000003e+00	   6.6926464370453687e-12	   8.0000000000000000e+00	
   7.5800000000000001e+00	   6.4190874837777301e-12	   8.0000000000000000e+00	
   7.5899999999999999e+00	   6.1721738831010953e-12	   8.0000000000000000e+00	
   7.5999999999999996e+00	   5.9268145946589357e-12	   8.0000000000000000e+00	
   7.6100000000000003e+00	   5.6605831133538231e-12	   8.0000000000000000e+00	
   7.6200000000000001e+00	   5.3768101082596331e-12	   8.0000000000000000e+00	
   7.6299999999999999e+00	   5.0779380700305410e-12	   8.0000000000000000e+00	
   7.6399999999999997e+00	   4.7737369612832481e-12	   8.0000000000000000e+00	
   7.6500000000000004e+00	   4.5139447735209615e-12	   8.0000000000000000e+00	
   7.6600000000000001e+00	   4.2430503555124233e-12	   8.0000000000000000e+00	
   7.6699999999999999e+00	   3.9643843763315090e-12	   8.0000000000000000e+00	
   7.6799999999999997e+00	   3.6783909251880686e-12	   8.0000000000000000e+00	
   7.6900000000000004e+00	   3.3886227157609028e-12	   8.0000000000000000e+00	
   7.7000000000000002e+00	   3.1263880373444408e-12	   8.0000000000000000e+00	
   7.7100000000000000e+00	   2.8854696410007818e-12	   8.0000000000000000e+00	
   7.7199999999999998e+00	   2.6427748878177226e-12	   8.0000000000000000e+00	
   7.7300000000000004e+00	   2.4005242238445135e-12	   8.0000000000000000e+00	
   7.7400000000000002e+00	   2.1613821843402548e-12	   8.0000000000000000e+00	
   7.7500000000000000e+00	   1.9259038808172591e-12	   8.0000000000000000e+00	
   7.7599999999999998e+00	   1.9718671140367405e-12	   8.0000000000000000e+00	
   7.7699999999999996e+00	   1.9975132659055816e-12	   8.0000000000000000e+00	
   7.7800000000000002e+00	   2.0043966486582576e-12	   8.0000000000000000e+00	
   7.7900000000000000e+00	   1.9932944184120061e-12	   8.0000000000000000e+00	
   7.7999999999999998e+00	   1.9655388427963771e-12	   8.0000000000000000e+00	
   7.8099999999999996e+00	   1.9358958880388855e-12	   8.0000000000000000e+00	
   7.8200000000000003e+00	   1.9060308886764687e-12	   8.0000000000000000e+00	
   7.8300000000000001e+00	   1.8599566331545248e-12	   8.0000000000000000e+00	
   7.8399999999999999e+00	   1.7976731214730535e-12	   8.0000000000000000e+00	
   7.8499999999999996e+00	   1.7218448888911553e-12	   8.0000000000000000e+00	
   7.8600000000000003e+00	   1.6333601138285303e-12	   8.0000000000000000e+00	
   7.8700000000000001e+00	   1.5524248553333564e-12	   8.0000000000000000e+00	
   7.8799999999999999e+00	   1.4611645227091685e-12	   8.0000000000000000e+00	
   7.8899999999999997e+00	   1.3590240044436541e-12	   8.0000000000000000e+00	
   7.9000000000000004e+00	   1.2470025012589758e-12	   8.0000000000000000e+00	
   7.9100000000000001e+00	   1.1279865930191590e-12	   8.0000000000000000e+00	
   7.9199999999999999e+00	   1.0074163725448670e-12	   8.0000000000000000e+00	
   7.9299999999999997e+00	   8.8828944200258775e-13	   8.0000000000000000e+00	
   7.9400000000000004e+00	   7.6383344094210770e-13	   8.0000000000000000e+00	
   7.9500000000000002e+00	   6.3582472620282715e-13	   8.0000000000000000e+00	
   7.9600000000000000e+00	   5.0570658771675880e-13	   8.0000000000000000e+00	
   7.9699999999999998e+00	   3.7547742692822794e-13	   8.0000000000000000e+00	
   7.9800000000000004e+00	   2.4868995751603507e-13	   8.0000000000000000e+00	
   7.9900000000000002e+00	   1.2356782264077992e-13	   8.0000000000000000e+00	
   8.0000000000000000e+00	   1.1102230246251565e-16	   1.0000000000000000e+00	
