   5.0000000000000000e-01	   1.3726255887797372e+00	   1.0000000000000000e+00	
   5.1000000000000001e-01	   1.2556300679518029e+00	   1.0000000000000000e+00	
   5.2000000000000002e-01	   1.1475305685151693e+00	   1.0000000000000000e+00	
   5.3000000000000003e-01	   1.0751814346410367e+00	   1.0000000000000000e+00	
   5.4000000000000004e-01	   1.1017795506439541e+00	   1.0000000000000000e+00	
   5.5000000000000004e-01	   1.1261290708268099e+00	   1.0000000000000000e+00	
   5.6000000000000005e-01	   1.0939439774892681e+00	   1.0000000000000000e+00	
   5.7000000000000006e-01	   9.9750336956390107e-01	   1.0000000000000000e+00	
   5.7999999999999996e-01	   9.0844144932477544e-01	   1.0000000000000000e+00	
   5.8999999999999997e-01	   8.9039212892451625e-01	   1.0000000000000000e+00	
   5.9999999999999998e-01	   9.0486762269015841e-01	   1.0000000000000000e+00	
   6.0999999999999999e-01	   9.1764957077621223e-01	   1.0000000000000000e+00	
   6.2000000000000000e-01	   8.4423734703028264e-01	   1.0000000000000000e+00	
   6.3000000000000000e-01	   7.6541626498290816e-01	   1.0000000000000000e+00	
   6.4000000000000001e-01	   7.0071996380048840e-01	   1.0000000000000000e+00	
   6.5000000000000002e-01	   7.0860559539702095e-01	   1.0000000000000000e+00	
   6.6000000000000003e-01	   7.1529405957348025e-01	   1.0000000000000000e+00	
   6.7000000000000004e-01	   6.9540670714815578e-01	   1.0000000000000000e+00	
   6.7999999999999994e-01	   6.2648183791669898e-01	   1.0000000000000000e+00	
   6.8999999999999995e-01	   5.6239782656830695e-01	   1.0000000000000000e+00	
   6.9999999999999996e-01	   5.3705444254147583e-01	   1.0000000000000000e+00	
   7.0999999999999996e-01	   5.4000958505585062e-01	   1.0000000000000000e+00	
   7.1999999999999997e-01	   5.4218572334674353e-01	   1.0000000000000000e+00	
   7.2999999999999998e-01	   4.9688303303541015e-01	   1.0000000000000000e+00	
   7.3999999999999999e-01	   4.4134511883266891e-01	   1.0000000000000000e+00	
   7.5000000000000000e-01	   3.8958193700026711e-01	   1.0000000000000000e+00	
   7.6000000000000001e-01	   3.9023258770662439e-01	   1.0000000000000000e+00	
   7.7000000000000002e-01	   3.9061697934557760e-01	   1.0000000000000000e+00	
   7.8000000000000003e-01	   3.7976371026231592e-01	   1.0000000000000000e+00	
   7.9000000000000004e-01	   3.3206238068469940e-01	   1.0000000000000000e+00	
   8.0000000000000004e-01	   2.8754084501480293e-01	   1.0000000000000000e+00	
   8.1000000000000005e-01	   2.6384573743335915e-01	   1.0000000000000000e+00	
   8.2000000000000006e-01	   2.6343686023641233e-01	   1.0000000000000000e+00	
   8.3000000000000007e-01	   2.6274689838122089e-01	   1.0000000000000000e+00	
   8.4000000000000008e-01	   2.3579243642348580e-01	   1.0000000000000000e+00	
   8.5000000000000009e-01	   1.9776139201118070e-01	   1.0000000000000000e+00	
   8.5999999999999999e-01	   1.9643156645961846e-01	   1.0000000000000000e+00	
   8.7000000000000000e-01	   2.0262607337844374e-01	   1.0000000000000000e+00	
   8.8000000000000000e-01	   2.0852843704016222e-01	   1.0000000000000000e+00	
   8.9000000000000001e-01	   2.1398484670437856e-01	   1.0000000000000000e+00	
   9.0000000000000002e-01	   2.1901365903906977e-01	   1.0000000000000000e+00	
   9.1000000000000003e-01	   2.2363219817849800e-01	   1.0000000000000000e+00	
   9.1999999999999993e-01	   2.2829622201616639e-01	   1.0000000000000000e+00	
   9.2999999999999994e-01	   2.3341270943710168e-01	   1.0000000000000000e+00	
   9.3999999999999995e-01	   2.3809632814584303e-01	   1.0000000000000000e+00	
   9.4999999999999996e-01	   2.4236430882747739e-01	   1.0000000000000000e+00	
   9.5999999999999996e-01	   2.4623274580410270e-01	   1.0000000000000000e+00	
   9.6999999999999997e-01	   2.4971664675427507e-01	   1.0000000000000000e+00	
   9.7999999999999998e-01	   2.5369904229649265e-01	   1.0000000000000000e+00	
   9.8999999999999999e-01	   2.5751923727429094e-01	   1.0000000000000000e+00	
   1.0000000000000000e+00	   2.6093738691403268e-01	   1.0000000000000000e+00	
   1.0100000000000000e+00	   2.4782101731518491e-01	   1.0000000000000000e+00	
   1.0200000000000000e+00	   2.3483916086866619e-01	   1.0000000000000000e+00	
   1.0300000000000000e+00	   2.2223761346033444e-01	   1.0000000000000000e+00	
   1.0400000000000000e+00	   2.1059825367498430e-01	   1.0000000000000000e+00	
   1.0500000000000000e+00	   1.9911960878666446e-01	   1.0000000000000000e+00	
   1.0600000000000001e+00	   1.8781341231060855e-01	   1.0000000000000000e+00	
   1.0700000000000001e+00	   1.7669089254185533e-01	   1.0000000000000000e+00	
   1.0800000000000001e+00	   1.6576273479889136e-01	   1.0000000000000000e+00	
   1.0899999999999999e+00	   1.5569223280289024e-01	   1.0000000000000000e+00	
   1.1000000000000001e+00	   1.4614248878110569e-01	   1.0000000000000000e+00	
   1.1099999999999999e+00	   1.3679078333529038e-01	   1.0000000000000000e+00	
   1.1200000000000001e+00	   1.2764422812109211e-01	   1.0000000000000000e+00	
   1.1299999999999999e+00	   1.1870935503150759e-01	   1.0000000000000000e+00	
   1.1400000000000001e+00	   1.1009375224159734e-01	   1.0000000000000000e+00	
   1.1499999999999999e+00	   1.0249834478158093e-01	   1.0000000000000000e+00	
   1.1600000000000001e+00	   1.0923337487860585e-01	   1.0000000000000000e+00	
   1.1699999999999999e+00	   1.1527927182896702e-01	   1.0000000000000000e+00	
   1.1800000000000002e+00	   1.1015612062471569e-01	   1.0000000000000000e+00	
   1.1899999999999999e+00	   1.0514830286747912e-01	   1.0000000000000000e+00	
   1.2000000000000002e+00	   1.0864054092907049e-01	   1.0000000000000000e+00	
   1.2100000000000000e+00	   1.1821110963195247e-01	   1.0000000000000000e+00	
   1.2200000000000000e+00	   1.2722468548699251e-01	   1.0000000000000000e+00	
   1.2300000000000000e+00	   1.2418196034242013e-01	   1.0000000000000000e+00	
   1.2400000000000000e+00	   1.1813990933345342e-01	   1.0000000000000000e+00	
   1.2500000000000000e+00	   1.1241550469389816e-01	   1.0000000000000000e+00	
   1.2600000000000000e+00	   1.1956910476054361e-01	   1.0000000000000000e+00	
   1.2700000000000000e+00	   1.2622949124617833e-01	   1.0000000000000000e+00	
   1.2800000000000000e+00	   1.2936204185751610e-01	   1.0000000000000000e+00	
   1.2900000000000000e+00	   1.2264975292333102e-01	   1.0000000000000000e+00	
   1.3000000000000000e+00	   1.1614177470894305e-01	   1.0000000000000000e+00	
   1.3100000000000001e+00	   1.1502225319553872e-01	   1.0000000000000000e+00	
   1.3200000000000001e+00	   1.1973347059980433e-01	   1.0000000000000000e+00	
   1.3300000000000001e+00	   1.2402768683020904e-01	   1.0000000000000000e+00	
   1.3399999999999999e+00	   1.2048627813794455e-01	   1.0000000000000000e+00	
   1.3500000000000001e+00	   1.1368077226296558e-01	   1.0000000000000000e+00	
   1.3599999999999999e+00	   1.0710985641084814e-01	   1.0000000000000000e+00	
   1.3700000000000001e+00	   1.0937663675644282e-01	   1.0000000000000000e+00	
   1.3799999999999999e+00	   1.1218405811827359e-01	   1.0000000000000000e+00	
   1.3900000000000001e+00	   1.1339128671009480e-01	   1.0000000000000000e+00	
   1.3999999999999999e+00	   1.0657399672968149e-01	   1.0000000000000000e+00	
   1.4100000000000001e+00	   1.0001076030769918e-01	   1.0000000000000000e+00	
   1.4199999999999999e+00	   9.6603083279398261e-02	   1.0000000000000000e+00	
   1.4300000000000002e+00	   9.8270358720219386e-02	   1.0000000000000000e+00	
   1.4399999999999999e+00	   9.9664803374049038e-02	   1.0000000000000000e+00	
   1.4500000000000002e+00	   9.6323739721202450e-02	   1.0000000000000000e+00	
   1.4600000000000000e+00	   8.9987138039377967e-02	   1.0000000000000000e+00	
   1.4700000000000000e+00	   8.3909447901704626e-02	   1.0000000000000000e+00	
   1.4800000000000000e+00	   8.3431935251545131e-02	   1.0000000000000000e+00	
   1.4900000000000000e+00	   8.4038305697144988e-02	   1.0000000000000000e+00	
   1.5000000000000000e+00	   3.9807487753142023e-02	   1.0000000000000000e+00	
   1.5100000000000000e+00	   5.8742102287302478e-03	   1.0000000000000000e+00	
   1.5200000000000000e+00	   5.6920432880992466e-03	   1.0000000000000000e+00	
   1.5300000000000000e+00	   5.5039982363287443e-03	   1.0000000000000000e+00	
   1.5400000000000000e+00	   5.3368527663452126e-03	   1.0000000000000000e+00	
   1.5500000000000000e+00	   5.1500486495724696e-03	   1.0000000000000000e+00	
   1.5600000000000001e+00	   4.9457082176883604e-03	   1.0000000000000000e+00	
   1.5700000000000001e+00	   4.7259905723109341e-03	   1.0000000000000000e+00	
   1.5800000000000001e+00	   4.4930734924224502e-03	   1.0000000000000000e+00	
   1.5900000000000001e+00	   4.2829969851366778e-03	   1.0000000000000000e+00	
   1.6000000000000001e+00	   4.0754333298046452e-03	   1.0000000000000000e+00	
   1.6100000000000001e+00	   3.8579642014688886e-03	   1.0000000000000000e+00	
   1.6200000000000001e+00	   3.6325752516778165e-03	   1.0000000000000000e+00	
   1.6300000000000001e+00	   3.4012141370096671e-03	   1.0000000000000000e+00	
   1.6400000000000001e+00	   3.1718081999175807e-03	   1.0000000000000000e+00	
   1.6500000000000001e+00	   2.9729891493261995e-03	   1.0000000000000000e+00	
   1.6599999999999999e+00	   2.7706796314794779e-03	   1.0000000000000000e+00	
   1.6699999999999999e+00	   2.5664900458600703e-03	   1.0000000000000000e+00	
   1.6799999999999999e+00	   2.3619606711361429e-03	   1.0000000000000000e+00	
   1.6899999999999999e+00	   2.1585542417656978e-03	   1.0000000000000000e+00	
   1.7000000000000000e+00	   1.9765453280166101e-03	   1.0000000000000000e+00	
   1.7100000000000000e+00	   1.8092482847081870e-03	   1.0000000000000000e+00	
   1.7200000000000000e+00	   1.6440877117542829e-03	   1.0000000000000000e+00	
   1.7300000000000000e+00	   1.4821392735760996e-03	   1.0000000000000000e+00	
   1.7400000000000000e+00	   1.3243973854861757e-03	   1.0000000000000000e+00	
   1.7500000000000000e+00	   1.1849722601406931e-03	   2.0000000000000000e+00	
   1.7600000000000000e+00	   1.1741017624167238e-03	   2.0000000000000000e+00	
   1.7700000000000000e+00	   1.1589137145374684e-03	   2.0000000000000000e+00	
   1.7800000000000000e+00	   1.1331922426658370e-03	   2.0000000000000000e+00	
   1.7900000000000000e+00	   1.0982884088133194e-03	   2.0000000000000000e+00	
   1.8000000000000000e+00	   1.0555114241252994e-03	   2.0000000000000000e+00	
   1.8100000000000001e+00	   1.0133412305900480e-03	   2.0000000000000000e+00	
   1.8200000000000001e+00	   9.7279835720232022e-04	   2.0000000000000000e+00	
   1.8300000000000001e+00	   9.2537083574273371e-04	   2.0000000000000000e+00	
   1.8400000000000001e+00	   8.7230860015885536e-04	   2.0000000000000000e+00	
   1.8500000000000001e+00	   8.1479903118153452e-04	   2.0000000000000000e+00	
   1.8600000000000001e+00	   7.5396212464395873e-04	   2.0000000000000000e+00	
   1.8700000000000001e+00	   6.9890884973167200e-04	   2.0000000000000000e+00	
   1.8800000000000001e+00	   6.4167624728872497e-04	   2.0000000000000000e+00	
   1.8900000000000001e+00	   5.8218359702555400e-04	   2.0000000000000000e+00	
   1.9000000000000001e+00	   5.2139971526576900e-04	   2.0000000000000000e+00	
   1.9099999999999999e+00	   4.6021675950247420e-04	   2.0000000000000000e+00	
   1.9199999999999999e+00	   4.0101126445357682e-04	   2.0000000000000000e+00	
   1.9299999999999999e+00	   3.4510183458902333e-04	   2.0000000000000000e+00	
   1.9399999999999999e+00	   2.8962674890864459e-04	   2.0000000000000000e+00	
   1.9500000000000000e+00	   2.3528994434396377e-04	   2.0000000000000000e+00	
   1.9600000000000000e+00	   1.8271879269626812e-04	   2.0000000000000000e+00	
   1.9700000000000000e+00	   1.3246455026882931e-04	   2.0000000000000000e+00	
   1.9800000000000000e+00	   8.5736305653560940e-05	   2.0000000000000000e+00	
   1.9900000000000000e+00	   4.1543742292038388e-05	   2.0000000000000000e+00	
   2.0000000000000000e+00	   1.1102230246251565e-16	   2.0000000000000000e+00	
   2.0099999999999998e+00	   3.8524571884135383e-05	   2.0000000000000000e+00	
   2.0200000000000000e+00	   7.3726489681957830e-05	   2.0000000000000000e+00	
   2.0300000000000002e+00	   1.0562687258164338e-04	   2.0000000000000000e+00	
   2.0400000000000000e+00	   1.3510157015583779e-04	   2.0000000000000000e+00	
   2.0499999999999998e+00	   1.6131038409006315e-04	   2.0000000000000000e+00	
   2.0600000000000001e+00	   1.8409969318811115e-04	   2.0000000000000000e+00	
   2.0700000000000003e+00	   2.0336912394225415e-04	   2.0000000000000000e+00	
   2.0800000000000001e+00	   2.1906842894203749e-04	   2.0000000000000000e+00	
   2.0899999999999999e+00	   2.3304151630010317e-04	   2.0000000000000000e+00	
   2.1000000000000001e+00	   2.4470587123603948e-04	   2.0000000000000000e+00	
   2.1100000000000003e+00	   2.5321113338017120e-04	   2.0000000000000000e+00	
   2.1200000000000001e+00	   2.5859995170862682e-04	   2.0000000000000000e+00	
   2.1299999999999999e+00	   2.6094973613988159e-04	   2.0000000000000000e+00	
   2.1400000000000001e+00	   2.6075893919275117e-04	   2.0000000000000000e+00	
   2.1500000000000004e+00	   2.6099344273688985e-04	   2.0000000000000000e+00	
   2.1600000000000001e+00	   2.5873554240263275e-04	   2.0000000000000000e+00	
   2.1699999999999999e+00	   2.5410854497054380e-04	   2.0000000000000000e+00	
   2.1799999999999997e+00	   2.4725639615685857e-04	   2.0000000000000000e+00	
   2.1899999999999999e+00	   2.3834069522354895e-04	   2.0000000000000000e+00	
   2.2000000000000002e+00	   2.2968126371081254e-04	   2.0000000000000000e+00	
   2.2100000000000000e+00	   2.2105170086761383e-04	   2.0000000000000000e+00	
   2.2199999999999998e+00	   2.1089817636688046e-04	   2.0000000000000000e+00	
   2.2300000000000000e+00	   1.9937965955008075e-04	   2.0000000000000000e+00	
   2.2400000000000002e+00	   1.8666212289386586e-04	   2.0000000000000000e+00	
   2.2500000000000000e+00	   1.7291628189175512e-04	   2.0000000000000000e+00	
   2.2599999999999998e+00	   1.8387121410057272e-04	   2.0000000000000000e+00	
   2.2700000000000000e+00	   1.9362302092618133e-04	   2.0000000000000000e+00	
   2.2800000000000002e+00	   2.0200597863806458e-04	   2.0000000000000000e+00	
   2.2900000000000000e+00	   2.0897787175067073e-04	   2.0000000000000000e+00	
   2.2999999999999998e+00	   2.1451454604981546e-04	   2.0000000000000000e+00	
   2.3100000000000001e+00	   2.2018082886299251e-04	   2.0000000000000000e+00	
   2.3200000000000003e+00	   2.2627596409363626e-04	   2.0000000000000000e+00	
   2.3300000000000001e+00	   2.3079737239461995e-04	   2.0000000000000000e+00	
   2.3399999999999999e+00	   2.3376052051671259e-04	   2.0000000000000000e+00	
   2.3500000000000001e+00	   2.3519685331685469e-04	   2.0000000000000000e+00	
   2.3600000000000003e+00	   2.3515254538464259e-04	   2.0000000000000000e+00	
   2.3700000000000001e+00	   2.3641677062669064e-04	   2.0000000000000000e+00	
   2.3799999999999999e+00	   2.3649808817105544e-04	   2.0000000000000000e+00	
   2.3900000000000001e+00	   2.3510987927288785e-04	   2.0000000000000000e+00	
   2.4000000000000004e+00	   2.3232982865406537e-04	   2.0000000000000000e+00	
   2.4100000000000001e+00	   2.2824612406602274e-04	   2.0000000000000000e+00	
   2.4199999999999999e+00	   2.2382639056450770e-04	   2.0000000000000000e+00	
   2.4299999999999997e+00	   2.1992206768506328e-04	   2.0000000000000000e+00	
   2.4399999999999999e+00	   2.1482344228207495e-04	   2.0000000000000000e+00	
   2.4500000000000002e+00	   2.0863726221798107e-04	   2.0000000000000000e+00	
   2.4600000000000000e+00	   2.0147580731033621e-04	   2.0000000000000000e+00	
   2.4699999999999998e+00	   1.9345540239468217e-04	   2.0000000000000000e+00	
   2.4800000000000000e+00	   1.8628319476410304e-04	   2.0000000000000000e+00	
   2.4900000000000002e+00	   1.7877525421594598e-04	   2.0000000000000000e+00	
   2.5000000000000000e+00	   1.2212303458725149e-04	   2.0000000000000000e+00	
   2.5100000000000002e+00	   1.0899679850462363e-05	   3.0000000000000000e+00	
   2.5200000000000000e+00	   1.1028899216336541e-05	   3.0000000000000000e+00	
   2.5300000000000002e+00	   1.1108641047252732e-05	   3.0000000000000000e+00	
   2.5400000000000000e+00	   1.1208928222705694e-05	   3.0000000000000000e+00	
   2.5499999999999998e+00	   1.1234931661219250e-05	   3.0000000000000000e+00	
   2.5600000000000001e+00	   1.1187022882053199e-05	   3.0000000000000000e+00	
   2.5699999999999998e+00	   1.1066443064366993e-05	   3.0000000000000000e+00	
   2.5800000000000001e+00	   1.0875258657394582e-05	   3.0000000000000000e+00	
   2.5899999999999999e+00	   1.0701105319199655e-05	   3.0000000000000000e+00	
   2.6000000000000001e+00	   1.0504239372766122e-05	   3.0000000000000000e+00	
   2.6099999999999999e+00	   1.0245143807097179e-05	   3.0000000000000000e+00	
   2.6200000000000001e+00	   9.9273584568404516e-06	   3.0000000000000000e+00	
   2.6299999999999999e+00	   9.5550003578193099e-06	   3.0000000000000000e+00	
   2.6400000000000001e+00	   9.1463635829569512e-06	   3.0000000000000000e+00	
   2.6499999999999999e+00	   8.8002669702547109e-06	   3.0000000000000000e+00	
   2.6600000000000001e+00	   8.4105981916771100e-06	   3.0000000000000000e+00	
   2.6699999999999999e+00	   7.9820406344577322e-06	   3.0000000000000000e+00	
   2.6800000000000002e+00	   7.5195856537035866e-06	   3.0000000000000000e+00	
   2.6899999999999999e+00	   7.0284666964237630e-06	   3.0000000000000000e+00	
   2.7000000000000002e+00	   6.5754382418958812e-06	   3.0000000000000000e+00	
   2.7100000000000000e+00	   6.1492817209352069e-06	   3.0000000000000000e+00	
   2.7200000000000002e+00	   5.7044976380371537e-06	   3.0000000000000000e+00	
   2.7300000000000000e+00	   5.2458696147006378e-06	   3.0000000000000000e+00	
   2.7400000000000002e+00	   4.7782020138331660e-06	   3.0000000000000000e+00	
   2.7500000000000000e+00	   4.3062697736573341e-06	   3.0000000000000000e+00	
   2.7600000000000002e+00	   4.4562998431363354e-06	   3.0000000000000000e+00	
   2.7700000000000000e+00	   4.5620451065708778e-06	   3.0000000000000000e+00	
   2.7800000000000002e+00	   4.6239283109095197e-06	   3.0000000000000000e+00	
   2.7900000000000000e+00	   4.6429453189889003e-06	   3.0000000000000000e+00	
   2.8000000000000003e+00	   4.6205234009999430e-06	   3.0000000000000000e+00	
   2.8100000000000001e+00	   4.5276917487457879e-06	   4.0000000000000000e+00	
   2.8199999999999998e+00	   4.2116678314885192e-06	   4.0000000000000000e+00	
   2.8300000000000001e+00	   3.8785586310430276e-06	   4.0000000000000000e+00	
   2.8399999999999999e+00	   3.5361905346142919e-06	   4.0000000000000000e+00	
   2.8500000000000001e+00	   3.1914387873532846e-06	   4.0000000000000000e+00	
   2.8599999999999999e+00	   2.8502599467294942e-06	   4.0000000000000000e+00	
   2.8700000000000001e+00	   2.5471672939758605e-06	   4.0000000000000000e+00	
   2.8799999999999999e+00	   2.2516925277660249e-06	   4.0000000000000000e+00	
   2.8900000000000001e+00	   1.9643519042489288e-06	   4.0000000000000000e+00	
   2.8999999999999999e+00	   1.6891109406724780e-06	   4.0000000000000000e+00	
   2.9100000000000001e+00	   1.4291751463391122e-06	   4.0000000000000000e+00	
   2.9199999999999999e+00	   1.1916895628072410e-06	   4.0000000000000000e+00	
   2.9300000000000002e+00	   9.7952603561601848e-07	   4.0000000000000000e+00	
   2.9399999999999999e+00	   7.8354553056936282e-07	   4.0000000000000000e+00	
   2.9500000000000002e+00	   6.0532500723020632e-07	   4.0000000000000000e+00	
   2.9600000000000000e+00	   4.4588669168010853e-07	   4.0000000000000000e+00	
   2.9700000000000002e+00	   3.0575184306602665e-07	   4.0000000000000000e+00	
   2.9800000000000000e+00	   1.8659022482658827e-07	   4.0000000000000000e+00	
   2.9900000000000002e+00	   8.4944593914393351e-08	   4.0000000000000000e+00	
   3.0000000000000000e+00	   2.2204460492503131e-16	   1.0000000000000000e+00	
   3.0100000000000002e+00	   6.8652209472830350e-08	   4.0000000000000000e+00	
   3.0200000000000000e+00	   1.2171841667907302e-07	   4.0000000000000000e+00	
   3.0300000000000002e+00	   1.6055054397057233e-07	   4.0000000000000000e+00	
   3.0400000000000000e+00	   1.8767000753427965e-07	   4.0000000000000000e+00	
   3.0500000000000003e+00	   2.0297576819316987e-07	   4.0000000000000000e+00	
   3.0600000000000001e+00	   2.0757563090612052e-07	   4.0000000000000000e+00	
   3.0699999999999998e+00	   2.0270671186040090e-07	   4.0000000000000000e+00	
   3.0800000000000001e+00	   1.8969880710706377e-07	   4.0000000000000000e+00	
   3.0899999999999999e+00	   1.7129739404708744e-07	   4.0000000000000000e+00	
   3.1000000000000001e+00	   1.4781625923276920e-07	   4.0000000000000000e+00	
   3.1099999999999999e+00	   1.1974658931102056e-07	   4.0000000000000000e+00	
   3.1200000000000001e+00	   8.8330655678703351e-08	   4.0000000000000000e+00	
   3.1299999999999999e+00	   5.4797346438206773e-08	   4.0000000000000000e+00	
   3.1400000000000001e+00	   2.0370644282508010e-08	   4.0000000000000000e+00	
   3.1499999999999999e+00	   1.4118016977704428e-08	   4.0000000000000000e+00	
   3.1600000000000001e+00	   4.8307047140205839e-08	   4.0000000000000000e+00	
   3.1699999999999999e+00	   8.1256677497698604e-08	   4.0000000000000000e+00	
   3.1800000000000002e+00	   1.1209566175285346e-07	   4.0000000000000000e+00	
   3.1899999999999999e+00	   1.4003249637628556e-07	   4.0000000000000000e+00	
   3.2000000000000002e+00	   1.6591219043071703e-07	   4.0000000000000000e+00	
   3.2100000000000000e+00	   1.8964381653940876e-07	   4.0000000000000000e+00	
   3.2200000000000002e+00	   2.0969334579845622e-07	   4.0000000000000000e+00	
   3.2300000000000000e+00	   2.2560970491802834e-07	   4.0000000000000000e+00	
   3.2400000000000002e+00	   2.3702771800859779e-07	   4.0000000000000000e+00	
   3.2500000000000000e+00	   2.4367006390413337e-07	   4.0000000000000000e+00	
   3.2600000000000002e+00	   2.8512059424556924e-07	   4.0000000000000000e+00	
   3.2700000000000000e+00	   3.2772238478528948e-07	   4.0000000000000000e+00	
   3.2800000000000002e+00	   3.7086955728682369e-07	   4.0000000000000000e+00	
   3.2900000000000000e+00	   4.1395328076454518e-07	   4.0000000000000000e+00	
   3.3000000000000003e+00	   4.5637188250680083e-07	   4.0000000000000000e+00	
   3.3100000000000001e+00	   5.0112016913850255e-07	   4.0000000000000000e+00	
   3.3199999999999998e+00	   5.4904933177724047e-07	   4.0000000000000000e+00	
   3.3300000000000001e+00	   5.9526659201836196e-07	   4.0000000000000000e+00	
   3.3399999999999999e+00	   6.3916893933146923e-07	   4.0000000000000000e+00	
   3.3500000000000001e+00	   6.8019363319571369e-07	   4.0000000000000000e+00	
   3.3599999999999999e+00	   7.1782501187556136e-07	   4.0000000000000000e+00	
   3.3700000000000001e+00	   7.6038791085863977e-07	   4.0000000000000000e+00	
   3.3799999999999999e+00	   8.0016230019630541e-07	   4.0000000000000000e+00	
   3.3900000000000001e+00	   8.3561255248554289e-07	   4.0000000000000000e+00	
   3.3999999999999999e+00	   8.6633797891089159e-07	   4.0000000000000000e+00	
   3.4100000000000001e+00	   8.9200409436607231e-07	   4.0000000000000000e+00	
   3.4199999999999999e+00	   9.1591775674970677e-07	   4.0000000000000000e+00	
   3.4300000000000002e+00	   9.4156028085379262e-07	   4.0000000000000000e+00	
   3.4399999999999999e+00	   9.6162221874251941e-07	   4.0000000000000000e+00	
   3.4500000000000002e+00	   9.7593291492614753e-07	   4.0000000000000000e+00	
   3.4600000000000000e+00	   9.8439286277951510e-07	   4.0000000000000000e+00	
   3.4700000000000002e+00	   9.8697262829183785e-07	   4.0000000000000000e+00	
   3.4800000000000000e+00	   9.9219428739694138e-07	   4.0000000000000000e+00	
   3.4900000000000002e+00	   9.9398998032462771e-07	   4.0000000000000000e+00	
   3.5000000000000000e+00	   5.8095168231631078e-07	   4.0000000000000000e+00	
   3.5100000000000002e+00	   2.9679403601434728e-08	   5.0000000000000000e+00	
   3.5200000000000000e+00	   2.7852975481579278e-08	   5.0000000000000000e+00	
   3.5300000000000002e+00	   2.5998233121882208e-08	   5.0000000000000000e+00	
   3.5400000000000000e+00	   2.4280134791609953e-08	   5.0000000000000000e+00	
   3.5500000000000003e+00	   2.2486769335472445e-08	   5.0000000000000000e+00	
   3.5600000000000001e+00	   2.0644069786968089e-08	   5.0000000000000000e+00	
   3.5700000000000003e+00	   1.8777306820538797e-08	   5.0000000000000000e+00	
   3.5800000000000001e+00	   1.6910747024923012e-08	   5.0000000000000000e+00	
   3.5899999999999999e+00	   1.5187688218176731e-08	   5.0000000000000000e+00	
   3.6000000000000001e+00	   1.3540602195050155e-08	   5.0000000000000000e+00	
   3.6099999999999999e+00	   1.1923853238116067e-08	   5.0000000000000000e+00	
   3.6200000000000001e+00	   1.0356197233107878e-08	   5.0000000000000000e+00	
   3.6299999999999999e+00	   8.8546174836778846e-09	   5.0000000000000000e+00	
   3.6400000000000001e+00	   7.4452808362934775e-09	   5.0000000000000000e+00	
   3.6499999999999999e+00	   6.2027838421130355e-09	   5.0000000000000000e+00	
   3.6600000000000001e+00	   5.0371404825000354e-09	   5.0000000000000000e+00	
   3.6699999999999999e+00	   3.9588148315061744e-09	   5.0000000000000000e+00	
   3.6800000000000002e+00	   2.9763185249720436e-09	   5.0000000000000000e+00	
   3.6899999999999999e+00	   2.0961832269961178e-09	   5.0000000000000000e+00	
   3.7000000000000002e+00	   1.3354091166206672e-09	   5.0000000000000000e+00	
   3.7100000000000000e+00	   6.7764283073756815e-10	   5.0000000000000000e+00	
   3.7200000000000002e+00	   1.1080958373099747e-10	   5.0000000000000000e+00	
   3.7300000000000000e+00	   3.6384784074527943e-10	   5.0000000000000000e+00	
   3.7400000000000002e+00	   7.4668649041598201e-10	   5.0000000000000000e+00	
   3.7500000000000000e+00	   1.0395866389956154e-09	   5.0000000000000000e+00	
   3.7600000000000002e+00	   1.4478207521761988e-09	   5.0000000000000000e+00	
   3.7700000000000000e+00	   1.8557706482624781e-09	   5.0000000000000000e+00	
   3.7800000000000002e+00	   2.2526636112019105e-09	   5.0000000000000000e+00	
   3.7900000000000000e+00	   2.6285520426938547e-09	   5.0000000000000000e+00	
   3.8000000000000003e+00	   2.9744344764992547e-09	   5.0000000000000000e+00	
   3.8100000000000001e+00	   3.3059797122092505e-09	   5.0000000000000000e+00	
   3.8200000000000003e+00	   3.6257601365718983e-09	   5.0000000000000000e+00	
   3.8300000000000001e+00	   3.8980847438807587e-09	   5.0000000000000000e+00	
   3.8399999999999999e+00	   4.1163017439060923e-09	   5.0000000000000000e+00	
   3.8500000000000001e+00	   4.2751171491772766e-09	   5.0000000000000000e+00	
   3.8599999999999999e+00	   4.3706311902980133e-09	   5.0000000000000000e+00	
   3.8700000000000001e+00	   4.4518060349219013e-09	   5.0000000000000000e+00	
   3.8799999999999999e+00	   4.4696206735750366e-09	   5.0000000000000000e+00	
   3.8900000000000001e+00	   4.4159014223055237e-09	   5.0000000000000000e+00	
   3.8999999999999999e+00	   4.2904901853546562e-09	   5.0000000000000000e+00	
   3.9100000000000001e+00	   4.0946828150367764e-09	   5.0000000000000000e+00	
   3.9199999999999999e+00	   3.5848050083941985e-09	   6.0000000000000000e+00	
   3.9300000000000002e+00	   2.8551441211277506e-09	   6.0000000000000000e+00	
   3.9399999999999999e+00	   2.2098635144018886e-09	   6.0000000000000000e+00	
   3.9500000000000002e+00	   1.6492097687503815e-09	   6.0000000000000000e+00	
   3.9600000000000000e+00	   1.1713696679294117e-09	   6.0000000000000000e+00	
   3.9700000000000002e+00	   7.7284256772003346e-10	   6.0000000000000000e+00	
   3.9800000000000000e+00	   4.5266357329154516e-10	   6.0000000000000000e+00	
   3.9900000000000002e+00	   1.9719492705405628e-10	   6.0000000000000000e+00	
   4.0000000000000000e+00	   2.2204460492503131e-16	   3.0000000000000000e+00	
   4.0099999999999998e+00	   1.4425372008020076e-10	   6.0000000000000000e+00	
   4.0199999999999996e+00	   2.4144442001272637e-10	   6.0000000000000000e+00	
   4.0300000000000002e+00	   2.9850433236333629e-10	   6.0000000000000000e+00	
   4.0400000000000000e+00	   3.2393665527763460e-10	   6.0000000000000000e+00	
   4.0500000000000007e+00	   3.2097435820332976e-10	   6.0000000000000000e+00	
   4.0600000000000005e+00	   2.9493851805284521e-10	   6.0000000000000000e+00	
   4.0700000000000003e+00	   2.5102919742892027e-10	   6.0000000000000000e+00	
   4.0800000000000001e+00	   1.9420576258255551e-10	   6.0000000000000000e+00	
   4.0899999999999999e+00	   1.3012479982421610e-10	   6.0000000000000000e+00	
   4.0999999999999996e+00	   6.1131988360330070e-11	   6.0000000000000000e+00	
   4.1099999999999994e+00	   9.9495967020857279e-12	   6.0000000000000000e+00	
   4.1200000000000001e+00	   7.9930173590980758e-11	   6.0000000000000000e+00	
   4.1299999999999999e+00	   1.4604750742108763e-10	   6.0000000000000000e+00	
   4.1400000000000006e+00	   2.0630108732433428e-10	   6.0000000000000000e+00	
   4.1500000000000004e+00	   2.6193525126672057e-10	   6.0000000000000000e+00	
   4.1600000000000001e+00	   3.0973634768116654e-10	   6.0000000000000000e+00	
   4.1699999999999999e+00	   3.4857050579262250e-10	   6.0000000000000000e+00	
   4.1799999999999997e+00	   3.7768976834939849e-10	   6.0000000000000000e+00	
   4.1899999999999995e+00	   3.9671699259002935e-10	   6.0000000000000000e+00	
   4.2000000000000002e+00	   4.0944525547814692e-10	   6.0000000000000000e+00	
   4.2100000000000000e+00	   4.1602610245661253e-10	   6.0000000000000000e+00	
   4.2200000000000006e+00	   4.1390157967668983e-10	   6.0000000000000000e+00	
   4.2300000000000004e+00	   4.0358871800094676e-10	   6.0000000000000000e+00	
   4.2400000000000002e+00	   3.8581804417958665e-10	   6.0000000000000000e+00	
   4.2500000000000000e+00	   3.6149905291438245e-10	   6.0000000000000000e+00	
   4.2599999999999998e+00	   3.8545744374118840e-10	   6.0000000000000000e+00	
   4.2699999999999996e+00	   4.0302361448141255e-10	   6.0000000000000000e+00	
   4.2799999999999994e+00	   4.1352699042818131e-10	   6.0000000000000000e+00	
   4.2900000000000000e+00	   4.1648928750248615e-10	   6.0000000000000000e+00	
   4.2999999999999998e+00	   4.1162429020857871e-10	   6.0000000000000000e+00	
   4.3100000000000005e+00	   4.0171088677709577e-10	   6.0000000000000000e+00	
   4.3200000000000003e+00	   3.8679770497651589e-10	   6.0000000000000000e+00	
   4.3300000000000001e+00	   3.6311731399507607e-10	   6.0000000000000000e+00	
   4.3399999999999999e+00	   3.3094171847380949e-10	   6.0000000000000000e+00	
   4.3499999999999996e+00	   2.9073365936937989e-10	   6.0000000000000000e+00	
   4.3599999999999994e+00	   2.4313129287634183e-10	   6.0000000000000000e+00	
   4.3700000000000001e+00	   1.9113932658854083e-10	   6.0000000000000000e+00	
   4.3799999999999999e+00	   1.3220824435222767e-10	   6.0000000000000000e+00	
   4.3900000000000006e+00	   6.6938676823724563e-11	   6.0000000000000000e+00	
   4.4000000000000004e+00	   3.5794700536939672e-12	   6.0000000000000000e+00	
   4.4100000000000001e+00	   7.8151041194018944e-11	   6.0000000000000000e+00	
   4.4199999999999999e+00	   1.5611534287529594e-10	   6.0000000000000000e+00	
   4.4299999999999997e+00	   2.3796042913915016e-10	   6.0000000000000000e+00	
   4.4399999999999995e+00	   3.2171076913556362e-10	   6.0000000000000000e+00	
   4.4499999999999993e+00	   4.0597336603553913e-10	   6.0000000000000000e+00	
   4.4600000000000000e+00	   4.8934811758272190e-10	   6.0000000000000000e+00	
   4.4699999999999998e+00	   5.7045168588842898e-10	   6.0000000000000000e+00	
   4.4800000000000004e+00	   6.5353189526717870e-10	   6.0000000000000000e+00	
   4.4900000000000002e+00	   7.3479566875533919e-10	   6.0000000000000000e+00	
   4.5000000000000000e+00	   3.5945313392460321e-10	   6.0000000000000000e+00	
   4.5099999999999998e+00	   8.7359008915655068e-11	   7.0000000000000000e+00	
   4.5199999999999996e+00	   8.7690077421598289e-11	   7.0000000000000000e+00	
   4.5299999999999994e+00	   8.7638896140163070e-11	   7.0000000000000000e+00	
   4.5400000000000000e+00	   8.7751472754860060e-11	   7.0000000000000000e+00	
   4.5499999999999998e+00	   8.7280960237023919e-11	   7.0000000000000000e+00	
   4.5600000000000005e+00	   8.6236462415456572e-11	   7.0000000000000000e+00	
   4.5700000000000003e+00	   8.4636631036971721e-11	   7.0000000000000000e+00	
   4.5800000000000001e+00	   8.2503781584364333e-11	   7.0000000000000000e+00	
   4.5899999999999999e+00	   8.0508266719903077e-11	   7.0000000000000000e+00	
   4.5999999999999996e+00	   7.8347883736284984e-11	   7.0000000000000000e+00	
   4.6099999999999994e+00	   7.5734418736317366e-11	   7.0000000000000000e+00	
   4.6200000000000001e+00	   7.2703953968300539e-11	   7.0000000000000000e+00	
   4.6299999999999999e+00	   6.9299233018682571e-11	   7.0000000000000000e+00	
   4.6400000000000006e+00	   6.5665028969874584e-11	   7.0000000000000000e+00	
   4.6500000000000004e+00	   6.2513549892173614e-11	   7.0000000000000000e+00	
   4.6600000000000001e+00	   5.9085514259038519e-11	   7.0000000000000000e+00	
   4.6699999999999999e+00	   5.5427107348293703e-11	   7.0000000000000000e+00	
   4.6799999999999997e+00	   5.1584403415461111e-11	   7.0000000000000000e+00	
   4.6899999999999995e+00	   4.7606252273624250e-11	   7.0000000000000000e+00	
   4.6999999999999993e+00	   4.3948400474391747e-11	   7.0000000000000000e+00	
   4.7100000000000000e+00	   4.0531022982293052e-11	   7.0000000000000000e+00	
   4.7199999999999998e+00	   3.7055025714494150e-11	   7.0000000000000000e+00	
   4.7300000000000004e+00	   3.3560487722184007e-11	   7.0000000000000000e+00	
   4.7400000000000002e+00	   2.5675239712086295e-11	   6.0000000000000000e+00	
   4.7500000000000000e+00	   1.7220225245750953e-11	   6.0000000000000000e+00	
   4.7599999999999998e+00	   1.1771472685495610e-11	   6.0000000000000000e+00	
   4.7699999999999996e+00	   5.9293681076155735e-12	   6.0000000000000000e+00	
   4.7799999999999994e+00	   1.3078427230084344e-13	   6.0000000000000000e+00	
   4.7900000000000000e+00	   6.2385652199736796e-12	   6.0000000000000000e+00	
   4.7999999999999998e+00	   1.2234213642159375e-11	   6.0000000000000000e+00	
   4.8100000000000005e+00	   1.8098855747439302e-11	   6.0000000000000000e+00	
   4.8200000000000003e+00	   2.3836932427911961e-11	   6.0000000000000000e+00	
   4.8300000000000001e+00	   2.3570700946606848e-11	   7.0000000000000000e+00	
   4.8399999999999999e+00	   2.2399637700232233e-11	   7.0000000000000000e+00	
   4.8499999999999996e+00	   2.1059376464904744e-11	   7.0000000000000000e+00	
   4.8599999999999994e+00	   1.9582335752943436e-11	   7.0000000000000000e+00	
   4.8700000000000001e+00	   1.8210322139111668e-11	   7.0000000000000000e+00	
   4.8799999999999999e+00	   1.6742163211347361e-11	   7.0000000000000000e+00	
   4.8900000000000006e+00	   1.5182743950958866e-11	   7.0000000000000000e+00	
   4.9000000000000004e+00	   1.3565593093289863e-11	   7.0000000000000000e+00	
   4.9100000000000001e+00	   1.1920020526190456e-11	   7.0000000000000000e+00	
   4.9199999999999999e+00	   1.0317524612446505e-11	   7.0000000000000000e+00	
   4.9299999999999997e+00	   8.7994056485740657e-12	   7.0000000000000000e+00	
   4.9399999999999995e+00	   7.3008266099350294e-12	   7.0000000000000000e+00	
   4.9499999999999993e+00	   5.7391869034972842e-12	   8.0000000000000000e+00	
   4.9600000000000000e+00	   4.0724090766275367e-12	   8.0000000000000000e+00	
   4.9699999999999998e+00	   2.6914026562963045e-12	   8.0000000000000000e+00	
   4.9800000000000004e+00	   1.0575984532579241e-12	   5.0000000000000000e+00	
   4.9900000000000002e+00	   6.9644290334736070e-13	   8.0000000000000000e+00	
   5.0000000000000000e+00	   2.2204460492503131e-16	   1.0000000000000000e+00	
   5.0099999999999998e+00	   5.2757798130187439e-13	   8.0000000000000000e+00	
   5.0199999999999996e+00	   9.0971674637785327e-13	   8.0000000000000000e+00	
   5.0299999999999994e+00	   1.1728396032140154e-12	   8.0000000000000000e+00	
   5.0400000000000000e+00	   1.3458123504506148e-12	   8.0000000000000000e+00	
   5.0499999999999998e+00	   1.4392931291240529e-12	   8.0000000000000000e+00	
   5.0600000000000005e+00	   1.4697132399987822e-12	   8.0000000000000000e+00	
   5.0700000000000003e+00	   1.4526158054195548e-12	   8.0000000000000000e+00	
   5.0800000000000001e+00	   1.3995471448424723e-12	   8.0000000000000000e+00	
   5.0899999999999999e+00	   1.3342660309945131e-12	   8.0000000000000000e+00	
   5.0999999999999996e+00	   1.2585488207150775e-12	   8.0000000000000000e+00	
   5.1099999999999994e+00	   1.1768364061026659e-12	   8.0000000000000000e+00	
   5.1200000000000001e+00	   1.0926815008360791e-12	   8.0000000000000000e+00	
   5.1299999999999999e+00	   1.0120793092482927e-12	   8.0000000000000000e+00	
   5.1400000000000006e+00	   4.5807801996033959e-13	   7.0000000000000000e+00	
   5.1500000000000004e+00	   1.5432100042289676e-13	   7.0000000000000000e+00	
   5.1600000000000001e+00	   7.9736217628578743e-13	   7.0000000000000000e+00	
   5.1699999999999999e+00	   8.0757622811233887e-13	   8.0000000000000000e+00	
   5.1799999999999997e+00	   7.8093087552133511e-13	   8.0000000000000000e+00	
   5.1899999999999995e+00	   7.6205708410270745e-13	   8.0000000000000000e+00	
   5.1999999999999993e+00	   7.5561779055988154e-13	   8.0000000000000000e+00	
   5.2100000000000000e+00	   7.5872641502883198e-13	   8.0000000000000000e+00	
   5.2199999999999998e+00	   7.6472161936180783e-13	   8.0000000000000000e+00	
   5.2300000000000004e+00	   7.7071682369478367e-13	   8.0000000000000000e+00	
   5.2400000000000002e+00	   7.7471362658343423e-13	   8.0000000000000000e+00	
   5.2500000000000000e+00	   7.7382544816373411e-13	   8.0000000000000000e+00	
   5.2599999999999998e+00	   8.9039886574937555e-13	   8.0000000000000000e+00	
   5.2699999999999996e+00	   1.0154099783221682e-12	   8.0000000000000000e+00	
   5.2799999999999994e+00	   1.1481926520673369e-12	   8.0000000000000000e+00	
   5.2900000000000000e+00	   1.2861933740282439e-12	   8.0000000000000000e+00	
   5.2999999999999998e+00	   1.4276357873654888e-12	   8.0000000000000000e+00	
   5.3100000000000005e+00	   1.5822898546957731e-12	   8.0000000000000000e+00	
   5.3200000000000003e+00	   1.7527090889757346e-12	   8.0000000000000000e+00	
   5.3300000000000001e+00	   1.9225732117433836e-12	   8.0000000000000000e+00	
   5.3399999999999999e+00	   2.0891066654371571e-12	   8.0000000000000000e+00	
   5.3499999999999996e+00	   2.2496449147979547e-12	   8.0000000000000000e+00	
   5.3599999999999994e+00	   2.4024116029863762e-12	   8.0000000000000000e+00	
   5.3700000000000001e+00	   2.5730528818712628e-12	   8.0000000000000000e+00	
   5.3799999999999999e+00	   2.7358115772813107e-12	   8.0000000000000000e+00	
   5.3900000000000006e+00	   2.8843594179761567e-12	   8.0000000000000000e+00	
   5.4000000000000004e+00	   3.0171420917213254e-12	   8.0000000000000000e+00	
   5.4100000000000001e+00	   3.1298297287207788e-12	   8.0000000000000000e+00	
   5.4199999999999999e+00	   3.2347458045478561e-12	   8.0000000000000000e+00	
   5.4299999999999997e+00	   3.3427705048438838e-12	   8.0000000000000000e+00	
   5.4399999999999995e+00	   3.4289238115547960e-12	   8.0000000000000000e+00	
   5.4499999999999993e+00	   3.4900971002116421e-12	   8.0000000000000000e+00	
   5.4600000000000000e+00	   3.5261793485119597e-12	   8.0000000000000000e+00	
   5.4699999999999998e+00	   3.5367264672458987e-12	   8.0000000000000000e+00	
   5.4800000000000004e+00	   3.5524916341955759e-12	   8.0000000000000000e+00	
   5.4900000000000002e+00	   3.5502711881463256e-12	   8.0000000000000000e+00	
   5.5000000000000000e+00	   3.4169334028888443e-12	   8.0000000000000000e+00	
   5.5099999999999998e+00	   3.1221691898508652e-12	   8.0000000000000000e+00	
   5.5199999999999996e+00	   3.0645486148728196e-12	   8.0000000000000000e+00	
   5.5299999999999994e+00	   2.9998226125371730e-12	   8.0000000000000000e+00	
   5.5400000000000000e+00	   2.9454216843305403e-12	   8.0000000000000000e+00	
   5.5499999999999998e+00	   2.8763658121988556e-12	   8.0000000000000000e+00	
   5.5600000000000005e+00	   2.7935431745618189e-12	   8.0000000000000000e+00	
   5.5700000000000003e+00	   2.6986191059563680e-12	   8.0000000000000000e+00	
   5.5800000000000001e+00	   2.5913715617775779e-12	   8.0000000000000000e+00	
   5.5899999999999999e+00	   2.4937829579130266e-12	   8.0000000000000000e+00	
   5.5999999999999996e+00	   2.3957502648386253e-12	   8.0000000000000000e+00	
   5.6099999999999994e+00	   2.2886137429622977e-12	   8.0000000000000000e+00	
   5.6200000000000001e+00	   2.1727064591914313e-12	   8.0000000000000000e+00	
   5.6299999999999999e+00	   2.0492496588531139e-12	   8.0000000000000000e+00	
   5.6400000000000006e+00	   1.9239054793729338e-12	   8.0000000000000000e+00	
   5.6500000000000004e+00	   1.8162138459842936e-12	   8.0000000000000000e+00	
   5.6600000000000001e+00	   1.7034151866823777e-12	   8.0000000000000000e+00	
   5.6699999999999999e+00	   1.5863976798868862e-12	   8.0000000000000000e+00	
   5.6799999999999997e+00	   1.4671597270421444e-12	   8.0000000000000000e+00	
   5.6899999999999995e+00	   1.3468115511727774e-12	   8.0000000000000000e+00	
   5.6999999999999993e+00	   1.2367884494324244e-12	   8.0000000000000000e+00	
   5.7100000000000000e+00	   1.1358691764939977e-12	   8.0000000000000000e+00	
   5.7199999999999998e+00	   1.0345058143457209e-12	   8.0000000000000000e+00	
   5.7300000000000004e+00	   9.3469676443191929e-13	   8.0000000000000000e+00	
   5.7400000000000002e+00	   8.3566487063535533e-13	   8.0000000000000000e+00	
   5.7500000000000000e+00	   7.3951955670281677e-13	   8.0000000000000000e+00	
   5.7599999999999998e+00	   7.5095485385645588e-13	   8.0000000000000000e+00	
   5.7699999999999996e+00	   7.5428552293033135e-13	   8.0000000000000000e+00	
   5.7799999999999994e+00	   7.5051076464660582e-13	   8.0000000000000000e+00	
   5.7900000000000000e+00	   7.3963057900527929e-13	   8.0000000000000000e+00	
   5.7999999999999998e+00	   7.2186701061127678e-13	   8.0000000000000000e+00	
   5.8100000000000005e+00	   7.0299321919264912e-13	   8.0000000000000000e+00	
   5.8200000000000003e+00	   6.8478556158879655e-13	   8.0000000000000000e+00	
   5.8300000000000001e+00	   6.5991656583719305e-13	   8.0000000000000000e+00	
   5.8399999999999999e+00	   6.2994054417231382e-13	   8.0000000000000000e+00	
   5.8499999999999996e+00	   5.9507954119908391e-13	   8.0000000000000000e+00	
   5.8599999999999994e+00	   5.5688786915197852e-13	   8.0000000000000000e+00	
   5.8700000000000001e+00	   5.2113868775904848e-13	   8.0000000000000000e+00	
   5.8799999999999999e+00	   4.8250292650209303e-13	   8.0000000000000000e+00	
   5.8900000000000006e+00	   4.4120262998603721e-13	   8.0000000000000000e+00	
   5.9000000000000004e+00	   3.9834802123550617e-13	   8.0000000000000000e+00	
   5.9100000000000001e+00	   3.5349501104064984e-13	   8.0000000000000000e+00	
   5.9199999999999999e+00	   3.0953017926549364e-13	   8.0000000000000000e+00	
   5.9299999999999997e+00	   2.6711965972481266e-13	   8.0000000000000000e+00	
   5.9399999999999995e+00	   2.2515322939398175e-13	   8.0000000000000000e+00	
   5.9500000000000002e+00	   1.8296475445822580e-13	   8.0000000000000000e+00	
   5.9600000000000000e+00	   1.4210854715202004e-13	   8.0000000000000000e+00	
   5.9699999999999998e+00	   1.0280665208028950e-13	   8.0000000000000000e+00	
   5.9800000000000004e+00	   6.6613381477509392e-14	   8.0000000000000000e+00	
   5.9900000000000002e+00	   3.2196467714129540e-14	   8.0000000000000000e+00	
   6.0000000000000000e+00	   1.1102230246251565e-16	   2.0000000000000000e+00	
   6.0099999999999998e+00	   2.9531932455029164e-14	   8.0000000000000000e+00	
   6.0199999999999996e+00	   5.6177285046032921e-14	   8.0000000000000000e+00	
   6.0300000000000002e+00	   7.8714812445923599e-14	   8.0000000000000000e+00	
   6.0400000000000000e+00	   9.9142916099026479e-14	   8.0000000000000000e+00	
   6.0499999999999998e+00	   1.1712852909795402e-13	   8.0000000000000000e+00	
   6.0600000000000005e+00	   1.3089529460330596e-13	   8.0000000000000000e+00	
   6.0700000000000003e+00	   1.4133139103478243e-13	   8.0000000000000000e+00	
   6.0800000000000001e+00	   1.4899192990469601e-13	   8.0000000000000000e+00	
   6.0899999999999999e+00	   1.5387691121304670e-13	   8.0000000000000000e+00	
   6.0999999999999996e+00	   1.5676349107707210e-13	   8.0000000000000000e+00	
   6.1099999999999994e+00	   1.5565326805244695e-13	   8.0000000000000000e+00	
   6.1200000000000001e+00	   1.5287771049088406e-13	   8.0000000000000000e+00	
   6.1299999999999999e+00	   1.4721557306529576e-13	   8.0000000000000000e+00	
   6.1399999999999997e+00	   1.3944401189291966e-13	   8.0000000000000000e+00	
   6.1500000000000004e+00	   1.3078427230084344e-13	   8.0000000000000000e+00	
   6.1600000000000001e+00	   6.0618177144533547e-14	   7.0000000000000000e+00	
   6.1699999999999999e+00	   4.7628567756419216e-14	   7.0000000000000000e+00	
   6.1799999999999997e+00	   9.5812247025151009e-14	   8.0000000000000000e+00	
   6.1899999999999995e+00	   8.1712414612411521e-14	   8.0000000000000000e+00	
   6.2000000000000002e+00	   6.7834626804597065e-14	   8.0000000000000000e+00	
   6.2100000000000000e+00	   5.4289905904170155e-14	   8.0000000000000000e+00	
   6.2199999999999998e+00	   4.0523140398818214e-14	   8.0000000000000000e+00	
   6.2300000000000004e+00	   2.6312285683616210e-14	   8.0000000000000000e+00	
   6.2400000000000002e+00	   1.2989609388114332e-14	   8.0000000000000000e+00	
   6.2500000000000000e+00	   8.8817841970012523e-16	   8.0000000000000000e+00	
   6.2599999999999998e+00	   1.2434497875801753e-14	   8.0000000000000000e+00	
   6.2699999999999996e+00	   2.7422508708241367e-14	   8.0000000000000000e+00	
   6.2800000000000002e+00	   4.5408121707168903e-14	   8.0000000000000000e+00	
   6.2900000000000000e+00	   6.4948046940571658e-14	   8.0000000000000000e+00	
   6.2999999999999998e+00	   8.6042284408449632e-14	   8.0000000000000000e+00	
   6.3100000000000005e+00	   1.0991207943789050e-13	   8.0000000000000000e+00	
   6.3200000000000003e+00	   1.3666845433135677e-13	   8.0000000000000000e+00	
   6.3300000000000001e+00	   1.6475709685437323e-13	   8.0000000000000000e+00	
   6.3399999999999999e+00	   1.9440005161186491e-13	   8.0000000000000000e+00	
   6.3499999999999996e+00	   2.2470914018413168e-13	   8.0000000000000000e+00	
   6.3599999999999994e+00	   2.5668356329333619e-13	   8.0000000000000000e+00	
   6.3700000000000001e+00	   2.9154456626656611e-13	   8.0000000000000000e+00	
   6.3799999999999999e+00	   3.2729374765949615e-13	   8.0000000000000000e+00	
   6.3899999999999997e+00	   3.6293190674996367e-13	   8.0000000000000000e+00	
   6.4000000000000004e+00	   3.9879211044535623e-13	   8.0000000000000000e+00	
   6.4100000000000001e+00	   4.3365311341858614e-13	   8.0000000000000000e+00	
   6.4199999999999999e+00	   4.6840309408935354e-13	   8.0000000000000000e+00	
   6.4299999999999997e+00	   5.0637272153153390e-13	   8.0000000000000000e+00	
   6.4399999999999995e+00	   5.4278803673923903e-13	   8.0000000000000000e+00	
   6.4500000000000002e+00	   5.7687188359523134e-13	   8.0000000000000000e+00	
   6.4600000000000000e+00	   6.0818017288966075e-13	   8.0000000000000000e+00	
   6.4699999999999998e+00	   6.3660188232006476e-13	   8.0000000000000000e+00	
   6.4800000000000004e+00	   6.6824323852188172e-13	   8.0000000000000000e+00	
   6.4900000000000002e+00	   6.9755312637198585e-13	   8.0000000000000000e+00	
   6.5000000000000000e+00	   8.7574392182432348e-13	   8.0000000000000000e+00	
   6.5099999999999998e+00	   1.1564083024495631e-12	   8.0000000000000000e+00	
   6.5199999999999996e+00	   1.1393108678703356e-12	   8.0000000000000000e+00	
   6.5300000000000002e+00	   1.1186607196123077e-12	   8.0000000000000000e+00	
   6.5400000000000000e+00	   1.1028955526626305e-12	   8.0000000000000000e+00	
   6.5499999999999998e+00	   1.0822454044046026e-12	   8.0000000000000000e+00	
   6.5600000000000005e+00	   1.0562661856283739e-12	   8.0000000000000000e+00	
   6.5700000000000003e+00	   1.0249578963339445e-12	   8.0000000000000000e+00	
   6.5800000000000001e+00	   9.8943075954593951e-13	   8.0000000000000000e+00	
   6.5899999999999999e+00	   9.5812247025151009e-13	   8.0000000000000000e+00	
   6.5999999999999996e+00	   9.2570395793245552e-13	   8.0000000000000000e+00	
   6.6099999999999994e+00	   8.8995477653952548e-13	   8.0000000000000000e+00	
   6.6200000000000001e+00	   8.5109697067764500e-13	   8.0000000000000000e+00	
   6.6299999999999999e+00	   8.0868645113696402e-13	   8.0000000000000000e+00	
   6.6399999999999997e+00	   7.6494366396673286e-13	   8.0000000000000000e+00	
   6.6500000000000004e+00	   7.2741812573440257e-13	   8.0000000000000000e+00	
   6.6600000000000001e+00	   6.8789418605774699e-13	   8.0000000000000000e+00	
   6.6699999999999999e+00	   6.4637184493676614e-13	   8.0000000000000000e+00	
   6.6799999999999997e+00	   6.0329519158131006e-13	   8.0000000000000000e+00	
   6.6899999999999995e+00	   5.5844218138645374e-13	   8.0000000000000000e+00	
   6.7000000000000002e+00	   5.1803006329009804e-13	   8.0000000000000000e+00	
   6.7100000000000000e+00	   4.8050452505776775e-13	   8.0000000000000000e+00	
   6.7199999999999998e+00	   4.4253489761558740e-13	   8.0000000000000000e+00	
   6.7300000000000004e+00	   4.0367709175370692e-13	   8.0000000000000000e+00	
   6.7400000000000002e+00	   3.6504133049675147e-13	   8.0000000000000000e+00	
   6.7500000000000000e+00	   3.2707170305457112e-13	   8.0000000000000000e+00	
   6.7599999999999998e+00	   3.3628655415895992e-13	   8.0000000000000000e+00	
   6.7699999999999996e+00	   3.4250380309686079e-13	   8.0000000000000000e+00	
   6.7800000000000002e+00	   3.4483527144857362e-13	   8.0000000000000000e+00	
   6.7900000000000000e+00	   3.4450220454118607e-13	   8.0000000000000000e+00	
   6.7999999999999998e+00	   3.4106051316484809e-13	   8.0000000000000000e+00	
   6.8100000000000005e+00	   3.3717473257866004e-13	   8.0000000000000000e+00	
   6.8200000000000003e+00	   3.3306690738754696e-13	   8.0000000000000000e+00	
   6.8300000000000001e+00	   3.2640556923979602e-13	   8.0000000000000000e+00	
   6.8399999999999999e+00	   3.1663560662309465e-13	   8.0000000000000000e+00	
   6.8499999999999996e+00	   3.0431213104975541e-13	   8.0000000000000000e+00	
   6.8599999999999994e+00	   2.8932412021731579e-13	   8.0000000000000000e+00	
   6.8700000000000001e+00	   2.7566837701442637e-13	   8.0000000000000000e+00	
   6.8799999999999999e+00	   2.6034729927459921e-13	   8.0000000000000000e+00	
   6.8899999999999997e+00	   2.4302782009044677e-13	   8.0000000000000000e+00	
   6.9000000000000004e+00	   2.2326585025211898e-13	   8.0000000000000000e+00	
   6.9100000000000001e+00	   2.0283774659901610e-13	   8.0000000000000000e+00	
   6.9199999999999999e+00	   1.8163248682867561e-13	   8.0000000000000000e+00	
   6.9299999999999997e+00	   1.6053824936079764e-13	   8.0000000000000000e+00	
   6.9399999999999995e+00	   1.3777867735598193e-13	   8.0000000000000000e+00	
   6.9500000000000002e+00	   1.1524114995609125e-13	   8.0000000000000000e+00	
   6.9600000000000000e+00	   9.1704421834037930e-14	   8.0000000000000000e+00	
   6.9699999999999998e+00	   6.8500760619372159e-14	   8.0000000000000000e+00	
   6.9800000000000004e+00	   4.5297099404706387e-14	   8.0000000000000000e+00	
   6.9900000000000002e+00	   2.2759572004815709e-14	   8.0000000000000000e+00	
   7.0000000000000000e+00	   2.2204460492503131e-16	   3.0000000000000000e+00	
   7.0099999999999998e+00	   2.1982415887578100e-14	   8.0000000000000000e+00	
   7.0199999999999996e+00	   4.2854608750531042e-14	   8.0000000000000000e+00	
   7.0300000000000002e+00	   6.3726801613483985e-14	   8.0000000000000000e+00	
   7.0400000000000000e+00	   8.3044682241961709e-14	   8.0000000000000000e+00	
   7.0499999999999998e+00	   1.0147438445073931e-13	   8.0000000000000000e+00	
   7.0599999999999996e+00	   1.1834977442504169e-13	   8.0000000000000000e+00	
   7.0700000000000003e+00	   1.3455903058456897e-13	   8.0000000000000000e+00	
   7.0800000000000001e+00	   1.4832579608992091e-13	   8.0000000000000000e+00	
   7.0899999999999999e+00	   1.6142642778049776e-13	   8.0000000000000000e+00	
   7.0999999999999996e+00	   1.7341683644644945e-13	   8.0000000000000000e+00	
   7.1100000000000003e+00	   1.8407497748285095e-13	   8.0000000000000000e+00	
   7.1200000000000001e+00	   1.9206858326015208e-13	   8.0000000000000000e+00	
   7.1299999999999999e+00	   1.9850787680297799e-13	   8.0000000000000000e+00	
   7.1399999999999997e+00	   2.0272672429655358e-13	   8.0000000000000000e+00	
   7.1500000000000004e+00	   2.0827783941967937e-13	   8.0000000000000000e+00	
   7.1600000000000001e+00	   2.1094237467877974e-13	   8.0000000000000000e+00	
   7.1699999999999999e+00	   2.1183055309847987e-13	   8.0000000000000000e+00	
   7.1799999999999997e+00	   2.1072033007385471e-13	   8.0000000000000000e+00	
   7.1899999999999995e+00	   2.0827783941967937e-13	   8.0000000000000000e+00	
   7.2000000000000002e+00	   2.0516921495072893e-13	   8.0000000000000000e+00	
   7.2100000000000000e+00	   2.0183854587685346e-13	   8.0000000000000000e+00	
   7.2199999999999998e+00	   1.9650947535865271e-13	   8.0000000000000000e+00	
   7.2300000000000004e+00	   1.9029222642075183e-13	   8.0000000000000000e+00	
   7.2400000000000002e+00	   1.8229862064345070e-13	   8.0000000000000000e+00	
   7.2500000000000000e+00	   1.7263968032921184e-13	   8.0000000000000000e+00	
   7.2599999999999998e+00	   1.8762769116165146e-13	   8.0000000000000000e+00	
   7.2699999999999996e+00	   2.0194956817931597e-13	   8.0000000000000000e+00	
   7.2800000000000002e+00	   2.1560531138220540e-13	   8.0000000000000000e+00	
   7.2900000000000000e+00	   2.2792878695554464e-13	   8.0000000000000000e+00	
   7.2999999999999998e+00	   2.3869795029440866e-13	   8.0000000000000000e+00	
   7.3099999999999996e+00	   2.5068835896036035e-13	   8.0000000000000000e+00	
   7.3200000000000003e+00	   2.6356694604601216e-13	   8.0000000000000000e+00	
   7.3300000000000001e+00	   2.7466917629226373e-13	   8.0000000000000000e+00	
   7.3399999999999999e+00	   2.8421709430404007e-13	   8.0000000000000000e+00	
   7.3499999999999996e+00	   2.9221070008134120e-13	   8.0000000000000000e+00	
   7.3600000000000003e+00	   2.9898306053155466e-13	   8.0000000000000000e+00	
   7.3700000000000001e+00	   3.0730973321624333e-13	   8.0000000000000000e+00	
   7.3799999999999999e+00	   3.1397107136399427e-13	   8.0000000000000000e+00	
   7.3899999999999997e+00	   3.1918911957973251e-13	   8.0000000000000000e+00	
   7.4000000000000004e+00	   3.2318592246838307e-13	   8.0000000000000000e+00	
   7.4100000000000001e+00	   3.2429614549300823e-13	   8.0000000000000000e+00	
   7.4199999999999999e+00	   3.2518432391270835e-13	   8.0000000000000000e+00	
   7.4299999999999997e+00	   3.2718272535703363e-13	   8.0000000000000000e+00	
   7.4399999999999995e+00	   3.2740476996195866e-13	   8.0000000000000000e+00	
   7.4500000000000002e+00	   3.2540636851763338e-13	   8.0000000000000000e+00	
   7.4600000000000000e+00	   3.2163161023390785e-13	   8.0000000000000000e+00	
   7.4699999999999998e+00	   3.1596947280831955e-13	   8.0000000000000000e+00	
   7.4800000000000004e+00	   3.1230573682705653e-13	   8.0000000000000000e+00	
   7.4900000000000002e+00	   3.0719871091378081e-13	   8.0000000000000000e+00	
   7.5000000000000000e+00	   2.6878499426175040e-13	   8.0000000000000000e+00	
   7.5099999999999998e+00	   2.3903101720179620e-13	   8.0000000000000000e+00	
   7.5199999999999996e+00	   2.3925306180672123e-13	   8.0000000000000000e+00	
   7.5300000000000002e+00	   2.3958612871410878e-13	   8.0000000000000000e+00	
   7.5400000000000000e+00	   2.4047430713380891e-13	   8.0000000000000000e+00	
   7.5499999999999998e+00	   2.4003021792395884e-13	   8.0000000000000000e+00	
   7.5599999999999996e+00	   2.3836488338702111e-13	   8.0000000000000000e+00	
   7.5700000000000003e+00	   2.3669954885008337e-13	   8.0000000000000000e+00	
   7.5800000000000001e+00	   2.3137047833188262e-13	   8.0000000000000000e+00	
   7.5899999999999999e+00	   2.2815083156046967e-13	   8.0000000000000000e+00	
   7.5999999999999996e+00	   2.2404300636935659e-13	   8.0000000000000000e+00	
   7.6100000000000003e+00	   2.1938006966593093e-13	   8.0000000000000000e+00	
   7.6200000000000001e+00	   2.1305179842556754e-13	   8.0000000000000000e+00	
   7.6299999999999999e+00	   2.0583534876550402e-13	   8.0000000000000000e+00	
   7.6399999999999997e+00	   1.9773072068574038e-13	   8.0000000000000000e+00	
   7.6500000000000004e+00	   1.9140244944537699e-13	   8.0000000000000000e+00	
   7.6600000000000001e+00	   1.8418599978531347e-13	   8.0000000000000000e+00	
   7.6699999999999999e+00	   1.7563728249569976e-13	   8.0000000000000000e+00	
   7.6799999999999997e+00	   1.6664447599623600e-13	   8.0000000000000000e+00	
   7.6900000000000004e+00	   1.5709655798445965e-13	   8.0000000000000000e+00	
   7.7000000000000002e+00	   1.4799272918253337e-13	   8.0000000000000000e+00	
   7.7100000000000000e+00	   1.3911094498553211e-13	   8.0000000000000000e+00	
   7.7199999999999998e+00	   1.3034018309099338e-13	   8.0000000000000000e+00	
   7.7300000000000004e+00	   1.2101430968414206e-13	   8.0000000000000000e+00	
   7.7400000000000002e+00	   1.1091128016005314e-13	   8.0000000000000000e+00	
   7.7500000000000000e+00	   1.0125233984581428e-13	   8.0000000000000000e+00	
   7.7599999999999998e+00	   1.0524914273446484e-13	   8.0000000000000000e+00	
   7.7699999999999996e+00	   1.0880185641326534e-13	   8.0000000000000000e+00	
   7.7800000000000002e+00	   1.1191048088221578e-13	   8.0000000000000000e+00	
   7.7900000000000000e+00	   1.1324274851176597e-13	   8.0000000000000000e+00	
   7.7999999999999998e+00	   1.1413092693146609e-13	   8.0000000000000000e+00	
   7.8099999999999996e+00	   1.1413092693146609e-13	   8.0000000000000000e+00	
   7.8200000000000003e+00	   1.1501910535116622e-13	   8.0000000000000000e+00	
   7.8300000000000001e+00	   1.1413092693146609e-13	   8.0000000000000000e+00	
   7.8399999999999999e+00	   1.1257661469699087e-13	   8.0000000000000000e+00	
   7.8499999999999996e+00	   1.0969003483296547e-13	   8.0000000000000000e+00	
   7.8600000000000003e+00	   1.0635936575909000e-13	   8.0000000000000000e+00	
   7.8700000000000001e+00	   1.0280665208028950e-13	   8.0000000000000000e+00	
   7.8799999999999999e+00	   9.8587804586713901e-14	   8.0000000000000000e+00	
   7.8899999999999997e+00	   9.2814644858663087e-14	   8.0000000000000000e+00	
   7.9000000000000004e+00	   8.7485574340462335e-14	   8.0000000000000000e+00	
   7.9100000000000001e+00	   8.0380146982861334e-14	   8.0000000000000000e+00	
   7.9199999999999999e+00	   7.3274719625260332e-14	   8.0000000000000000e+00	
   7.9299999999999997e+00	   6.5503158452884236e-14	   8.0000000000000000e+00	
   7.9400000000000004e+00	   5.7509552675583109e-14	   8.0000000000000000e+00	
   7.9500000000000002e+00	   4.8627768478581856e-14	   8.0000000000000000e+00	
   7.9600000000000000e+00	   3.9523939676655573e-14	   8.0000000000000000e+00	
   7.9699999999999998e+00	   2.9753977059954195e-14	   8.0000000000000000e+00	
   7.9800000000000004e+00	   2.0428103653102880e-14	   8.0000000000000000e+00	
   7.9900000000000002e+00	   1.0214051826551440e-14	   8.0000000000000000e+00	
   8.0000000000000000e+00	   1.1102230246251565e-16	   2.0000000000000000e+00	
