   5.0000000000000000e-01	   3.2801355907067231e-01	   1.0000000000000000e+00	
   5.1000000000000001e-01	   3.1044840480342017e-01	   1.0000000000000000e+00	
   5.2000000000000002e-01	   2.9241522506186990e-01	   1.0000000000000000e+00	
   5.3000000000000003e-01	   2.7521205339552690e-01	   1.0000000000000000e+00	
   5.4000000000000004e-01	   2.6087718718785546e-01	   1.0000000000000000e+00	
   5.5000000000000004e-01	   2.4603010677975834e-01	   1.0000000000000000e+00	
   5.6000000000000005e-01	   2.3085340232683027e-01	   1.0000000000000000e+00	
   5.7000000000000006e-01	   2.1551316972273127e-01	   1.0000000000000000e+00	
   5.7999999999999996e-01	   2.0015856133948873e-01	   1.0000000000000000e+00	
   5.8999999999999997e-01	   1.8692287182863465e-01	   1.0000000000000000e+00	
   5.9999999999999998e-01	   1.7445071111726373e-01	   1.0000000000000000e+00	
   6.0999999999999999e-01	   1.6192548551418007e-01	   1.0000000000000000e+00	
   6.2000000000000000e-01	   1.4946200146723299e-01	   1.0000000000000000e+00	
   6.3000000000000000e-01	   1.3716258103108614e-01	   1.0000000000000000e+00	
   6.4000000000000001e-01	   1.2540880039192159e-01	   1.0000000000000000e+00	
   6.5000000000000002e-01	   1.1555195495378423e-01	   1.0000000000000000e+00	
   6.6000000000000003e-01	   1.0582293388958042e-01	   1.0000000000000000e+00	
   6.7000000000000004e-01	   9.6296415923025735e-02	   1.0000000000000000e+00	
   6.7999999999999994e-01	   8.7037688475168462e-02	   1.0000000000000000e+00	
   6.8999999999999995e-01	   7.8102852737053308e-02	   1.0000000000000000e+00	
   6.9999999999999996e-01	   7.0318532185430271e-02	   1.0000000000000000e+00	
   7.0999999999999996e-01	   6.3323323442193047e-02	   1.0000000000000000e+00	
   7.1999999999999997e-01	   5.6589615487637968e-02	   1.0000000000000000e+00	
   7.2999999999999998e-01	   5.0154085412956961e-02	   1.0000000000000000e+00	
   7.3999999999999999e-01	   4.4046812026939053e-02	   1.0000000000000000e+00	
   7.5000000000000000e-01	   3.8333246277719502e-02	   1.0000000000000000e+00	
   7.6000000000000001e-01	   3.4792298491967522e-02	   1.0000000000000000e+00	
   7.7000000000000002e-01	   3.4659037397699155e-02	   1.0000000000000000e+00	
   7.8000000000000003e-01	   3.4202454687948802e-02	   1.0000000000000000e+00	
   7.9000000000000004e-01	   3.3453718191863602e-02	   1.0000000000000000e+00	
   8.0000000000000004e-01	   3.2444313691801452e-02	   1.0000000000000000e+00	
   8.1000000000000005e-01	   3.1445946452201556e-02	   1.0000000000000000e+00	
   8.2000000000000006e-01	   3.0437158706713596e-02	   1.0000000000000000e+00	
   8.3000000000000007e-01	   2.9191899526155418e-02	   1.0000000000000000e+00	
   8.4000000000000008e-01	   2.7743718421674779e-02	   1.0000000000000000e+00	
   8.5000000000000009e-01	   2.6125612913796115e-02	   1.0000000000000000e+00	
   8.5999999999999999e-01	   2.4369816106105890e-02	   1.0000000000000000e+00	
   8.7000000000000000e-01	   2.2780234154227363e-02	   1.0000000000000000e+00	
   8.8000000000000000e-01	   2.1071664319364358e-02	   1.0000000000000000e+00	
   8.9000000000000001e-01	   1.9260697039062413e-02	   1.0000000000000000e+00	
   9.0000000000000002e-01	   1.7377553900356335e-02	   1.0000000000000000e+00	
   9.1000000000000003e-01	   1.5450983545146957e-02	   1.0000000000000000e+00	
   9.1999999999999993e-01	   1.3571723145904047e-02	   1.0000000000000000e+00	
   9.2999999999999994e-01	   1.1761105137153449e-02	   1.0000000000000000e+00	
   9.3999999999999995e-01	   9.9390851102678646e-03	   1.0000000000000000e+00	
   9.4999999999999996e-01	   8.1301005850147323e-03	   1.0000000000000000e+00	
   9.5999999999999996e-01	   6.3567101294206285e-03	   1.0000000000000000e+00	
   9.6999999999999997e-01	   4.6395041580389318e-03	   1.0000000000000000e+00	
   9.7999999999999998e-01	   3.0257874002252994e-03	   1.0000000000000000e+00	
   9.8999999999999999e-01	   1.4758105427938872e-03	   1.0000000000000000e+00	
   1.0000000000000000e+00	   2.2204460492503131e-16	   1.0000000000000000e+00	
   1.0100000000000000e+00	   1.3863771141160441e-03	   1.0000000000000000e+00	
   1.0200000000000000e+00	   2.6700642037618127e-03	   1.0000000000000000e+00	
   1.0300000000000000e+00	   3.8539474132306406e-03	   1.0000000000000000e+00	
   1.0400000000000000e+00	   4.9603635430530701e-03	   1.0000000000000000e+00	
   1.0500000000000000e+00	   5.9593675434563842e-03	   1.0000000000000000e+00	
   1.0600000000000001e+00	   6.8427593023034916e-03	   1.0000000000000000e+00	
   1.0700000000000001e+00	   7.6041672875095667e-03	   1.0000000000000000e+00	
   1.0800000000000001e+00	   8.2390127776348354e-03	   1.0000000000000000e+00	
   1.0899999999999999e+00	   8.8292016866486911e-03	   1.0000000000000000e+00	
   1.1000000000000001e+00	   9.3249427273980334e-03	   1.0000000000000000e+00	
   1.1099999999999999e+00	   9.7035723674485652e-03	   1.0000000000000000e+00	
   1.1200000000000001e+00	   9.9643241489766332e-03	   1.0000000000000000e+00	
   1.1299999999999999e+00	   1.0107866443691993e-02	   1.0000000000000000e+00	
   1.1400000000000001e+00	   1.0172941999032181e-02	   1.0000000000000000e+00	
   1.1499999999999999e+00	   1.0235120939601439e-02	   1.0000000000000000e+00	
   1.1600000000000001e+00	   1.0197011039836168e-02	   1.0000000000000000e+00	
   1.1699999999999999e+00	   1.0061723105641018e-02	   1.0000000000000000e+00	
   1.1800000000000002e+00	   9.8333869057203316e-03	   1.0000000000000000e+00	
   1.1899999999999999e+00	   9.5170608725492212e-03	   1.0000000000000000e+00	
   1.2000000000000002e+00	   9.2364023425963726e-03	   1.0000000000000000e+00	
   1.2100000000000000e+00	   8.9238416391339559e-03	   1.0000000000000000e+00	
   1.2200000000000000e+00	   8.5433285601557163e-03	   1.0000000000000000e+00	
   1.2300000000000000e+00	   8.1006128419676138e-03	   1.0000000000000000e+00	
   1.2400000000000000e+00	   7.6019648124863171e-03	   1.0000000000000000e+00	
   1.2500000000000000e+00	   7.1438028696986233e-03	   1.0000000000000000e+00	
   1.2600000000000000e+00	   7.6220647378101303e-03	   1.0000000000000000e+00	
   1.2700000000000000e+00	   8.0482405616022490e-03	   1.0000000000000000e+00	
   1.2800000000000000e+00	   8.4187564703216422e-03	   1.0000000000000000e+00	
   1.2900000000000000e+00	   8.7307767015811777e-03	   1.0000000000000000e+00	
   1.3000000000000000e+00	   8.9822036464006771e-03	   1.0000000000000000e+00	
   1.3100000000000001e+00	   9.2779828638740458e-03	   1.0000000000000000e+00	
   1.3200000000000001e+00	   9.5469803413041898e-03	   1.0000000000000000e+00	
   1.3300000000000001e+00	   9.7469752272517640e-03	   1.0000000000000000e+00	
   1.3399999999999999e+00	   9.8775717818622155e-03	   1.0000000000000000e+00	
   1.3500000000000001e+00	   9.9391383895397478e-03	   1.0000000000000000e+00	
   1.3599999999999999e+00	   9.9654117334734282e-03	   1.0000000000000000e+00	
   1.3700000000000001e+00	   1.0021083611306936e-02	   1.0000000000000000e+00	
   1.3799999999999999e+00	   1.0005133031638191e-02	   1.0000000000000000e+00	
   1.3900000000000001e+00	   9.9197620996636093e-03	   1.0000000000000000e+00	
   1.3999999999999999e+00	   9.7678591266785464e-03	   1.0000000000000000e+00	
   1.4100000000000001e+00	   9.5529506793344821e-03	   1.0000000000000000e+00	
   1.4199999999999999e+00	   9.3673798908068262e-03	   1.0000000000000000e+00	
   1.4300000000000002e+00	   9.1409801308793837e-03	   1.0000000000000000e+00	
   1.4399999999999999e+00	   8.8557480872354377e-03	   1.0000000000000000e+00	
   1.4500000000000002e+00	   8.5166326060732711e-03	   1.0000000000000000e+00	
   1.4600000000000000e+00	   8.1290346447898676e-03	   1.0000000000000000e+00	
   1.4700000000000000e+00	   7.7363082435384367e-03	   1.0000000000000000e+00	
   1.4800000000000000e+00	   7.3505381052362262e-03	   1.0000000000000000e+00	
   1.4900000000000000e+00	   6.9244365099997429e-03	   1.0000000000000000e+00	
   1.5000000000000000e+00	   1.0526897391778367e-02	   1.0000000000000000e+00	
   1.5100000000000000e+00	   5.8549868133130900e-03	   2.0000000000000000e+00	
   1.5200000000000000e+00	   4.8566089020107839e-04	   2.0000000000000000e+00	
   1.5300000000000000e+00	   4.9934014081065570e-04	   2.0000000000000000e+00	
   1.5400000000000000e+00	   5.0944021008803020e-04	   2.0000000000000000e+00	
   1.5500000000000000e+00	   5.1585281352006795e-04	   2.0000000000000000e+00	
   1.5600000000000001e+00	   5.1851864451424312e-04	   2.0000000000000000e+00	
   1.5700000000000001e+00	   5.1742651115982419e-04	   2.0000000000000000e+00	
   1.5800000000000001e+00	   5.1509759990620019e-04	   2.0000000000000000e+00	
   1.5900000000000001e+00	   5.1271977533384749e-04	   2.0000000000000000e+00	
   1.6000000000000001e+00	   5.0688045899582868e-04	   2.0000000000000000e+00	
   1.6100000000000001e+00	   4.9767072555928493e-04	   2.0000000000000000e+00	
   1.6200000000000001e+00	   4.8522020679220290e-04	   2.0000000000000000e+00	
   1.6300000000000001e+00	   4.6969443331734695e-04	   2.0000000000000000e+00	
   1.6400000000000001e+00	   4.5610421353270425e-04	   2.0000000000000000e+00	
   1.6500000000000001e+00	   4.4115710159053911e-04	   2.0000000000000000e+00	
   1.6599999999999999e+00	   4.2368102609202651e-04	   2.0000000000000000e+00	
   1.6699999999999999e+00	   4.0389124256057229e-04	   2.0000000000000000e+00	
   1.6799999999999999e+00	   3.8202540896370429e-04	   2.0000000000000000e+00	
   1.6899999999999999e+00	   3.5939587257560746e-04	   2.0000000000000000e+00	
   1.7000000000000000e+00	   3.3996544214365265e-04	   2.0000000000000000e+00	
   1.7100000000000000e+00	   3.1903839176283810e-04	   2.0000000000000000e+00	
   1.7200000000000000e+00	   2.9685523220823740e-04	   2.0000000000000000e+00	
   1.7300000000000000e+00	   2.7366592986832750e-04	   2.0000000000000000e+00	
   1.7400000000000000e+00	   2.4972685755630941e-04	   2.0000000000000000e+00	
   1.7500000000000000e+00	   2.4612174865934477e-04	   2.0000000000000000e+00	
   1.7600000000000000e+00	   2.5495341157555362e-04	   2.0000000000000000e+00	
   1.7700000000000000e+00	   2.6141160141190944e-04	   2.0000000000000000e+00	
   1.7800000000000000e+00	   2.5968525208042159e-04	   3.0000000000000000e+00	
   1.7900000000000000e+00	   2.4713084041794176e-04	   3.0000000000000000e+00	
   1.8000000000000000e+00	   2.3312369247208142e-04	   3.0000000000000000e+00	
   1.8100000000000001e+00	   2.1979233747082549e-04	   3.0000000000000000e+00	
   1.8200000000000001e+00	   2.0695021117311807e-04	   3.0000000000000000e+00	
   1.8300000000000001e+00	   1.9300371623542922e-04	   3.0000000000000000e+00	
   1.8400000000000001e+00	   1.7829413827907814e-04	   3.0000000000000000e+00	
   1.8500000000000001e+00	   1.6312996099299149e-04	   3.0000000000000000e+00	
   1.8600000000000001e+00	   1.4778714660768077e-04	   3.0000000000000000e+00	
   1.8700000000000001e+00	   1.3419147836357670e-04	   3.0000000000000000e+00	
   1.8800000000000001e+00	   1.2049645303635614e-04	   3.0000000000000000e+00	
   1.8900000000000001e+00	   1.0686152621952605e-04	   3.0000000000000000e+00	
   1.9000000000000001e+00	   9.3490799933371171e-05	   3.0000000000000000e+00	
   1.9099999999999999e+00	   8.0558952913256654e-05	   3.0000000000000000e+00	
   1.9199999999999999e+00	   6.8563655979736460e-05	   3.0000000000000000e+00	
   1.9299999999999999e+00	   5.7522461614167852e-05	   3.0000000000000000e+00	
   1.9399999999999999e+00	   4.7026411421513536e-05	   3.0000000000000000e+00	
   1.9500000000000000e+00	   3.7183986085875809e-05	   3.0000000000000000e+00	
   1.9600000000000000e+00	   2.8079892942955986e-05	   3.0000000000000000e+00	
   1.9700000000000000e+00	   1.9776652277925244e-05	   3.0000000000000000e+00	
   1.9800000000000000e+00	   1.2443765058489653e-05	   3.0000000000000000e+00	
   1.9900000000000000e+00	   5.8458459955001985e-06	   3.0000000000000000e+00	
   2.0000000000000000e+00	   2.2204460492503131e-16	   2.0000000000000000e+00	
   2.0099999999999998e+00	   5.0768341421925101e-06	   3.0000000000000000e+00	
   2.0200000000000000e+00	   9.3830512370995933e-06	   3.0000000000000000e+00	
   2.0300000000000002e+00	   1.2994573688196454e-05	   3.0000000000000000e+00	
   2.0400000000000000e+00	   1.6003564466515741e-05	   3.0000000000000000e+00	
   2.0499999999999998e+00	   1.8365523294816555e-05	   3.0000000000000000e+00	
   2.0600000000000001e+00	   2.0105433282235907e-05	   3.0000000000000000e+00	
   2.0700000000000003e+00	   2.1257146281872252e-05	   3.0000000000000000e+00	
   2.0800000000000001e+00	   2.1861926172483948e-05	   3.0000000000000000e+00	
   2.0899999999999999e+00	   2.2238775094995944e-05	   3.0000000000000000e+00	
   2.1000000000000001e+00	   2.2177643694831772e-05	   3.0000000000000000e+00	
   2.1100000000000003e+00	   2.1720259155699750e-05	   3.0000000000000000e+00	
   2.1200000000000001e+00	   2.0913504413577755e-05	   3.0000000000000000e+00	
   2.1299999999999999e+00	   1.9806794614218859e-05	   3.0000000000000000e+00	
   2.1400000000000001e+00	   1.8624457474025746e-05	   3.0000000000000000e+00	
   2.1500000000000004e+00	   1.7322314367351765e-05	   3.0000000000000000e+00	
   2.1600000000000001e+00	   1.5846448059964047e-05	   3.0000000000000000e+00	
   2.1699999999999999e+00	   1.4240635440643246e-05	   3.0000000000000000e+00	
   2.1799999999999997e+00	   1.2547999880707650e-05	   3.0000000000000000e+00	
   2.1899999999999999e+00	   1.0921738803348902e-05	   3.0000000000000000e+00	
   2.2000000000000002e+00	   9.3612631097972354e-06	   3.0000000000000000e+00	
   2.2100000000000000e+00	   7.7939192704157279e-06	   3.0000000000000000e+00	
   2.2199999999999998e+00	   6.2515853755940043e-06	   3.0000000000000000e+00	
   2.2300000000000000e+00	   4.8702397233979511e-06	   3.0000000000000000e+00	
   2.2400000000000002e+00	   4.3825680330344952e-06	   3.0000000000000000e+00	
   2.2500000000000000e+00	   3.7159622509053136e-06	   3.0000000000000000e+00	
   2.2599999999999998e+00	   2.9346886659675775e-06	   3.0000000000000000e+00	
   2.2700000000000000e+00	   2.1137630583645262e-06	   3.0000000000000000e+00	
   2.2800000000000002e+00	   1.5348822589578148e-06	   3.0000000000000000e+00	
   2.2900000000000000e+00	   1.7530579023983250e-06	   3.0000000000000000e+00	
   2.2999999999999998e+00	   2.2203314899993387e-06	   3.0000000000000000e+00	
   2.3100000000000001e+00	   3.1117650498568850e-06	   3.0000000000000000e+00	
   2.3200000000000003e+00	   4.5297559485568684e-06	   3.0000000000000000e+00	
   2.3300000000000001e+00	   5.9678544159780245e-06	   3.0000000000000000e+00	
   2.3399999999999999e+00	   7.4995479690809219e-06	   3.0000000000000000e+00	
   2.3500000000000001e+00	   9.0997695401107137e-06	   3.0000000000000000e+00	
   2.3600000000000003e+00	   1.0683559125368447e-05	   3.0000000000000000e+00	
   2.3700000000000001e+00	   1.2227302132128415e-05	   3.0000000000000000e+00	
   2.3799999999999999e+00	   1.3721479096728828e-05	   3.0000000000000000e+00	
   2.3900000000000001e+00	   1.5339063287989063e-05	   3.0000000000000000e+00	
   2.4000000000000004e+00	   1.6878453152457951e-05	   3.0000000000000000e+00	
   2.4100000000000001e+00	   1.8318544406259463e-05	   3.0000000000000000e+00	
   2.4199999999999999e+00	   1.9640209563576150e-05	   3.0000000000000000e+00	
   2.4299999999999997e+00	   2.0826497105552733e-05	   3.0000000000000000e+00	
   2.4399999999999999e+00	   2.2099840160327844e-05	   3.0000000000000000e+00	
   2.4500000000000002e+00	   2.3254402965466880e-05	   3.0000000000000000e+00	
   2.4600000000000000e+00	   2.4248672991777909e-05	   3.0000000000000000e+00	
   2.4699999999999998e+00	   2.5071504688556345e-05	   3.0000000000000000e+00	
   2.4800000000000000e+00	   2.5714355972539238e-05	   3.0000000000000000e+00	
   2.4900000000000002e+00	   2.6314904725044386e-05	   3.0000000000000000e+00	
   2.5000000000000000e+00	   2.2715958406749337e-05	   3.0000000000000000e+00	
   2.5100000000000002e+00	   9.8634431600075345e-07	   4.0000000000000000e+00	
   2.5200000000000000e+00	   9.4452944554568319e-07	   4.0000000000000000e+00	
   2.5300000000000002e+00	   8.9671644265543193e-07	   4.0000000000000000e+00	
   2.5400000000000000e+00	   8.4372709729940709e-07	   4.0000000000000000e+00	
   2.5499999999999998e+00	   7.8643011414136765e-07	   4.0000000000000000e+00	
   2.5600000000000001e+00	   7.2947179252658145e-07	   4.0000000000000000e+00	
   2.5699999999999998e+00	   6.7535748238256588e-07	   4.0000000000000000e+00	
   2.5800000000000001e+00	   6.1858365962841333e-07	   4.0000000000000000e+00	
   2.5899999999999999e+00	   5.5999484360746976e-07	   4.0000000000000000e+00	
   2.6000000000000001e+00	   5.0042697585794826e-07	   4.0000000000000000e+00	
   2.6099999999999999e+00	   4.4577461166817045e-07	   4.0000000000000000e+00	
   2.6200000000000001e+00	   3.9339534674276422e-07	   4.0000000000000000e+00	
   2.6299999999999999e+00	   3.4126721581984043e-07	   4.0000000000000000e+00	
   2.6400000000000001e+00	   2.9006382806784359e-07	   4.0000000000000000e+00	
   2.6499999999999999e+00	   2.4357231520610867e-07	   4.0000000000000000e+00	
   2.6600000000000001e+00	   2.0143111267856284e-07	   4.0000000000000000e+00	
   2.6699999999999999e+00	   1.6089776777583609e-07	   4.0000000000000000e+00	
   2.6800000000000002e+00	   1.2959641992882354e-07	   4.0000000000000000e+00	
   2.6899999999999999e+00	   1.2701288087946239e-07	   4.0000000000000000e+00	
   2.7000000000000002e+00	   1.2075079025564150e-07	   4.0000000000000000e+00	
   2.7100000000000000e+00	   1.1531812948994968e-07	   4.0000000000000000e+00	
   2.7200000000000002e+00	   1.0802654737407380e-07	   4.0000000000000000e+00	
   2.7300000000000000e+00	   1.0191361143885302e-07	   4.0000000000000000e+00	
   2.7400000000000002e+00	   9.7356185335684131e-08	   4.0000000000000000e+00	
   2.7500000000000000e+00	   9.4690185248325065e-08	   4.0000000000000000e+00	
   2.7600000000000002e+00	   9.3949274804216998e-08	   4.0000000000000000e+00	
   2.7700000000000000e+00	   9.4225790503443818e-08	   4.0000000000000000e+00	
   2.7800000000000002e+00	   9.3946754375906494e-08	   4.0000000000000000e+00	
   2.7900000000000000e+00	   9.2597688294837610e-08	   4.0000000000000000e+00	
   2.8000000000000003e+00	   9.0656827267387996e-08	   4.0000000000000000e+00	
   2.8100000000000001e+00	   8.7443271956644253e-08	   4.0000000000000000e+00	
   2.8199999999999998e+00	   8.1919108718686573e-08	   4.0000000000000000e+00	
   2.8300000000000001e+00	   9.5294751201180361e-08	   4.0000000000000000e+00	
   2.8399999999999999e+00	   1.0732472177643615e-07	   4.0000000000000000e+00	
   2.8500000000000001e+00	   1.1707443525743599e-07	   4.0000000000000000e+00	
   2.8599999999999999e+00	   1.2540246108194708e-07	   4.0000000000000000e+00	
   2.8700000000000001e+00	   1.3283399424857123e-07	   4.0000000000000000e+00	
   2.8799999999999999e+00	   1.3746617311127807e-07	   4.0000000000000000e+00	
   2.8900000000000001e+00	   1.3922020758450060e-07	   4.0000000000000000e+00	
   2.8999999999999999e+00	   1.3813064381196227e-07	   4.0000000000000000e+00	
   2.9100000000000001e+00	   1.3620329042396406e-07	   4.0000000000000000e+00	
   2.9199999999999999e+00	   1.3117687358565888e-07	   4.0000000000000000e+00	
   2.9300000000000002e+00	   1.2312899033695146e-07	   4.0000000000000000e+00	
   2.9399999999999999e+00	   1.1219517537242041e-07	   4.0000000000000000e+00	
   2.9500000000000002e+00	   9.8837274586927037e-08	   4.0000000000000000e+00	
   2.9600000000000000e+00	   8.3772435877094154e-08	   4.0000000000000000e+00	
   2.9700000000000002e+00	   6.0283786851300647e-08	   5.0000000000000000e+00	
   2.9800000000000000e+00	   3.6566744854305000e-08	   5.0000000000000000e+00	
   2.9900000000000002e+00	   1.6522161083720732e-08	   5.0000000000000000e+00	
   3.0000000000000000e+00	   2.2204460492503131e-16	   1.0000000000000000e+00	
   3.0100000000000002e+00	   1.3184771496810299e-08	   5.0000000000000000e+00	
   3.0200000000000000e+00	   2.3265398052529918e-08	   5.0000000000000000e+00	
   3.0300000000000002e+00	   3.0709549569962746e-08	   5.0000000000000000e+00	
   3.0400000000000000e+00	   3.5868457759491434e-08	   5.0000000000000000e+00	
   3.0500000000000003e+00	   3.8865267448784380e-08	   5.0000000000000000e+00	
   3.0600000000000001e+00	   3.9959632713859605e-08	   5.0000000000000000e+00	
   3.0699999999999998e+00	   3.9421523156946137e-08	   5.0000000000000000e+00	
   3.0800000000000001e+00	   3.7699048771600019e-08	   5.0000000000000000e+00	
   3.0899999999999999e+00	   3.5181237478809635e-08	   5.0000000000000000e+00	
   3.1000000000000001e+00	   3.1768986108460240e-08	   5.0000000000000000e+00	
   3.1099999999999999e+00	   2.7683651593335412e-08	   5.0000000000000000e+00	
   3.1200000000000001e+00	   2.3136488946917666e-08	   5.0000000000000000e+00	
   3.1299999999999999e+00	   1.8616554520178852e-08	   5.0000000000000000e+00	
   3.1400000000000001e+00	   1.4008782800445374e-08	   5.0000000000000000e+00	
   3.1499999999999999e+00	   9.3671879142220860e-09	   5.0000000000000000e+00	
   3.1600000000000001e+00	   5.1391357835939289e-09	   5.0000000000000000e+00	
   3.1699999999999999e+00	   3.3807286969889105e-09	   5.0000000000000000e+00	
   3.1800000000000002e+00	   4.5469346066084881e-09	   5.0000000000000000e+00	
   3.1899999999999999e+00	   7.3755402896225064e-09	   5.0000000000000000e+00	
   3.2000000000000002e+00	   1.0170163378120378e-08	   5.0000000000000000e+00	
   3.2100000000000000e+00	   1.2759245326954272e-08	   5.0000000000000000e+00	
   3.2200000000000002e+00	   1.4799149905542208e-08	   5.0000000000000000e+00	
   3.2300000000000000e+00	   1.6368663091625990e-08	   5.0000000000000000e+00	
   3.2400000000000002e+00	   1.7705814592261504e-08	   5.0000000000000000e+00	
   3.2500000000000000e+00	   1.8555042391454890e-08	   5.0000000000000000e+00	
   3.2600000000000002e+00	   1.8930817913265230e-08	   5.0000000000000000e+00	
   3.2700000000000000e+00	   1.8858242745167786e-08	   5.0000000000000000e+00	
   3.2800000000000002e+00	   2.0074855333618302e-08	   5.0000000000000000e+00	
   3.2900000000000000e+00	   2.2395404419839338e-08	   5.0000000000000000e+00	
   3.3000000000000003e+00	   2.4480468097110020e-08	   5.0000000000000000e+00	
   3.3100000000000001e+00	   2.6287364285337844e-08	   5.0000000000000000e+00	
   3.3199999999999998e+00	   2.7781638101131989e-08	   5.0000000000000000e+00	
   3.3300000000000001e+00	   2.8944028063193628e-08	   5.0000000000000000e+00	
   3.3399999999999999e+00	   3.0188936017694346e-08	   5.0000000000000000e+00	
   3.3500000000000001e+00	   3.1048367876707061e-08	   5.0000000000000000e+00	
   3.3599999999999999e+00	   3.1510914766386122e-08	   5.0000000000000000e+00	
   3.3700000000000001e+00	   3.1574402203915497e-08	   5.0000000000000000e+00	
   3.3799999999999999e+00	   3.1245511511457380e-08	   5.0000000000000000e+00	
   3.3900000000000001e+00	   3.0539236028914729e-08	   5.0000000000000000e+00	
   3.3999999999999999e+00	   2.9697608150414112e-08	   5.0000000000000000e+00	
   3.4100000000000001e+00	   2.8569429710856298e-08	   5.0000000000000000e+00	
   3.4199999999999999e+00	   2.7092052157229318e-08	   5.0000000000000000e+00	
   3.4300000000000002e+00	   2.5301566841662293e-08	   5.0000000000000000e+00	
   3.4399999999999999e+00	   2.3239635549288096e-08	   5.0000000000000000e+00	
   3.4500000000000002e+00	   2.0952455326295194e-08	   5.0000000000000000e+00	
   3.4600000000000000e+00	   1.8489690223333355e-08	   5.0000000000000000e+00	
   3.4700000000000002e+00	   1.5903378391968204e-08	   5.0000000000000000e+00	
   3.4800000000000000e+00	   1.3246854946302733e-08	   5.0000000000000000e+00	
   3.4900000000000002e+00	   1.0573684150472218e-08	   5.0000000000000000e+00	
   3.5000000000000000e+00	   2.0435562131382312e-08	   5.0000000000000000e+00	
   3.5100000000000002e+00	   8.8081997251521216e-10	   6.0000000000000000e+00	
   3.5200000000000000e+00	   1.0241365533403268e-09	   6.0000000000000000e+00	
   3.5300000000000002e+00	   1.1511204212055759e-09	   6.0000000000000000e+00	
   3.5400000000000000e+00	   1.2706228291747834e-09	   6.0000000000000000e+00	
   3.5500000000000003e+00	   1.3843696189397292e-09	   6.0000000000000000e+00	
   3.5600000000000001e+00	   1.4796169844899509e-09	   6.0000000000000000e+00	
   3.5700000000000003e+00	   1.5554749710489091e-09	   6.0000000000000000e+00	
   3.5800000000000001e+00	   1.6246392009477972e-09	   6.0000000000000000e+00	
   3.5899999999999999e+00	   1.6842122141369487e-09	   6.0000000000000000e+00	
   3.6000000000000001e+00	   1.7244999872545463e-09	   6.0000000000000000e+00	
   3.6099999999999999e+00	   1.7455289436085764e-09	   6.0000000000000000e+00	
   3.6200000000000001e+00	   1.7476342595301730e-09	   6.0000000000000000e+00	
   3.6299999999999999e+00	   1.7536936347539722e-09	   6.0000000000000000e+00	
   3.6400000000000001e+00	   1.7438375188305599e-09	   6.0000000000000000e+00	
   3.6499999999999999e+00	   1.7174930366792296e-09	   6.0000000000000000e+00	
   3.6600000000000001e+00	   1.6756271925544297e-09	   6.0000000000000000e+00	
   3.6699999999999999e+00	   1.6194073859665536e-09	   6.0000000000000000e+00	
   3.6800000000000002e+00	   1.5698055078061657e-09	   6.0000000000000000e+00	
   3.6899999999999999e+00	   1.5112312512499670e-09	   6.0000000000000000e+00	
   3.7000000000000002e+00	   1.4418284344230869e-09	   6.0000000000000000e+00	
   3.7100000000000000e+00	   1.3629910533552447e-09	   6.0000000000000000e+00	
   3.7200000000000002e+00	   1.2761977030706362e-09	   6.0000000000000000e+00	
   3.7300000000000000e+00	   1.1933980470502092e-09	   6.0000000000000000e+00	
   3.7400000000000002e+00	   1.1147629486174537e-09	   6.0000000000000000e+00	
   3.7500000000000000e+00	   1.0314311627013240e-09	   6.0000000000000000e+00	
   3.7600000000000002e+00	   9.4474161826951786e-10	   6.0000000000000000e+00	
   3.7700000000000000e+00	   8.5601992161343787e-10	   6.0000000000000000e+00	
   3.7800000000000002e+00	   7.6655681802151321e-10	   6.0000000000000000e+00	
   3.7900000000000000e+00	   7.8221429333780179e-10	   6.0000000000000000e+00	
   3.8000000000000003e+00	   7.9161521782111777e-10	   6.0000000000000000e+00	
   3.8100000000000001e+00	   7.9173667622001176e-10	   6.0000000000000000e+00	
   3.8200000000000003e+00	   7.8302919703787666e-10	   6.0000000000000000e+00	
   3.8300000000000001e+00	   7.6606054832950576e-10	   6.0000000000000000e+00	
   3.8399999999999999e+00	   7.4450379194956895e-10	   6.0000000000000000e+00	
   3.8500000000000001e+00	   7.2357941860445862e-10	   6.0000000000000000e+00	
   3.8599999999999999e+00	   6.9488215181934265e-10	   6.0000000000000000e+00	
   3.8700000000000001e+00	   6.5928507098078626e-10	   6.0000000000000000e+00	
   3.8799999999999999e+00	   6.1772209569710412e-10	   6.0000000000000000e+00	
   3.8900000000000001e+00	   5.7117310880983041e-10	   6.0000000000000000e+00	
   3.8999999999999999e+00	   5.2285864526879777e-10	   6.0000000000000000e+00	
   3.9100000000000001e+00	   4.7466008901153600e-10	   6.0000000000000000e+00	
   3.9199999999999999e+00	   4.2296299795907544e-10	   6.0000000000000000e+00	
   3.9300000000000002e+00	   3.6881586673587208e-10	   6.0000000000000000e+00	
   3.9399999999999999e+00	   3.1324098870300077e-10	   6.0000000000000000e+00	
   3.9500000000000002e+00	   2.5722135532646462e-10	   6.0000000000000000e+00	
   3.9600000000000000e+00	   2.0192314487132990e-10	   6.0000000000000000e+00	
   3.9700000000000002e+00	   1.4910717105465210e-10	   6.0000000000000000e+00	
   3.9800000000000000e+00	   9.7329255765998823e-11	   6.0000000000000000e+00	
   3.9900000000000002e+00	   4.4932169096512098e-11	   7.0000000000000000e+00	
   4.0000000000000000e+00	   2.2204460492503131e-16	   1.0000000000000000e+00	
   4.0099999999999998e+00	   3.3391511777836058e-11	   7.0000000000000000e+00	
   4.0199999999999996e+00	   5.6595395037106755e-11	   7.0000000000000000e+00	
   4.0300000000000002e+00	   7.1604500107014246e-11	   7.0000000000000000e+00	
   4.0400000000000000e+00	   7.9631856664263978e-11	   7.0000000000000000e+00	
   4.0500000000000007e+00	   8.1615825209269133e-11	   7.0000000000000000e+00	
   4.0600000000000005e+00	   7.8673290104802618e-11	   7.0000000000000000e+00	
   4.0700000000000003e+00	   7.1873840212788309e-11	   7.0000000000000000e+00	
   4.0800000000000001e+00	   6.3105742853508673e-11	   7.0000000000000000e+00	
   4.0899999999999999e+00	   5.2326587507423028e-11	   7.0000000000000000e+00	
   4.0999999999999996e+00	   4.0168091075543089e-11	   7.0000000000000000e+00	
   4.1099999999999994e+00	   2.7775115540862316e-11	   7.0000000000000000e+00	
   4.1200000000000001e+00	   1.5609291637019851e-11	   7.0000000000000000e+00	
   4.1299999999999999e+00	   7.7103878837192497e-12	   7.0000000000000000e+00	
   4.1400000000000006e+00	   1.2372214364120282e-11	   7.0000000000000000e+00	
   4.1500000000000004e+00	   2.1086687951310523e-11	   7.0000000000000000e+00	
   4.1600000000000001e+00	   2.9628188791264165e-11	   7.0000000000000000e+00	
   4.1699999999999999e+00	   3.7235881045205588e-11	   7.0000000000000000e+00	
   4.1799999999999997e+00	   4.3201109356516554e-11	   7.0000000000000000e+00	
   4.1899999999999995e+00	   4.8302695176971611e-11	   7.0000000000000000e+00	
   4.2000000000000002e+00	   5.2029380803730874e-11	   7.0000000000000000e+00	
   4.2100000000000000e+00	   5.4289683859565230e-11	   7.0000000000000000e+00	
   4.2200000000000006e+00	   5.5172866275654542e-11	   7.0000000000000000e+00	
   4.2300000000000004e+00	   5.4957371986574799e-11	   7.0000000000000000e+00	
   4.2400000000000002e+00	   5.4409365901619822e-11	   7.0000000000000000e+00	
   4.2500000000000000e+00	   5.2916671045011299e-11	   7.0000000000000000e+00	
   4.2599999999999998e+00	   5.0630166725795789e-11	   7.0000000000000000e+00	
   4.2699999999999996e+00	   4.7711279371753790e-11	   7.0000000000000000e+00	
   4.2799999999999994e+00	   4.4327541637301238e-11	   7.0000000000000000e+00	
   4.2900000000000000e+00	   4.0647374355273769e-11	   7.0000000000000000e+00	
   4.2999999999999998e+00	   3.9699354914546348e-11	   7.0000000000000000e+00	
   4.3100000000000005e+00	   3.9021452735710227e-11	   7.0000000000000000e+00	
   4.3200000000000003e+00	   3.7535086150342067e-11	   7.0000000000000000e+00	
   4.3300000000000001e+00	   3.5294211997438651e-11	   7.0000000000000000e+00	
   4.3399999999999999e+00	   3.2369218416761214e-11	   7.0000000000000000e+00	
   4.3499999999999996e+00	   2.8846924848835442e-11	   7.0000000000000000e+00	
   4.3599999999999994e+00	   2.4826807276667751e-11	   7.0000000000000000e+00	
   4.3700000000000001e+00	   2.0418999824300954e-11	   7.0000000000000000e+00	
   4.3799999999999999e+00	   1.7173595878716696e-11	   7.0000000000000000e+00	
   4.3900000000000006e+00	   1.7298162902079639e-11	   7.0000000000000000e+00	
   4.4000000000000004e+00	   1.8309687099815619e-11	   7.0000000000000000e+00	
   4.4100000000000001e+00	   2.0808021972129609e-11	   7.0000000000000000e+00	
   4.4199999999999999e+00	   2.4673374454664554e-11	   7.0000000000000000e+00	
   4.4299999999999997e+00	   2.9282021252186041e-11	   7.0000000000000000e+00	
   4.4399999999999995e+00	   3.4721892028244383e-11	   7.0000000000000000e+00	
   4.4499999999999993e+00	   4.0414671609312336e-11	   7.0000000000000000e+00	
   4.4600000000000000e+00	   4.6066039871561770e-11	   7.0000000000000000e+00	
   4.4699999999999998e+00	   5.1547544011043556e-11	   7.0000000000000000e+00	
   4.4800000000000004e+00	   5.6738391762678475e-11	   7.0000000000000000e+00	
   4.4900000000000002e+00	   6.1524008110325212e-11	   7.0000000000000000e+00	
   4.5000000000000000e+00	   7.7102546569562946e-11	   7.0000000000000000e+00	
   4.5099999999999998e+00	   3.9391823136725179e-12	   8.0000000000000000e+00	
   4.5199999999999996e+00	   3.9998004908170515e-12	   8.0000000000000000e+00	
   4.5299999999999994e+00	   4.0186742822356791e-12	   8.0000000000000000e+00	
   4.5400000000000000e+00	   4.0323300254385686e-12	   8.0000000000000000e+00	
   4.5499999999999998e+00	   4.0152325908593411e-12	   8.0000000000000000e+00	
   4.5600000000000005e+00	   3.9616088187699461e-12	   8.0000000000000000e+00	
   4.5700000000000003e+00	   3.8752334674541089e-12	   8.0000000000000000e+00	
   4.5800000000000001e+00	   3.7584380052635424e-12	   8.0000000000000000e+00	
   4.5899999999999999e+00	   3.6156633242967473e-12	   8.0000000000000000e+00	
   4.5999999999999996e+00	   3.4771074908235278e-12	   8.0000000000000000e+00	
   4.6099999999999994e+00	   3.3248959141474188e-12	   8.0000000000000000e+00	
   4.6200000000000001e+00	   3.1554758805896199e-12	   8.0000000000000000e+00	
   4.6299999999999999e+00	   2.9736213491560193e-12	   8.0000000000000000e+00	
   4.6400000000000006e+00	   2.7834401450377300e-12	   8.0000000000000000e+00	
   4.6500000000000004e+00	   2.5897062272406401e-12	   8.0000000000000000e+00	
   4.6600000000000001e+00	   2.3949731087213877e-12	   8.0000000000000000e+00	
   4.6699999999999999e+00	   2.2039037261833982e-12	   8.0000000000000000e+00	
   4.6799999999999997e+00	   2.0192736371882347e-12	   8.0000000000000000e+00	
   4.6899999999999995e+00	   1.8498536036304358e-12	   8.0000000000000000e+00	
   4.6999999999999993e+00	   1.6880941089425505e-12	   8.0000000000000000e+00	
   4.7100000000000000e+00	   1.5365486660812167e-12	   8.0000000000000000e+00	
   4.7199999999999998e+00	   1.3974377210956845e-12	   8.0000000000000000e+00	
   4.7300000000000004e+00	   1.2736478538499796e-12	   8.0000000000000000e+00	
   4.7400000000000002e+00	   1.1703971125598400e-12	   8.0000000000000000e+00	
   4.7500000000000000e+00	   1.0835776720341528e-12	   8.0000000000000000e+00	
   4.7599999999999998e+00	   1.0129674876679928e-12	   8.0000000000000000e+00	
   4.7699999999999996e+00	   9.5734531413427248e-13	   8.0000000000000000e+00	
   4.7799999999999994e+00	   9.1593399531575415e-13	   8.0000000000000000e+00	
   4.7900000000000000e+00	   8.9672713698973894e-13	   8.0000000000000000e+00	
   4.7999999999999998e+00	   8.9062091035430058e-13	   8.0000000000000000e+00	
   4.8100000000000005e+00	   8.9173113337892573e-13	   8.0000000000000000e+00	
   4.8200000000000003e+00	   8.9706020389712648e-13	   8.0000000000000000e+00	
   4.8300000000000001e+00	   9.0571994348920271e-13	   8.0000000000000000e+00	
   4.8399999999999999e+00	   9.1437968308127893e-13	   8.0000000000000000e+00	
   4.8499999999999996e+00	   9.2115204353149238e-13	   8.0000000000000000e+00	
   4.8599999999999994e+00	   9.2337248958074269e-13	   8.0000000000000000e+00	
   4.8700000000000001e+00	   9.2026386511179226e-13	   8.0000000000000000e+00	
   4.8799999999999999e+00	   9.0960572407539075e-13	   8.0000000000000000e+00	
   4.8900000000000006e+00	   8.9006579884198800e-13	   8.0000000000000000e+00	
   4.9000000000000004e+00	   8.5975671026972122e-13	   8.0000000000000000e+00	
   4.9100000000000001e+00	   8.1923356987090301e-13	   8.0000000000000000e+00	
   4.9199999999999999e+00	   7.6760819922583323e-13	   8.0000000000000000e+00	
   4.9299999999999997e+00	   7.0443650912466182e-13	   8.0000000000000000e+00	
   4.9399999999999995e+00	   6.2949645496246376e-13	   8.0000000000000000e+00	
   4.9499999999999993e+00	   5.4445337127617677e-13	   8.0000000000000000e+00	
   4.9600000000000000e+00	   4.5008441418303846e-13	   8.0000000000000000e+00	
   4.9699999999999998e+00	   3.4849900742983664e-13	   8.0000000000000000e+00	
   4.9800000000000004e+00	   2.3903101720179620e-13	   8.0000000000000000e+00	
   4.9900000000000002e+00	   1.2223555501122974e-13	   8.0000000000000000e+00	
   5.0000000000000000e+00	   2.2204460492503131e-16	   1.0000000000000000e+00	
   5.0099999999999998e+00	   1.2612133559741778e-13	   8.0000000000000000e+00	
   5.0199999999999996e+00	   2.5446311724408588e-13	   8.0000000000000000e+00	
   5.0299999999999994e+00	   3.8347103270552907e-13	   8.0000000000000000e+00	
   5.0400000000000000e+00	   5.1447734961129754e-13	   8.0000000000000000e+00	
   5.0499999999999998e+00	   6.4370730967766576e-13	   8.0000000000000000e+00	
   5.0600000000000005e+00	   7.6894046685538342e-13	   8.0000000000000000e+00	
   5.0700000000000003e+00	   8.8862250890997529e-13	   8.0000000000000000e+00	
   5.0800000000000001e+00	   9.9875663295279082e-13	   8.0000000000000000e+00	
   5.0899999999999999e+00	   1.0984546605641299e-12	   8.0000000000000000e+00	
   5.0999999999999996e+00	   1.1999290450148692e-12	   8.0000000000000000e+00	
   5.1099999999999994e+00	   1.2911893776390571e-12	   8.0000000000000000e+00	
   5.1200000000000001e+00	   1.3684609001529680e-12	   8.0000000000000000e+00	
   5.1299999999999999e+00	   1.4308554341369017e-12	   8.0000000000000000e+00	
   5.1400000000000006e+00	   1.4761525335416081e-12	   8.0000000000000000e+00	
   5.1500000000000004e+00	   1.5096812688852879e-12	   8.0000000000000000e+00	
   5.1600000000000001e+00	   1.5445422718585178e-12	   8.0000000000000000e+00	
   5.1699999999999999e+00	   1.5627499294623703e-12	   8.0000000000000000e+00	
   5.1799999999999997e+00	   1.5634160632771454e-12	   8.0000000000000000e+00	
   5.1899999999999995e+00	   1.5458745394880680e-12	   8.0000000000000000e+00	
   5.1999999999999993e+00	   1.5092371796754378e-12	   8.0000000000000000e+00	
   5.2100000000000000e+00	   1.6020518245341009e-12	   8.0000000000000000e+00	
   5.2199999999999998e+00	   1.7742474156534627e-12	   8.0000000000000000e+00	
   5.2300000000000004e+00	   1.9437784715137241e-12	   8.0000000000000000e+00	
   5.2400000000000002e+00	   2.1074253453434721e-12	   8.0000000000000000e+00	
   5.2500000000000000e+00	   2.2638557695131567e-12	   8.0000000000000000e+00	
   5.2599999999999998e+00	   2.4198421044729912e-12	   8.0000000000000000e+00	
   5.2699999999999996e+00	   2.5974777884130162e-12	   8.0000000000000000e+00	
   5.2799999999999994e+00	   2.7635671528969397e-12	   8.0000000000000000e+00	
   5.2900000000000000e+00	   2.9153346403631986e-12	   8.0000000000000000e+00	
   5.2999999999999998e+00	   3.0511149162748552e-12	   8.0000000000000000e+00	
   5.3100000000000005e+00	   3.1690206014900468e-12	   8.0000000000000000e+00	
   5.3200000000000003e+00	   3.3112401709445294e-12	   8.0000000000000000e+00	
   5.3300000000000001e+00	   3.4353631050976219e-12	   8.0000000000000000e+00	
   5.3399999999999999e+00	   3.5375036233631363e-12	   8.0000000000000000e+00	
   5.3499999999999996e+00	   3.6164404804139849e-12	   8.0000000000000000e+00	
   5.3599999999999994e+00	   3.6715075424353927e-12	   8.0000000000000000e+00	
   5.3700000000000001e+00	   3.7401193253572274e-12	   8.0000000000000000e+00	
   5.3799999999999999e+00	   3.7913006067924471e-12	   8.0000000000000000e+00	
   5.3900000000000006e+00	   3.8158365356366630e-12	   8.0000000000000000e+00	
   5.4000000000000004e+00	   3.8139491564948003e-12	   8.0000000000000000e+00	
   5.4100000000000001e+00	   3.7844172240397711e-12	   8.0000000000000000e+00	
   5.4199999999999999e+00	   3.7695402355097940e-12	   8.0000000000000000e+00	
   5.4299999999999997e+00	   3.7335690095119389e-12	   8.0000000000000000e+00	
   5.4399999999999995e+00	   3.6711744755280051e-12	   8.0000000000000000e+00	
   5.4499999999999993e+00	   3.5824676558604551e-12	   8.0000000000000000e+00	
   5.4600000000000000e+00	   3.4749980670767400e-12	   8.0000000000000000e+00	
   5.4699999999999998e+00	   3.3828495560328520e-12	   8.0000000000000000e+00	
   5.4800000000000004e+00	   3.2670532945644482e-12	   8.0000000000000000e+00	
   5.4900000000000002e+00	   3.1283864387887661e-12	   8.0000000000000000e+00	
   5.5000000000000000e+00	   3.4290348338572585e-12	   8.0000000000000000e+00	
   5.5099999999999998e+00	   3.9329650647346170e-12	   8.0000000000000000e+00	
   5.5199999999999996e+00	   3.9275249719139538e-12	   8.0000000000000000e+00	
   5.5299999999999994e+00	   3.9035441545820504e-12	   8.0000000000000000e+00	
   5.5400000000000000e+00	   3.8838932070461851e-12	   8.0000000000000000e+00	
   5.5499999999999998e+00	   3.8620218134610695e-12	   8.0000000000000000e+00	
   5.5600000000000005e+00	   3.8210545838524013e-12	   8.0000000000000000e+00	
   5.5700000000000003e+00	   3.7629899196645056e-12	   8.0000000000000000e+00	
   5.5800000000000001e+00	   3.6860514640579822e-12	   8.0000000000000000e+00	
   5.5899999999999999e+00	   3.5933478415017817e-12	   8.0000000000000000e+00	
   5.5999999999999996e+00	   3.5145220067533955e-12	   8.0000000000000000e+00	
   5.6099999999999994e+00	   3.4289238115547960e-12	   8.0000000000000000e+00	
   5.6200000000000001e+00	   3.3282265832212943e-12	   8.0000000000000000e+00	
   5.6299999999999999e+00	   3.2144287231972157e-12	   8.0000000000000000e+00	
   5.6400000000000006e+00	   3.0890845437170356e-12	   8.0000000000000000e+00	
   5.6500000000000004e+00	   2.9537483570152290e-12	   8.0000000000000000e+00	
   5.6600000000000001e+00	   2.8360647164049624e-12	   8.0000000000000000e+00	
   5.6699999999999999e+00	   2.7130520052764950e-12	   8.0000000000000000e+00	
   5.6799999999999997e+00	   2.5818236437658015e-12	   8.0000000000000000e+00	
   5.6899999999999995e+00	   2.4444890556196697e-12	   8.0000000000000000e+00	
   5.6999999999999993e+00	   2.3010482408380994e-12	   8.0000000000000000e+00	
   5.7100000000000000e+00	   2.1532775562604911e-12	   8.0000000000000000e+00	
   5.7199999999999998e+00	   2.0240475961941229e-12	   8.0000000000000000e+00	
   5.7300000000000004e+00	   1.8959278591523798e-12	   8.0000000000000000e+00	
   5.7400000000000002e+00	   1.7651435868515364e-12	   8.0000000000000000e+00	
   5.7500000000000000e+00	   1.6332490915260678e-12	   8.0000000000000000e+00	
   5.7599999999999998e+00	   1.5014656185030617e-12	   8.0000000000000000e+00	
   5.7699999999999996e+00	   1.3709033908071433e-12	   8.0000000000000000e+00	
   5.7799999999999994e+00	   1.2539969063141143e-12	   8.0000000000000000e+00	
   5.7900000000000000e+00	   1.1453060722033115e-12	   8.0000000000000000e+00	
   5.7999999999999998e+00	   1.0388356841417590e-12	   8.0000000000000000e+00	
   5.8100000000000005e+00	   9.3469676443191929e-13	   8.0000000000000000e+00	
   5.8200000000000003e+00	   8.3444362530826766e-13	   8.0000000000000000e+00	
   5.8300000000000001e+00	   7.3796524446834155e-13	   8.0000000000000000e+00	
   5.8399999999999999e+00	   6.6258110109629342e-13	   8.0000000000000000e+00	
   5.8499999999999996e+00	   6.5103478164019180e-13	   8.0000000000000000e+00	
   5.8599999999999994e+00	   6.3260507943141420e-13	   8.0000000000000000e+00	
   5.8700000000000001e+00	   6.0773608367981069e-13	   8.0000000000000000e+00	
   5.8799999999999999e+00	   5.7687188359523134e-13	   8.0000000000000000e+00	
   5.8900000000000006e+00	   5.4134474680722633e-13	   8.0000000000000000e+00	
   5.9000000000000004e+00	   5.0159876252564572e-13	   8.0000000000000000e+00	
   5.9100000000000001e+00	   4.6029846600958990e-13	   8.0000000000000000e+00	
   5.9199999999999999e+00	   4.1833203567875898e-13	   8.0000000000000000e+00	
   5.9299999999999997e+00	   3.7236880245927750e-13	   8.0000000000000000e+00	
   5.9399999999999995e+00	   3.2351898937577062e-13	   8.0000000000000000e+00	
   5.9500000000000002e+00	   2.7200464103316335e-13	   8.0000000000000000e+00	
   5.9600000000000000e+00	   2.1893598045608087e-13	   8.0000000000000000e+00	
   5.9699999999999998e+00	   1.6431300764452317e-13	   8.0000000000000000e+00	
   5.9800000000000004e+00	   1.0969003483296547e-13	   8.0000000000000000e+00	
   5.9900000000000002e+00	   5.5289106626332796e-14	   8.0000000000000000e+00	
   6.0000000000000000e+00	   2.2204460492503131e-16	   1.0000000000000000e+00	
   6.0099999999999998e+00	   5.5289106626332796e-14	   8.0000000000000000e+00	
   6.0199999999999996e+00	   1.1002310174035301e-13	   8.0000000000000000e+00	
   6.0300000000000002e+00	   1.6353585152728556e-13	   8.0000000000000000e+00	
   6.0400000000000000e+00	   2.1627144519698049e-13	   8.0000000000000000e+00	
   6.0499999999999998e+00	   2.6767477123712524e-13	   8.0000000000000000e+00	
   6.0600000000000005e+00	   3.1696867353048219e-13	   8.0000000000000000e+00	
   6.0700000000000003e+00	   3.6581848661398908e-13	   8.0000000000000000e+00	
   6.0800000000000001e+00	   4.1422421048764591e-13	   8.0000000000000000e+00	
   6.0899999999999999e+00	   4.6074255521943996e-13	   8.0000000000000000e+00	
   6.0999999999999996e+00	   5.0548454311183377e-13	   8.0000000000000000e+00	
   6.1099999999999994e+00	   5.4789506265251475e-13	   8.0000000000000000e+00	
   6.1200000000000001e+00	   5.8908433686610806e-13	   8.0000000000000000e+00	
   6.1299999999999999e+00	   6.2827520963537609e-13	   8.0000000000000000e+00	
   6.1399999999999997e+00	   6.6568972556524386e-13	   8.0000000000000000e+00	
   6.1500000000000004e+00	   7.0121686235324887e-13	   8.0000000000000000e+00	
   6.1600000000000001e+00	   7.3541173151170369e-13	   8.0000000000000000e+00	
   6.1699999999999999e+00	   7.6827433304060833e-13	   8.0000000000000000e+00	
   6.1799999999999997e+00	   8.0269124680398818e-13	   8.0000000000000000e+00	
   6.1899999999999995e+00	   8.3710816056736803e-13	   8.0000000000000000e+00	
   6.2000000000000002e+00	   8.7108098512089782e-13	   8.0000000000000000e+00	
   6.2100000000000000e+00	   9.0427665355719000e-13	   8.0000000000000000e+00	
   6.2199999999999998e+00	   9.3713925508609464e-13	   8.0000000000000000e+00	
   6.2300000000000004e+00	   9.6966878970761172e-13	   8.0000000000000000e+00	
   6.2400000000000002e+00	   1.0019762797242038e-12	   8.0000000000000000e+00	
   6.2500000000000000e+00	   1.0346168366481834e-12	   8.0000000000000000e+00	
   6.2599999999999998e+00	   1.0670353489672380e-12	   8.0000000000000000e+00	
   6.2699999999999996e+00	   1.0996759058912176e-12	   8.0000000000000000e+00	
   6.2800000000000002e+00	   1.1325385074201222e-12	   8.0000000000000000e+00	
   6.2900000000000000e+00	   1.1650680420416393e-12	   8.0000000000000000e+00	
   6.2999999999999998e+00	   1.1974865543606938e-12	   8.0000000000000000e+00	
   6.3100000000000005e+00	   1.2300160889822109e-12	   8.0000000000000000e+00	
   6.3200000000000003e+00	   1.2650991365603659e-12	   8.0000000000000000e+00	
   6.3300000000000001e+00	   1.3028467193976212e-12	   8.0000000000000000e+00	
   6.3399999999999999e+00	   1.3407053245373390e-12	   8.0000000000000000e+00	
   6.3499999999999996e+00	   1.3773426843499692e-12	   8.0000000000000000e+00	
   6.3599999999999994e+00	   1.4139800441625994e-12	   8.0000000000000000e+00	
   6.3700000000000001e+00	   1.4488410471358293e-12	   8.0000000000000000e+00	
   6.3799999999999999e+00	   1.4823697824795090e-12	   8.0000000000000000e+00	
   6.3899999999999997e+00	   1.5135670494714759e-12	   8.0000000000000000e+00	
   6.4000000000000004e+00	   1.5426548927166550e-12	   8.0000000000000000e+00	
   6.4100000000000001e+00	   1.5689671784002712e-12	   8.0000000000000000e+00	
   6.4199999999999999e+00	   1.5912826611952369e-12	   8.0000000000000000e+00	
   6.4299999999999997e+00	   1.6163737015517654e-12	   8.0000000000000000e+00	
   6.4399999999999995e+00	   1.6432410987476942e-12	   8.0000000000000000e+00	
   6.4500000000000002e+00	   1.6660006707525099e-12	   8.0000000000000000e+00	
   6.4600000000000000e+00	   1.6840973060539000e-12	   8.0000000000000000e+00	
   6.4699999999999998e+00	   1.6973089600469393e-12	   8.0000000000000000e+00	
   6.4800000000000004e+00	   1.7054135881267030e-12	   8.0000000000000000e+00	
   6.4900000000000002e+00	   1.7071899449661032e-12	   8.0000000000000000e+00	
   6.5000000000000000e+00	   2.2331025917310399e-12	   8.0000000000000000e+00	
   6.5099999999999998e+00	   3.9239722582351533e-12	   8.0000000000000000e+00	
   6.5199999999999996e+00	   3.8351544162651408e-12	   8.0000000000000000e+00	
   6.5300000000000002e+00	   3.7556624477019795e-12	   8.0000000000000000e+00	
   6.5400000000000000e+00	   3.6752823007191182e-12	   8.0000000000000000e+00	
   6.5499999999999998e+00	   3.5769165407373293e-12	   8.0000000000000000e+00	
   6.5600000000000005e+00	   3.4618974353861631e-12	   8.0000000000000000e+00	
   6.5700000000000003e+00	   3.3306690738754696e-12	   8.0000000000000000e+00	
   6.5800000000000001e+00	   3.1898927943529998e-12	   8.0000000000000000e+00	
   6.5899999999999999e+00	   3.0735414213722834e-12	   8.0000000000000000e+00	
   6.5999999999999996e+00	   2.9434232828862150e-12	   8.0000000000000000e+00	
   6.6099999999999994e+00	   2.8017588249440450e-12	   8.0000000000000000e+00	
   6.6200000000000001e+00	   2.6487700921506985e-12	   8.0000000000000000e+00	
   6.6299999999999999e+00	   2.4862334413455756e-12	   8.0000000000000000e+00	
   6.6399999999999997e+00	   2.3390178682802798e-12	   8.0000000000000000e+00	
   6.6500000000000004e+00	   2.1995738563873601e-12	   8.0000000000000000e+00	
   6.6600000000000001e+00	   2.0530244171368395e-12	   8.0000000000000000e+00	
   6.6699999999999999e+00	   1.9009238627631930e-12	   8.0000000000000000e+00	
   6.6799999999999997e+00	   1.7441603716861209e-12	   8.0000000000000000e+00	
   6.6899999999999995e+00	   1.6122658763606523e-12	   8.0000000000000000e+00	
   6.7000000000000002e+00	   1.6860957074982252e-12	   8.0000000000000000e+00	
   6.7100000000000000e+00	   1.7459367285255212e-12	   8.0000000000000000e+00	
   6.7199999999999998e+00	   1.7914558725351526e-12	   8.0000000000000000e+00	
   6.7300000000000004e+00	   1.8227641618295820e-12	   8.0000000000000000e+00	
   6.7400000000000002e+00	   1.8403056856186595e-12	   8.0000000000000000e+00	
   6.7500000000000000e+00	   1.8636203691357878e-12	   8.0000000000000000e+00	
   6.7599999999999998e+00	   1.8823831382519529e-12	   8.0000000000000000e+00	
   6.7699999999999996e+00	   1.8859358519307534e-12	   8.0000000000000000e+00	
   6.7800000000000002e+00	   1.8746115770795768e-12	   8.0000000000000000e+00	
   6.7900000000000000e+00	   1.8495205367230483e-12	   8.0000000000000000e+00	
   6.7999999999999998e+00	   1.8161028236818311e-12	   8.0000000000000000e+00	
   6.8100000000000005e+00	   1.7883472480662022e-12	   8.0000000000000000e+00	
   6.8200000000000003e+00	   1.7464918400378338e-12	   8.0000000000000000e+00	
   6.8300000000000001e+00	   1.6917578449238135e-12	   8.0000000000000000e+00	
   6.8399999999999999e+00	   1.6248113965389166e-12	   8.0000000000000000e+00	
   6.8499999999999996e+00	   1.5468737402102306e-12	   8.0000000000000000e+00	
   6.8599999999999994e+00	   1.4728218644677327e-12	   8.0000000000000000e+00	
   6.8700000000000001e+00	   1.3919976282750213e-12	   8.0000000000000000e+00	
   6.8799999999999999e+00	   1.3019585409779211e-12	   8.0000000000000000e+00	
   6.8899999999999997e+00	   1.2034817586936697e-12	   8.0000000000000000e+00	
   6.9000000000000004e+00	   1.0977885267493548e-12	   8.0000000000000000e+00	
   6.9100000000000001e+00	   9.9131813868780227e-13	   8.0000000000000000e+00	
   6.9199999999999999e+00	   8.8651308516318750e-13	   8.0000000000000000e+00	
   6.9299999999999997e+00	   7.7671202802775952e-13	   8.0000000000000000e+00	
   6.9399999999999995e+00	   6.6335825721353103e-13	   8.0000000000000000e+00	
   6.9500000000000002e+00	   5.4867221876975236e-13	   8.0000000000000000e+00	
   6.9600000000000000e+00	   4.3343106881366111e-13	   8.0000000000000000e+00	
   6.9699999999999998e+00	   3.2329694477084558e-13	   8.0000000000000000e+00	
   6.9800000000000004e+00	   2.1305179842556754e-13	   8.0000000000000000e+00	
   6.9900000000000002e+00	   1.0502709812953981e-13	   8.0000000000000000e+00	
   7.0000000000000000e+00	   2.2204460492503131e-16	   1.0000000000000000e+00	
   7.0099999999999998e+00	   1.0036416142611415e-13	   8.0000000000000000e+00	
   7.0199999999999996e+00	   1.9606538614880265e-13	   8.0000000000000000e+00	
   7.0300000000000002e+00	   2.8799185258776561e-13	   8.0000000000000000e+00	
   7.0400000000000000e+00	   3.7347902548390266e-13	   8.0000000000000000e+00	
   7.0499999999999998e+00	   4.5163872641751368e-13	   8.0000000000000000e+00	
   7.0599999999999996e+00	   5.2158277696889854e-13	   8.0000000000000000e+00	
   7.0700000000000003e+00	   5.8464344476760743e-13	   8.0000000000000000e+00	
   7.0800000000000001e+00	   6.4459548809736589e-13	   8.0000000000000000e+00	
   7.0899999999999999e+00	   6.9566574723012309e-13	   8.0000000000000000e+00	
   7.0999999999999996e+00	   7.3718808835110394e-13	   8.0000000000000000e+00	
   7.1100000000000003e+00	   7.6849637764553336e-13	   8.0000000000000000e+00	
   7.1200000000000001e+00	   7.8848039208878618e-13	   8.0000000000000000e+00	
   7.1299999999999999e+00	   8.1157303100098943e-13	   8.0000000000000000e+00	
   7.1399999999999997e+00	   8.2511775190141634e-13	   8.0000000000000000e+00	
   7.1500000000000004e+00	   8.2867046558021684e-13	   8.0000000000000000e+00	
   7.1600000000000001e+00	   8.2156503822261584e-13	   8.0000000000000000e+00	
   7.1699999999999999e+00	   8.0357942522368830e-13	   8.0000000000000000e+00	
   7.1799999999999997e+00	   8.6619600381254713e-13	   8.0000000000000000e+00	
   7.1899999999999995e+00	   9.6633812063373625e-13	   8.0000000000000000e+00	
   7.2000000000000002e+00	   1.0654810367327627e-12	   8.0000000000000000e+00	
   7.2100000000000000e+00	   1.1627365736899264e-12	   8.0000000000000000e+00	
   7.2199999999999998e+00	   1.2571055307830648e-12	   8.0000000000000000e+00	
   7.2300000000000004e+00	   1.3579137814190290e-12	   8.0000000000000000e+00	
   7.2400000000000002e+00	   1.4669376824372193e-12	   8.0000000000000000e+00	
   7.2500000000000000e+00	   1.5715206913569091e-12	   8.0000000000000000e+00	
   7.2599999999999998e+00	   1.6698864513386980e-12	   8.0000000000000000e+00	
   7.2699999999999996e+00	   1.7610357616604233e-12	   8.0000000000000000e+00	
   7.2800000000000002e+00	   1.8505197374452109e-12	   8.0000000000000000e+00	
   7.2900000000000000e+00	   1.9514390103836377e-12	   8.0000000000000000e+00	
   7.2999999999999998e+00	   2.0431434322176756e-12	   8.0000000000000000e+00	
   7.3099999999999996e+00	   2.1250778914350121e-12	   8.0000000000000000e+00	
   7.3200000000000003e+00	   2.1959101204060971e-12	   8.0000000000000000e+00	
   7.3300000000000001e+00	   2.2564172752481682e-12	   8.0000000000000000e+00	
   7.3399999999999999e+00	   2.3316903963177538e-12	   8.0000000000000000e+00	
   7.3499999999999996e+00	   2.3947510641164627e-12	   8.0000000000000000e+00	
   7.3600000000000003e+00	   2.4447111002245947e-12	   8.0000000000000000e+00	
   7.3700000000000001e+00	   2.4806823262224498e-12	   8.0000000000000000e+00	
   7.3799999999999999e+00	   2.5021096305977153e-12	   8.0000000000000000e+00	
   7.3899999999999997e+00	   2.5375257450832578e-12	   8.0000000000000000e+00	
   7.4000000000000004e+00	   2.5607294062979236e-12	   8.0000000000000000e+00	
   7.4100000000000001e+00	   2.5683899451678371e-12	   8.0000000000000000e+00	
   7.4199999999999999e+00	   2.5613955401126987e-12	   8.0000000000000000e+00	
   7.4299999999999997e+00	   2.5396351688300456e-12	   8.0000000000000000e+00	
   7.4399999999999995e+00	   2.5288660054911816e-12	   8.0000000000000000e+00	
   7.4500000000000002e+00	   2.5083268795356162e-12	   8.0000000000000000e+00	
   7.4600000000000000e+00	   2.4732438319574612e-12	   8.0000000000000000e+00	
   7.4699999999999998e+00	   2.4235058404542542e-12	   8.0000000000000000e+00	
   7.4800000000000004e+00	   2.3608892618653954e-12	   8.0000000000000000e+00	
   7.4900000000000002e+00	   2.3082646904981630e-12	   8.0000000000000000e+00	
   7.5000000000000000e+00	   1.7351675651866572e-12	   8.0000000000000000e+00	
   7.5099999999999998e+00	   1.4391821068215904e-12	   8.0000000000000000e+00	
   7.5199999999999996e+00	   1.4952483695651608e-12	   8.0000000000000000e+00	
   7.5300000000000002e+00	   1.5589751711786448e-12	   8.0000000000000000e+00	
   7.5400000000000000e+00	   1.6127099655705024e-12	   8.0000000000000000e+00	
   7.5499999999999998e+00	   1.6557866189259585e-12	   8.0000000000000000e+00	
   7.5599999999999996e+00	   1.6884271758499381e-12	   8.0000000000000000e+00	
   7.5700000000000003e+00	   1.7257306694773433e-12	   8.0000000000000000e+00	
   7.5800000000000001e+00	   1.7590373602160980e-12	   8.0000000000000000e+00	
   7.5899999999999999e+00	   1.7813528430110637e-12	   8.0000000000000000e+00	
   7.5999999999999996e+00	   1.7926771178622403e-12	   8.0000000000000000e+00	
   7.6100000000000003e+00	   1.7923440509548527e-12	   8.0000000000000000e+00	
   7.6200000000000001e+00	   1.7996715229173788e-12	   8.0000000000000000e+00	
   7.6299999999999999e+00	   1.7990053891026037e-12	   8.0000000000000000e+00	
   7.6399999999999997e+00	   1.7867929358317269e-12	   8.0000000000000000e+00	
   7.6500000000000004e+00	   1.7634782523145986e-12	   8.0000000000000000e+00	
   7.6600000000000001e+00	   1.7298384946684564e-12	   8.0000000000000000e+00	
   7.6699999999999999e+00	   1.7064127888488656e-12	   8.0000000000000000e+00	
   7.6799999999999997e+00	   1.6726620089002608e-12	   8.0000000000000000e+00	
   7.6900000000000004e+00	   1.6288081994275672e-12	   8.0000000000000000e+00	
   7.7000000000000002e+00	   1.5755174942455596e-12	   8.0000000000000000e+00	
   7.7100000000000000e+00	   1.5162315847305763e-12	   8.0000000000000000e+00	
   7.7199999999999998e+00	   1.4656054148076691e-12	   8.0000000000000000e+00	
   7.7300000000000004e+00	   1.4069856391074609e-12	   8.0000000000000000e+00	
   7.7400000000000002e+00	   1.3404832799324140e-12	   8.0000000000000000e+00	
   7.7500000000000000e+00	   1.2677636718194663e-12	   8.0000000000000000e+00	
   7.7599999999999998e+00	   1.1928236176572682e-12	   8.0000000000000000e+00	
   7.7699999999999996e+00	   1.1266543253896089e-12	   8.0000000000000000e+00	
   7.7800000000000002e+00	   1.0559331187209864e-12	   8.0000000000000000e+00	
   7.7900000000000000e+00	   9.8065999765140077e-13	   8.0000000000000000e+00	
   7.7999999999999998e+00	   9.0216722981040220e-13	   8.0000000000000000e+00	
   7.8099999999999996e+00	   8.2456264038910376e-13	   8.0000000000000000e+00	
   7.8200000000000003e+00	   7.5695005818943173e-13	   8.0000000000000000e+00	
   7.8300000000000001e+00	   6.8767214145282196e-13	   8.0000000000000000e+00	
   7.8399999999999999e+00	   6.1739502399404955e-13	   8.0000000000000000e+00	
   7.8499999999999996e+00	   5.4700688423281463e-13	   8.0000000000000000e+00	
   7.8600000000000003e+00	   4.9071857688431919e-13	   8.0000000000000000e+00	
   7.8700000000000001e+00	   4.9671378121729504e-13	   8.0000000000000000e+00	
   7.8799999999999999e+00	   4.9471537977296975e-13	   8.0000000000000000e+00	
   7.8899999999999997e+00	   4.8472337255134335e-13	   8.0000000000000000e+00	
   7.9000000000000004e+00	   4.6807002718196600e-13	   8.0000000000000000e+00	
   7.9100000000000001e+00	   4.4408920985006262e-13	   8.0000000000000000e+00	
   7.9199999999999999e+00	   4.2010839251815923e-13	   8.0000000000000000e+00	
   7.9299999999999997e+00	   3.8835601401387976e-13	   8.0000000000000000e+00	
   7.9400000000000004e+00	   3.4927616354707425e-13	   8.0000000000000000e+00	
   7.9500000000000002e+00	   3.0331293032759277e-13	   8.0000000000000000e+00	
   7.9600000000000000e+00	   2.5157653738006047e-13	   8.0000000000000000e+00	
   7.9699999999999998e+00	   1.9717560917342780e-13	   8.0000000000000000e+00	
   7.9800000000000004e+00	   1.3700152123874432e-13	   8.0000000000000000e+00	
   7.9900000000000002e+00	   7.0610184366159956e-14	   8.0000000000000000e+00	
   8.0000000000000000e+00	   1.1102230246251565e-16	   8.0000000000000000e+00	
