   5.0000000000000000e-01	   8.1054500627143398e+00	   1.0000000000000000e+00	
   5.1000000000000001e-01	   8.1729866796328920e+00	   1.0000000000000000e+00	
   5.2000000000000002e-01	   8.1946085650417810e+00	   1.0000000000000000e+00	
   5.3000000000000003e-01	   8.1736487136625318e+00	   1.0000000000000000e+00	
   5.4000000000000004e-01	   8.1589191048726093e+00	   1.0000000000000000e+00	
   5.5000000000000004e-01	   8.1865652572701357e+00	   1.0000000000000000e+00	
   5.6000000000000005e-01	   8.1667022835872771e+00	   1.0000000000000000e+00	
   5.7000000000000006e-01	   8.1030420877330549e+00	   1.0000000000000000e+00	
   5.7999999999999996e-01	   7.9991596629702562e+00	   1.0000000000000000e+00	
   5.8999999999999997e-01	   7.8585147118770378e+00	   1.0000000000000000e+00	
   5.9999999999999998e-01	   7.7164506567415012e+00	   1.0000000000000000e+00	
   6.0999999999999999e-01	   7.6067418166768261e+00	   1.0000000000000000e+00	
   6.2000000000000000e-01	   7.4591598797529528e+00	   1.0000000000000000e+00	
   6.3000000000000000e-01	   7.2774944192735109e+00	   1.0000000000000000e+00	
   6.4000000000000001e-01	   7.0654463953086486e+00	   1.0000000000000000e+00	
   6.5000000000000002e-01	   6.8266309246656816e+00	   1.0000000000000000e+00	
   6.6000000000000003e-01	   6.5939016879012975e+00	   1.0000000000000000e+00	
   6.7000000000000004e-01	   6.3811215097523108e+00	   1.0000000000000000e+00	
   6.7999999999999994e-01	   6.1433388020833029e+00	   1.0000000000000000e+00	
   6.8999999999999995e-01	   5.8842765197951410e+00	   1.0000000000000000e+00	
   6.9999999999999996e-01	   5.6075400990301452e+00	   1.0000000000000000e+00	
   7.0999999999999996e-01	   5.3166078175620699e+00	   1.0000000000000000e+00	
   7.1999999999999997e-01	   5.0440719813388828e+00	   1.0000000000000000e+00	
   7.2999999999999998e-01	   4.7828002317920681e+00	   1.0000000000000000e+00	
   7.3999999999999999e-01	   4.5102648595920005e+00	   1.0000000000000000e+00	
   7.5000000000000000e-01	   4.2296958387357870e+00	   1.0000000000000000e+00	
   7.6000000000000001e-01	   3.9441437300206346e+00	   1.0000000000000000e+00	
   7.7000000000000002e-01	   3.6564700482148043e+00	   1.0000000000000000e+00	
   7.8000000000000003e-01	   3.3970881557230403e+00	   1.0000000000000000e+00	
   7.9000000000000004e-01	   3.1443602989746808e+00	   1.0000000000000000e+00	
   8.0000000000000004e-01	   2.8917948204298356e+00	   1.0000000000000000e+00	
   8.1000000000000005e-01	   2.6417266985059960e+00	   1.0000000000000000e+00	
   8.2000000000000006e-01	   2.3962797469871435e+00	   1.0000000000000000e+00	
   8.3000000000000007e-01	   2.1584005933453274e+00	   1.0000000000000000e+00	
   8.4000000000000008e-01	   1.9500671707749637e+00	   1.0000000000000000e+00	
   8.5000000000000009e-01	   1.7473728282805931e+00	   1.0000000000000000e+00	
   8.5999999999999999e-01	   1.5518481602596490e+00	   1.0000000000000000e+00	
   8.7000000000000000e-01	   1.3648283370624867e+00	   1.0000000000000000e+00	
   8.8000000000000000e-01	   1.1874579123771325e+00	   1.0000000000000000e+00	
   8.9000000000000001e-01	   1.0255488114174782e+00	   1.0000000000000000e+00	
   9.0000000000000002e-01	   8.8149423722833764e-01	   1.0000000000000000e+00	
   9.1000000000000003e-01	   7.4642122995615168e-01	   1.0000000000000000e+00	
   9.1999999999999993e-01	   6.2099741579228296e-01	   1.0000000000000000e+00	
   9.2999999999999994e-01	   5.0574249558744211e-01	   1.0000000000000000e+00	
   9.3999999999999995e-01	   4.0103605490437644e-01	   1.0000000000000000e+00	
   9.4999999999999996e-01	   3.1080782400054763e-01	   1.0000000000000000e+00	
   9.5999999999999996e-01	   2.3098748223311349e-01	   1.0000000000000000e+00	
   9.6999999999999997e-01	   1.5994647906388545e-01	   1.0000000000000000e+00	
   9.7999999999999998e-01	   9.7781650815408461e-02	   1.0000000000000000e+00	
   9.8999999999999999e-01	   4.4494837546857242e-02	   1.0000000000000000e+00	
   1.0000000000000000e+00	   1.9083328088781101e-14	   1.0000000000000000e+00	
   1.0100000000000000e+00	   4.2312240662851226e-02	   1.0000000000000000e+00	
   1.0200000000000000e+00	   8.7137637290289199e-02	   1.0000000000000000e+00	
   1.0300000000000000e+00	   1.3355417911387107e-01	   1.0000000000000000e+00	
   1.0400000000000000e+00	   1.8069345327666139e-01	   1.0000000000000000e+00	
   1.0500000000000000e+00	   2.2774527776180373e-01	   1.0000000000000000e+00	
   1.0600000000000001e+00	   2.7669066400506115e-01	   1.0000000000000000e+00	
   1.0700000000000001e+00	   3.2676573886632454e-01	   1.0000000000000000e+00	
   1.0800000000000001e+00	   3.7568672035873291e-01	   1.0000000000000000e+00	
   1.0899999999999999e+00	   4.2274060489725923e-01	   1.0000000000000000e+00	
   1.1000000000000001e+00	   4.6728458252469124e-01	   1.0000000000000000e+00	
   1.1099999999999999e+00	   5.0951538054130407e-01	   1.0000000000000000e+00	
   1.1200000000000001e+00	   5.5468723391905939e-01	   1.0000000000000000e+00	
   1.1299999999999999e+00	   5.9645872730026628e-01	   1.0000000000000000e+00	
   1.1400000000000001e+00	   6.3433298927806514e-01	   1.0000000000000000e+00	
   1.1499999999999999e+00	   6.6788783159692355e-01	   1.0000000000000000e+00	
   1.1600000000000001e+00	   6.9677552532365805e-01	   1.0000000000000000e+00	
   1.1699999999999999e+00	   7.2587575737390142e-01	   1.0000000000000000e+00	
   1.1800000000000002e+00	   7.5344562704579598e-01	   1.0000000000000000e+00	
   1.1899999999999999e+00	   7.7591862789522670e-01	   1.0000000000000000e+00	
   1.2000000000000002e+00	   7.9311084923850239e-01	   1.0000000000000000e+00	
   1.2100000000000000e+00	   8.0490894106215616e-01	   1.0000000000000000e+00	
   1.2200000000000000e+00	   8.1210378267536965e-01	   1.0000000000000000e+00	
   1.2300000000000000e+00	   8.2213081506578667e-01	   1.0000000000000000e+00	
   1.2400000000000000e+00	   8.2677715894842696e-01	   1.0000000000000000e+00	
   1.2500000000000000e+00	   8.2608174226932685e-01	   1.0000000000000000e+00	
   1.2600000000000000e+00	   8.2014405403879120e-01	   1.0000000000000000e+00	
   1.2700000000000000e+00	   8.0912048280463256e-01	   1.0000000000000000e+00	
   1.2800000000000000e+00	   7.9841495422005615e-01	   1.0000000000000000e+00	
   1.2900000000000000e+00	   7.8662999391806387e-01	   1.0000000000000000e+00	
   1.3000000000000000e+00	   7.7022769534810298e-01	   1.0000000000000000e+00	
   1.3100000000000001e+00	   7.4947016928006904e-01	   1.0000000000000000e+00	
   1.3200000000000001e+00	   7.2466049779069686e-01	   1.0000000000000000e+00	
   1.3300000000000001e+00	   6.9682943473715786e-01	   1.0000000000000000e+00	
   1.3399999999999999e+00	   6.7305924837960951e-01	   1.0000000000000000e+00	
   1.3500000000000001e+00	   6.4592989954539770e-01	   1.0000000000000000e+00	
   1.3599999999999999e+00	   6.1579613995194249e-01	   1.0000000000000000e+00	
   1.3700000000000001e+00	   5.8303560960152734e-01	   1.0000000000000000e+00	
   1.3799999999999999e+00	   5.4804392656184986e-01	   1.0000000000000000e+00	
   1.3900000000000001e+00	   5.1553941325067842e-01	   1.0000000000000000e+00	
   1.3999999999999999e+00	   4.8402607219103316e-01	   1.0000000000000000e+00	
   1.4100000000000001e+00	   4.5098719041252600e-01	   1.0000000000000000e+00	
   1.4199999999999999e+00	   4.1680078169856738e-01	   1.0000000000000000e+00	
   1.4300000000000002e+00	   3.8184643502241317e-01	   1.0000000000000000e+00	
   1.4399999999999999e+00	   3.4752658133296666e-01	   1.0000000000000000e+00	
   1.4500000000000002e+00	   3.1773313300230294e-01	   1.0000000000000000e+00	
   1.4600000000000000e+00	   2.8770270267967069e-01	   1.0000000000000000e+00	
   1.4700000000000000e+00	   2.5775356611155703e-01	   1.0000000000000000e+00	
   1.4800000000000000e+00	   2.2819373887141095e-01	   1.0000000000000000e+00	
   1.4900000000000000e+00	   1.9931790684101344e-01	   1.0000000000000000e+00	
   1.5000000000000000e+00	   3.5993685689846143e+02	   1.0000000000000000e+00	
   1.5100000000000000e+00	   4.3281533760534907e-01	   1.0000000000000000e+00	
   1.5200000000000000e+00	   1.6674612390826356e-02	   2.0000000000000000e+00	
   1.5300000000000000e+00	   1.8014214214749039e-02	   2.0000000000000000e+00	
   1.5400000000000000e+00	   1.9277023289849527e-02	   2.0000000000000000e+00	
   1.5500000000000000e+00	   2.0530797137873195e-02	   2.0000000000000000e+00	
   1.5600000000000001e+00	   2.1926784924541563e-02	   2.0000000000000000e+00	
   1.5700000000000001e+00	   2.3212408077813759e-02	   2.0000000000000000e+00	
   1.5800000000000001e+00	   2.4372549632884724e-02	   2.0000000000000000e+00	
   1.5900000000000001e+00	   2.5394026228155783e-02	   2.0000000000000000e+00	
   1.6000000000000001e+00	   2.6265684283834204e-02	   2.0000000000000000e+00	
   1.6100000000000001e+00	   2.7188532093845686e-02	   2.0000000000000000e+00	
   1.6200000000000001e+00	   2.8088625816849865e-02	   2.0000000000000000e+00	
   1.6300000000000001e+00	   2.8815706863285599e-02	   2.0000000000000000e+00	
   1.6400000000000001e+00	   2.9363341705536859e-02	   2.0000000000000000e+00	
   1.6500000000000001e+00	   2.9727381573269825e-02	   2.0000000000000000e+00	
   1.6599999999999999e+00	   2.9905945705573381e-02	   2.0000000000000000e+00	
   1.6699999999999999e+00	   3.0239151425179581e-02	   2.0000000000000000e+00	
   1.6799999999999999e+00	   3.0387530794464847e-02	   2.0000000000000000e+00	
   1.6899999999999999e+00	   3.0345498941094534e-02	   2.0000000000000000e+00	
   1.7000000000000000e+00	   3.0116451632618734e-02	   2.0000000000000000e+00	
   1.7100000000000000e+00	   2.9705873446256938e-02	   2.0000000000000000e+00	
   1.7200000000000000e+00	   2.9246357681407514e-02	   2.0000000000000000e+00	
   1.7300000000000000e+00	   2.8807729310896462e-02	   2.0000000000000000e+00	
   1.7400000000000000e+00	   2.8198106976732841e-02	   2.0000000000000000e+00	
   1.7500000000000000e+00	   2.7427396716287231e-02	   2.0000000000000000e+00	
   1.7600000000000000e+00	   2.6507131052799556e-02	   2.0000000000000000e+00	
   1.7700000000000000e+00	   2.5450302719313554e-02	   2.0000000000000000e+00	
   1.7800000000000000e+00	   2.4491653146835522e-02	   2.0000000000000000e+00	
   1.7900000000000000e+00	   2.2273949539007031e-02	   3.0000000000000000e+00	
   1.8000000000000000e+00	   2.0006719551805784e-02	   3.0000000000000000e+00	
   1.8100000000000001e+00	   1.7842699133146487e-02	   3.0000000000000000e+00	
   1.8200000000000001e+00	   1.5793695813044090e-02	   3.0000000000000000e+00	
   1.8300000000000001e+00	   1.3868863551983086e-02	   3.0000000000000000e+00	
   1.8400000000000001e+00	   1.2181175324817323e-02	   3.0000000000000000e+00	
   1.8500000000000001e+00	   1.0639256314369546e-02	   3.0000000000000000e+00	
   1.8600000000000001e+00	   9.2049952796862417e-03	   3.0000000000000000e+00	
   1.8700000000000001e+00	   7.8821706958875516e-03	   3.0000000000000000e+00	
   1.8800000000000001e+00	   6.6727635349822243e-03	   3.0000000000000000e+00	
   1.8900000000000001e+00	   5.5921681015508170e-03	   3.0000000000000000e+00	
   1.9000000000000001e+00	   4.6719269114390847e-03	   3.0000000000000000e+00	
   1.9099999999999999e+00	   3.8422253133570858e-03	   3.0000000000000000e+00	
   1.9199999999999999e+00	   3.1020946999480740e-03	   3.0000000000000000e+00	
   1.9299999999999999e+00	   2.4495009110418057e-03	   3.0000000000000000e+00	
   1.9399999999999999e+00	   1.8814832264385693e-03	   3.0000000000000000e+00	
   1.9500000000000000e+00	   1.4105566764968805e-03	   3.0000000000000000e+00	
   1.9600000000000000e+00	   1.0136799426862365e-03	   3.0000000000000000e+00	
   1.9700000000000000e+00	   6.7794010739105268e-04	   3.0000000000000000e+00	
   1.9800000000000000e+00	   3.9978064894116244e-04	   3.0000000000000000e+00	
   1.9900000000000000e+00	   1.7523049268446702e-04	   3.0000000000000000e+00	
   2.0000000000000000e+00	   2.5444437451708134e-14	   1.0000000000000000e+00	
   2.0099999999999998e+00	   1.5603280673433641e-04	   3.0000000000000000e+00	
   2.0200000000000000e+00	   3.0872275008834337e-04	   3.0000000000000000e+00	
   2.0300000000000002e+00	   4.5402326795336231e-04	   3.0000000000000000e+00	
   2.0400000000000000e+00	   5.8856994977884666e-04	   3.0000000000000000e+00	
   2.0499999999999998e+00	   7.0965189784659324e-04	   3.0000000000000000e+00	
   2.0600000000000001e+00	   8.2462863667216875e-04	   3.0000000000000000e+00	
   2.0700000000000003e+00	   9.2813716636217511e-04	   3.0000000000000000e+00	
   2.0800000000000001e+00	   1.0147942902783485e-03	   3.0000000000000000e+00	
   2.0899999999999999e+00	   1.0833213758475319e-03	   3.0000000000000000e+00	
   2.1000000000000001e+00	   1.1329837292126364e-03	   3.0000000000000000e+00	
   2.1100000000000003e+00	   1.1684271979959841e-03	   3.0000000000000000e+00	
   2.1200000000000001e+00	   1.1960058615804894e-03	   3.0000000000000000e+00	
   2.1299999999999999e+00	   1.2045905257278865e-03	   3.0000000000000000e+00	
   2.1400000000000001e+00	   1.1946352929623767e-03	   3.0000000000000000e+00	
   2.1500000000000004e+00	   1.1669724858191070e-03	   3.0000000000000000e+00	
   2.1600000000000001e+00	   1.1233842020239259e-03	   3.0000000000000000e+00	
   2.1699999999999999e+00	   1.0775571665631734e-03	   3.0000000000000000e+00	
   2.1799999999999997e+00	   1.0164633732020337e-03	   3.0000000000000000e+00	
   2.1899999999999999e+00	   9.4166803759173669e-04	   3.0000000000000000e+00	
   2.2000000000000002e+00	   8.5493411576050265e-04	   3.0000000000000000e+00	
   2.2100000000000000e+00	   7.6001888140363215e-04	   3.0000000000000000e+00	
   2.2199999999999998e+00	   6.6440244736930135e-04	   3.0000000000000000e+00	
   2.2300000000000000e+00	   5.6051255669249081e-04	   3.0000000000000000e+00	
   2.2400000000000002e+00	   4.5034712087623830e-04	   3.0000000000000000e+00	
   2.2500000000000000e+00	   3.3965200279861054e-04	   3.0000000000000000e+00	
   2.2599999999999998e+00	   2.2940478850949929e-04	   3.0000000000000000e+00	
   2.2700000000000000e+00	   1.2262033009157375e-04	   3.0000000000000000e+00	
   2.2800000000000002e+00	   5.0664631969321338e-05	   3.0000000000000000e+00	
   2.2900000000000000e+00	   1.3095215028140260e-04	   3.0000000000000000e+00	
   2.2999999999999998e+00	   2.3022546572356879e-04	   3.0000000000000000e+00	
   2.3100000000000001e+00	   3.2952963785131041e-04	   3.0000000000000000e+00	
   2.3200000000000003e+00	   4.2313472591046247e-04	   3.0000000000000000e+00	
   2.3300000000000001e+00	   5.1444404986904506e-04	   3.0000000000000000e+00	
   2.3399999999999999e+00	   5.9693550740348700e-04	   3.0000000000000000e+00	
   2.3500000000000001e+00	   6.6952343269943281e-04	   3.0000000000000000e+00	
   2.3600000000000003e+00	   7.3608167141214645e-04	   3.0000000000000000e+00	
   2.3700000000000001e+00	   7.9806912268974345e-04	   3.0000000000000000e+00	
   2.3799999999999999e+00	   8.4952030173523628e-04	   3.0000000000000000e+00	
   2.3900000000000001e+00	   8.8986704525232535e-04	   3.0000000000000000e+00	
   2.4000000000000004e+00	   9.1871523663965651e-04	   3.0000000000000000e+00	
   2.4100000000000001e+00	   9.4296794097671458e-04	   3.0000000000000000e+00	
   2.4199999999999999e+00	   9.6293022024977228e-04	   3.0000000000000000e+00	
   2.4299999999999997e+00	   9.7225574903922864e-04	   3.0000000000000000e+00	
   2.4399999999999999e+00	   9.7097689353463303e-04	   3.0000000000000000e+00	
   2.4500000000000002e+00	   9.5926869796737898e-04	   3.0000000000000000e+00	
   2.4600000000000000e+00	   9.4076720324344628e-04	   3.0000000000000000e+00	
   2.4699999999999998e+00	   9.2569195573859381e-04	   3.0000000000000000e+00	
   2.4800000000000000e+00	   9.0202057932535636e-04	   3.0000000000000000e+00	
   2.4900000000000002e+00	   8.7017957967554780e-04	   3.0000000000000000e+00	
   2.5000000000000000e+00	   1.8000159795631936e+02	   2.0000000000000000e+00	
   2.5100000000000002e+00	   3.4522780840235772e-05	   4.0000000000000000e+00	
   2.5200000000000000e+00	   3.4902953889866291e-05	   4.0000000000000000e+00	
   2.5300000000000002e+00	   3.4926682456234005e-05	   4.0000000000000000e+00	
   2.5400000000000000e+00	   3.5138538103094372e-05	   4.0000000000000000e+00	
   2.5499999999999998e+00	   3.5040421069948152e-05	   4.0000000000000000e+00	
   2.5600000000000001e+00	   3.4571925696146261e-05	   4.0000000000000000e+00	
   2.5699999999999998e+00	   3.3753544931612306e-05	   4.0000000000000000e+00	
   2.5800000000000001e+00	   3.2610396990665426e-05	   4.0000000000000000e+00	
   2.5899999999999999e+00	   3.1641081349834188e-05	   4.0000000000000000e+00	
   2.6000000000000001e+00	   3.0362225247294248e-05	   4.0000000000000000e+00	
   2.6099999999999999e+00	   2.8791036832427508e-05	   4.0000000000000000e+00	
   2.6200000000000001e+00	   2.6963443574582473e-05	   4.0000000000000000e+00	
   2.6299999999999999e+00	   2.5114766610587297e-05	   4.0000000000000000e+00	
   2.6400000000000001e+00	   2.3238519491780166e-05	   4.0000000000000000e+00	
   2.6499999999999999e+00	   2.1163545947698891e-05	   4.0000000000000000e+00	
   2.6600000000000001e+00	   1.8931134819662984e-05	   4.0000000000000000e+00	
   2.6699999999999999e+00	   1.6816833907778696e-05	   4.0000000000000000e+00	
   2.6800000000000002e+00	   1.4663113137561252e-05	   4.0000000000000000e+00	
   2.6899999999999999e+00	   1.2419316056321144e-05	   4.0000000000000000e+00	
   2.7000000000000002e+00	   1.0383909732032524e-05	   4.0000000000000000e+00	
   2.7100000000000000e+00	   8.3213210897698056e-06	   4.0000000000000000e+00	
   2.7200000000000002e+00	   6.5027371983376706e-06	   4.0000000000000000e+00	
   2.7300000000000000e+00	   4.8397646290842892e-06	   4.0000000000000000e+00	
   2.7400000000000002e+00	   3.4424020832516259e-06	   4.0000000000000000e+00	
   2.7500000000000000e+00	   3.1228058526398233e-06	   4.0000000000000000e+00	
   2.7600000000000002e+00	   4.1595917512897439e-06	   4.0000000000000000e+00	
   2.7700000000000000e+00	   5.2367358800427082e-06	   4.0000000000000000e+00	
   2.7800000000000002e+00	   6.3118899230092611e-06	   4.0000000000000000e+00	
   2.7900000000000000e+00	   7.3143555311189916e-06	   4.0000000000000000e+00	
   2.8000000000000003e+00	   8.1716695672864914e-06	   4.0000000000000000e+00	
   2.8100000000000001e+00	   8.8847645701443650e-06	   4.0000000000000000e+00	
   2.8199999999999998e+00	   9.4897058670032265e-06	   4.0000000000000000e+00	
   2.8300000000000001e+00	   9.8748204299423658e-06	   4.0000000000000000e+00	
   2.8399999999999999e+00	   1.0094349603888308e-05	   4.0000000000000000e+00	
   2.8500000000000001e+00	   1.0232260197820532e-05	   4.0000000000000000e+00	
   2.8599999999999999e+00	   1.0174000514665011e-05	   4.0000000000000000e+00	
   2.8700000000000001e+00	   9.9321166849182152e-06	   4.0000000000000000e+00	
   2.8799999999999999e+00	   9.5614324512355003e-06	   4.0000000000000000e+00	
   2.8900000000000001e+00	   9.1385687371707242e-06	   4.0000000000000000e+00	
   2.8999999999999999e+00	   8.5722751999127614e-06	   4.0000000000000000e+00	
   2.9100000000000001e+00	   7.8817000635881146e-06	   4.0000000000000000e+00	
   2.9199999999999999e+00	   7.0881585151166421e-06	   4.0000000000000000e+00	
   2.9300000000000002e+00	   6.2798079605483696e-06	   4.0000000000000000e+00	
   2.9399999999999999e+00	   5.4307261922295583e-06	   4.0000000000000000e+00	
   2.9500000000000002e+00	   4.5263261558913000e-06	   4.0000000000000000e+00	
   2.9600000000000000e+00	   3.1967109514400563e-06	   5.0000000000000000e+00	
   2.9700000000000002e+00	   2.0623852457908379e-06	   5.0000000000000000e+00	
   2.9800000000000000e+00	   1.1710235625915526e-06	   5.0000000000000000e+00	
   2.9900000000000002e+00	   4.9315851435720508e-07	   5.0000000000000000e+00	
   3.0000000000000000e+00	   2.5444437451708134e-14	   1.0000000000000000e+00	
   3.0100000000000002e+00	   4.0779379434523737e-07	   5.0000000000000000e+00	
   3.0200000000000000e+00	   7.7113851643391430e-07	   5.0000000000000000e+00	
   3.0300000000000002e+00	   1.0806385469315037e-06	   5.0000000000000000e+00	
   3.0400000000000000e+00	   1.3302322447816662e-06	   5.0000000000000000e+00	
   3.0500000000000003e+00	   1.5167893080669056e-06	   5.0000000000000000e+00	
   3.0600000000000001e+00	   1.6652725810101724e-06	   5.0000000000000000e+00	
   3.0699999999999998e+00	   1.7545766279117417e-06	   5.0000000000000000e+00	
   3.0800000000000001e+00	   1.7832412879229005e-06	   5.0000000000000000e+00	
   3.0899999999999999e+00	   1.7540162268990866e-06	   5.0000000000000000e+00	
   3.1000000000000001e+00	   1.6712550771438179e-06	   5.0000000000000000e+00	
   3.1099999999999999e+00	   1.5636525867155405e-06	   5.0000000000000000e+00	
   3.1200000000000001e+00	   1.4115180179146255e-06	   5.0000000000000000e+00	
   3.1299999999999999e+00	   1.2192250787057411e-06	   5.0000000000000000e+00	
   3.1400000000000001e+00	   9.9453845723274414e-07	   5.0000000000000000e+00	
   3.1499999999999999e+00	   7.6228612311676238e-07	   5.0000000000000000e+00	
   3.1600000000000001e+00	   5.0773452574025958e-07	   5.0000000000000000e+00	
   3.1699999999999999e+00	   2.6855147036233824e-07	   5.0000000000000000e+00	
   3.1800000000000002e+00	   1.3357368498522033e-07	   5.0000000000000000e+00	
   3.1899999999999999e+00	   3.7615789195620213e-07	   5.0000000000000000e+00	
   3.2000000000000002e+00	   6.4313106930784838e-07	   5.0000000000000000e+00	
   3.2100000000000000e+00	   8.9864645108614696e-07	   5.0000000000000000e+00	
   3.2200000000000002e+00	   1.1557061321067022e-06	   5.0000000000000000e+00	
   3.2300000000000000e+00	   1.3930341353277692e-06	   5.0000000000000000e+00	
   3.2400000000000002e+00	   1.6056455265082156e-06	   5.0000000000000000e+00	
   3.2500000000000000e+00	   1.7914990002090404e-06	   5.0000000000000000e+00	
   3.2600000000000002e+00	   1.9703408138923917e-06	   5.0000000000000000e+00	
   3.2700000000000000e+00	   2.1193354246117974e-06	   5.0000000000000000e+00	
   3.2800000000000002e+00	   2.2368064256057512e-06	   5.0000000000000000e+00	
   3.2900000000000000e+00	   2.3218754367267649e-06	   5.0000000000000000e+00	
   3.3000000000000003e+00	   2.3744338865602310e-06	   5.0000000000000000e+00	
   3.3100000000000001e+00	   2.4181133600005175e-06	   5.0000000000000000e+00	
   3.3199999999999998e+00	   2.4348529627889659e-06	   5.0000000000000000e+00	
   3.3300000000000001e+00	   2.4222205883717539e-06	   5.0000000000000000e+00	
   3.3399999999999999e+00	   2.3819380745534571e-06	   5.0000000000000000e+00	
   3.3500000000000001e+00	   2.3162466437181351e-06	   5.0000000000000000e+00	
   3.3599999999999999e+00	   2.2278341444604364e-06	   5.0000000000000000e+00	
   3.3700000000000001e+00	   2.1421723288356730e-06	   5.0000000000000000e+00	
   3.3799999999999999e+00	   2.0379386437593457e-06	   5.0000000000000000e+00	
   3.3900000000000001e+00	   1.9181649466204493e-06	   5.0000000000000000e+00	
   3.3999999999999999e+00	   1.7861156060774139e-06	   5.0000000000000000e+00	
   3.4100000000000001e+00	   1.6451890320851647e-06	   5.0000000000000000e+00	
   3.4199999999999999e+00	   1.4988447648596039e-06	   5.0000000000000000e+00	
   3.4300000000000002e+00	   1.3505324848971222e-06	   5.0000000000000000e+00	
   3.4399999999999999e+00	   1.2089571795276039e-06	   5.0000000000000000e+00	
   3.4500000000000002e+00	   1.0715610593984351e-06	   5.0000000000000000e+00	
   3.4600000000000000e+00	   9.3799890710448989e-07	   5.0000000000000000e+00	
   3.4700000000000002e+00	   8.1105090910392879e-07	   5.0000000000000000e+00	
   3.4800000000000000e+00	   6.9328738613481120e-07	   5.0000000000000000e+00	
   3.4900000000000002e+00	   5.9543807935946025e-07	   5.0000000000000000e+00	
   3.5000000000000000e+00	   1.8000000051635044e+02	   5.0000000000000000e+00	
   3.5100000000000002e+00	   3.9111840695580804e-08	   6.0000000000000000e+00	
   3.5200000000000000e+00	   4.0036307080404355e-08	   6.0000000000000000e+00	
   3.5300000000000002e+00	   4.1170187546564825e-08	   6.0000000000000000e+00	
   3.5400000000000000e+00	   4.1345957720481223e-08	   6.0000000000000000e+00	
   3.5500000000000003e+00	   4.0595066926843861e-08	   6.0000000000000000e+00	
   3.5600000000000001e+00	   4.4524324180323891e-08	   6.0000000000000000e+00	
   3.5700000000000003e+00	   5.1257583885419611e-08	   6.0000000000000000e+00	
   3.5800000000000001e+00	   5.7617242915411896e-08	   6.0000000000000000e+00	
   3.5899999999999999e+00	   6.3512006628724024e-08	   6.0000000000000000e+00	
   3.6000000000000001e+00	   6.9303904842528260e-08	   6.0000000000000000e+00	
   3.6099999999999999e+00	   7.5397949389962162e-08	   6.0000000000000000e+00	
   3.6200000000000001e+00	   8.0846875670245451e-08	   6.0000000000000000e+00	
   3.6299999999999999e+00	   8.5583942923942317e-08	   6.0000000000000000e+00	
   3.6400000000000001e+00	   8.9556506609965148e-08	   6.0000000000000000e+00	
   3.6499999999999999e+00	   9.3322741352692086e-08	   6.0000000000000000e+00	
   3.6600000000000001e+00	   9.6999920564338040e-08	   6.0000000000000000e+00	
   3.6699999999999999e+00	   9.9816645234679579e-08	   6.0000000000000000e+00	
   3.6800000000000002e+00	   1.0175683447924723e-07	   6.0000000000000000e+00	
   3.6899999999999999e+00	   1.0281870718741937e-07	   6.0000000000000000e+00	
   3.7000000000000002e+00	   1.0328386967069277e-07	   6.0000000000000000e+00	
   3.7100000000000000e+00	   1.0386583484408824e-07	   6.0000000000000000e+00	
   3.7200000000000002e+00	   1.0358416492149783e-07	   6.0000000000000000e+00	
   3.7300000000000000e+00	   1.0247198856048366e-07	   6.0000000000000000e+00	
   3.7400000000000002e+00	   1.0057408797096076e-07	   6.0000000000000000e+00	
   3.7500000000000000e+00	   9.7945219582325180e-08	   6.0000000000000000e+00	
   3.7600000000000002e+00	   9.5449489212655665e-08	   6.0000000000000000e+00	
   3.7700000000000000e+00	   9.2532119069973887e-08	   6.0000000000000000e+00	
   3.7800000000000002e+00	   8.9001487095831042e-08	   6.0000000000000000e+00	
   3.7900000000000000e+00	   8.4931000492275307e-08	   6.0000000000000000e+00	
   3.8000000000000003e+00	   8.0398824571158327e-08	   6.0000000000000000e+00	
   3.8100000000000001e+00	   7.5597955390551310e-08	   6.0000000000000000e+00	
   3.8200000000000003e+00	   7.1147837780216090e-08	   6.0000000000000000e+00	
   3.8300000000000001e+00	   6.6383557700664637e-08	   6.0000000000000000e+00	
   3.8399999999999999e+00	   6.1384361852340272e-08	   6.0000000000000000e+00	
   3.8500000000000001e+00	   5.6229127991343318e-08	   6.0000000000000000e+00	
   3.8599999999999999e+00	   5.0994698318777922e-08	   6.0000000000000000e+00	
   3.8700000000000001e+00	   4.5925301267524301e-08	   6.0000000000000000e+00	
   3.8799999999999999e+00	   4.1195969122812763e-08	   6.0000000000000000e+00	
   3.8900000000000001e+00	   3.6499663857913540e-08	   6.0000000000000000e+00	
   3.8999999999999999e+00	   3.1897337622742205e-08	   6.0000000000000000e+00	
   3.9100000000000001e+00	   2.7444777346411621e-08	   6.0000000000000000e+00	
   3.9199999999999999e+00	   2.3191663293046250e-08	   6.0000000000000000e+00	
   3.9300000000000002e+00	   1.9247750043594037e-08	   6.0000000000000000e+00	
   3.9399999999999999e+00	   1.5696622575083845e-08	   6.0000000000000000e+00	
   3.9500000000000002e+00	   1.2377980931569908e-08	   6.0000000000000000e+00	
   3.9600000000000000e+00	   9.3192796610626204e-09	   6.0000000000000000e+00	
   3.9700000000000002e+00	   5.9525798363117711e-09	   7.0000000000000000e+00	
   3.9800000000000000e+00	   3.2767919050152399e-09	   7.0000000000000000e+00	
   3.9900000000000002e+00	   1.3348597164821492e-09	   7.0000000000000000e+00	
   4.0000000000000000e+00	   3.1805546814635168e-14	   2.0000000000000000e+00	
   4.0099999999999998e+00	   1.0405439084782413e-09	   7.0000000000000000e+00	
   4.0199999999999996e+00	   1.8931361186100773e-09	   7.0000000000000000e+00	
   4.0300000000000002e+00	   2.5432542177199462e-09	   7.0000000000000000e+00	
   4.0400000000000000e+00	   2.9877049289076577e-09	   7.0000000000000000e+00	
   4.0500000000000007e+00	   3.2442929972800456e-09	   7.0000000000000000e+00	
   4.0600000000000005e+00	   3.3629912979922641e-09	   7.0000000000000000e+00	
   4.0700000000000003e+00	   3.3080694797527523e-09	   7.0000000000000000e+00	
   4.0800000000000001e+00	   3.0959773713740388e-09	   7.0000000000000000e+00	
   4.0899999999999999e+00	   2.7475158004728962e-09	   7.0000000000000000e+00	
   4.0999999999999996e+00	   2.3348960805372710e-09	   7.0000000000000000e+00	
   4.1099999999999994e+00	   1.8244679430372800e-09	   7.0000000000000000e+00	
   4.1200000000000001e+00	   1.2682907069991178e-09	   7.0000000000000000e+00	
   4.1299999999999999e+00	   7.2670585583951016e-10	   7.0000000000000000e+00	
   4.1400000000000006e+00	   4.4171543416165321e-10	   7.0000000000000000e+00	
   4.1500000000000004e+00	   8.3405593744826674e-10	   7.0000000000000000e+00	
   4.1600000000000001e+00	   1.4593911544801717e-09	   7.0000000000000000e+00	
   4.1699999999999999e+00	   2.0627550997725267e-09	   7.0000000000000000e+00	
   4.1799999999999997e+00	   2.6482188833176049e-09	   7.0000000000000000e+00	
   4.1899999999999995e+00	   3.1717127394490483e-09	   7.0000000000000000e+00	
   4.2000000000000002e+00	   3.6231606709359797e-09	   7.0000000000000000e+00	
   4.2100000000000000e+00	   4.0344063912492129e-09	   7.0000000000000000e+00	
   4.2200000000000006e+00	   4.3793820742194712e-09	   7.0000000000000000e+00	
   4.2300000000000004e+00	   4.6402638914118348e-09	   7.0000000000000000e+00	
   4.2400000000000002e+00	   4.8158813987035244e-09	   7.0000000000000000e+00	
   4.2500000000000000e+00	   4.9075068179671255e-09	   7.0000000000000000e+00	
   4.2599999999999998e+00	   4.9293508675194165e-09	   7.0000000000000000e+00	
   4.2699999999999996e+00	   4.9113107613661555e-09	   7.0000000000000000e+00	
   4.2799999999999994e+00	   4.8208812306627854e-09	   7.0000000000000000e+00	
   4.2900000000000000e+00	   4.6652248845519608e-09	   7.0000000000000000e+00	
   4.2999999999999998e+00	   4.4527511096114718e-09	   7.0000000000000000e+00	
   4.3100000000000005e+00	   4.1928361810422733e-09	   7.0000000000000000e+00	
   4.3200000000000003e+00	   3.8956451516063219e-09	   7.0000000000000000e+00	
   4.3300000000000001e+00	   3.5718137961584329e-09	   7.0000000000000000e+00	
   4.3399999999999999e+00	   3.2319906117721449e-09	   7.0000000000000000e+00	
   4.3499999999999996e+00	   2.8866332622401102e-09	   7.0000000000000000e+00	
   4.3599999999999994e+00	   2.5458177447932057e-09	   7.0000000000000000e+00	
   4.3700000000000001e+00	   2.2190348346009181e-09	   7.0000000000000000e+00	
   4.3799999999999999e+00	   1.9148465848657472e-09	   7.0000000000000000e+00	
   4.3900000000000006e+00	   1.6447793257533173e-09	   7.0000000000000000e+00	
   4.4000000000000004e+00	   1.4618719871317132e-09	   7.0000000000000000e+00	
   4.4100000000000001e+00	   1.3536059057746953e-09	   7.0000000000000000e+00	
   4.4199999999999999e+00	   1.3257188023276230e-09	   7.0000000000000000e+00	
   4.4299999999999997e+00	   1.3903858401111392e-09	   7.0000000000000000e+00	
   4.4399999999999995e+00	   1.4996569767474999e-09	   7.0000000000000000e+00	
   4.4499999999999993e+00	   1.6450846590027378e-09	   7.0000000000000000e+00	
   4.4600000000000000e+00	   1.8225468880096761e-09	   7.0000000000000000e+00	
   4.4699999999999998e+00	   2.0273618872772009e-09	   7.0000000000000000e+00	
   4.4800000000000004e+00	   2.2542499360340820e-09	   7.0000000000000000e+00	
   4.4900000000000002e+00	   2.4975114802911378e-09	   7.0000000000000000e+00	
   4.5000000000000000e+00	   1.8000000002763250e+02	   6.0000000000000000e+00	
   4.5099999999999998e+00	   1.5098093072907315e-10	   8.0000000000000000e+00	
   4.5199999999999996e+00	   1.4551037667695588e-10	   8.0000000000000000e+00	
   4.5299999999999994e+00	   1.3866582300244641e-10	   8.0000000000000000e+00	
   4.5400000000000000e+00	   1.3067626964261004e-10	   8.0000000000000000e+00	
   4.5499999999999998e+00	   1.2177071653451220e-10	   8.0000000000000000e+00	
   4.5600000000000005e+00	   1.1220360805266995e-10	   8.0000000000000000e+00	
   4.5700000000000003e+00	   1.1647827354455691e-10	   8.0000000000000000e+00	
   4.5800000000000001e+00	   1.2006593922524776e-10	   8.0000000000000000e+00	
   4.5899999999999999e+00	   1.2217782753373954e-10	   8.0000000000000000e+00	
   4.5999999999999996e+00	   1.2291571621983908e-10	   8.0000000000000000e+00	
   4.6099999999999994e+00	   1.2227960528354636e-10	   8.0000000000000000e+00	
   4.6200000000000001e+00	   1.2037127247466827e-10	   8.0000000000000000e+00	
   4.6299999999999999e+00	   1.1760418990179499e-10	   8.0000000000000000e+00	
   4.6400000000000006e+00	   1.1472896846975198e-10	   8.0000000000000000e+00	
   4.6500000000000004e+00	   1.1081052510218893e-10	   8.0000000000000000e+00	
   4.6600000000000001e+00	   1.0587430423655755e-10	   8.0000000000000000e+00	
   4.6699999999999999e+00	   1.0014930580992321e-10	   8.0000000000000000e+00	
   4.6799999999999997e+00	   9.3813640884447895e-11	   8.0000000000000000e+00	
   4.6899999999999995e+00	   8.7070864959745234e-11	   8.0000000000000000e+00	
   4.6999999999999993e+00	   7.9971866910718669e-11	   8.0000000000000000e+00	
   4.7100000000000000e+00	   7.2796535549336971e-11	   8.0000000000000000e+00	
   4.7199999999999998e+00	   6.5646648625406980e-11	   8.0000000000000000e+00	
   4.7300000000000004e+00	   5.8725761638542374e-11	   8.0000000000000000e+00	
   4.7400000000000002e+00	   5.2084763463646552e-11	   8.0000000000000000e+00	
   4.7500000000000000e+00	   4.5825431850526348e-11	   8.0000000000000000e+00	
   4.7599999999999998e+00	   4.0100433423892020e-11	   8.0000000000000000e+00	
   4.7699999999999996e+00	   3.5615851323028458e-11	   8.0000000000000000e+00	
   4.7799999999999994e+00	   3.1900963455079076e-11	   8.0000000000000000e+00	
   4.7900000000000000e+00	   2.8745853211067264e-11	   8.0000000000000000e+00	
   4.7999999999999998e+00	   2.6201409465896452e-11	   8.0000000000000000e+00	
   4.8100000000000005e+00	   2.6099631716089619e-11	   8.0000000000000000e+00	
   4.8200000000000003e+00	   2.7829853462805771e-11	   8.0000000000000000e+00	
   4.8300000000000001e+00	   2.9267464178827281e-11	   8.0000000000000000e+00	
   4.8399999999999999e+00	   3.0297963895621460e-11	   8.0000000000000000e+00	
   4.8499999999999996e+00	   3.0895908175736603e-11	   8.0000000000000000e+00	
   4.8599999999999994e+00	   3.0959519269365869e-11	   8.0000000000000000e+00	
   4.8700000000000001e+00	   3.0603297145041958e-11	   8.0000000000000000e+00	
   4.8799999999999999e+00	   2.9750908490409737e-11	   8.0000000000000000e+00	
   4.8900000000000006e+00	   2.8440519961646766e-11	   8.0000000000000000e+00	
   4.9000000000000004e+00	   2.6633964902575489e-11	   8.0000000000000000e+00	
   4.9100000000000001e+00	   2.4509354375357860e-11	   8.0000000000000000e+00	
   4.9199999999999999e+00	   2.2022160614453390e-11	   8.0000000000000000e+00	
   4.9299999999999997e+00	   2.0489133257987974e-11	   8.0000000000000000e+00	
   4.9399999999999995e+00	   1.9204189166676716e-11	   8.0000000000000000e+00	
   4.9499999999999993e+00	   1.7423078545057145e-11	   8.0000000000000000e+00	
   4.9600000000000000e+00	   1.5107634736951704e-11	   8.0000000000000000e+00	
   4.9699999999999998e+00	   1.2219691086182832e-11	   8.0000000000000000e+00	
   4.9800000000000004e+00	   8.7338031552988172e-12	   8.0000000000000000e+00	
   4.9900000000000002e+00	   4.6499709442996617e-12	   8.0000000000000000e+00	
   5.0000000000000000e+00	   3.8166656177562201e-14	   2.0000000000000000e+00	
   5.0099999999999998e+00	   5.2924429899552923e-12	   8.0000000000000000e+00	
   5.0199999999999996e+00	   1.1220996916203287e-11	   8.0000000000000000e+00	
   5.0299999999999994e+00	   1.7823828434921549e-11	   8.0000000000000000e+00	
   5.0400000000000000e+00	   2.4935548702673970e-11	   8.0000000000000000e+00	
   5.0499999999999998e+00	   3.2517991063282999e-11	   8.0000000000000000e+00	
   5.0600000000000005e+00	   4.0494822204393498e-11	   8.0000000000000000e+00	
   5.0700000000000003e+00	   4.9374930875039637e-11	   8.0000000000000000e+00	
   5.0800000000000001e+00	   5.8623983888735548e-11	   8.0000000000000000e+00	
   5.0899999999999999e+00	   6.8152925714400243e-11	   8.0000000000000000e+00	
   5.0999999999999996e+00	   7.7783645289871764e-11	   8.0000000000000000e+00	
   5.1099999999999994e+00	   8.7477975958972565e-11	   8.0000000000000000e+00	
   5.1200000000000001e+00	   9.7070528878266526e-11	   8.0000000000000000e+00	
   5.1299999999999999e+00	   1.0752819267091857e-10	   8.0000000000000000e+00	
   5.1400000000000006e+00	   1.1775685652650525e-10	   8.0000000000000000e+00	
   5.1500000000000004e+00	   1.2768018713267142e-10	   8.0000000000000000e+00	
   5.1600000000000001e+00	   1.3701829567744829e-10	   8.0000000000000000e+00	
   5.1699999999999999e+00	   1.4572029328593248e-10	   8.0000000000000000e+00	
   5.1799999999999997e+00	   1.5425690205098056e-10	   8.0000000000000000e+00	
   5.1899999999999995e+00	   1.6307339962799742e-10	   8.0000000000000000e+00	
   5.1999999999999993e+00	   1.7096117523802694e-10	   8.0000000000000000e+00	
   5.2100000000000000e+00	   1.7779300669381059e-10	   8.0000000000000000e+00	
   5.2199999999999998e+00	   1.8350528290171907e-10	   8.0000000000000000e+00	
   5.2300000000000004e+00	   1.8795805945576800e-10	   8.0000000000000000e+00	
   5.2400000000000002e+00	   1.9303422472738377e-10	   8.0000000000000000e+00	
   5.2500000000000000e+00	   1.9705444584475366e-10	   8.0000000000000000e+00	
   5.2599999999999998e+00	   1.9971338955845715e-10	   8.0000000000000000e+00	
   5.2699999999999996e+00	   2.0092200033741329e-10	   8.0000000000000000e+00	
   5.2799999999999994e+00	   2.0070572261907375e-10	   8.0000000000000000e+00	
   5.2900000000000000e+00	   2.0037494493220157e-10	   8.0000000000000000e+00	
   5.2999999999999998e+00	   1.9964977846482788e-10	   8.0000000000000000e+00	
   5.3100000000000005e+00	   1.9749972350015855e-10	   8.0000000000000000e+00	
   5.3200000000000003e+00	   1.9391205781946769e-10	   8.0000000000000000e+00	
   5.3300000000000001e+00	   1.8887405920402949e-10	   8.0000000000000000e+00	
   5.3399999999999999e+00	   1.8342894958936395e-10	   8.0000000000000000e+00	
   5.3499999999999996e+00	   1.7835278431774816e-10	   8.0000000000000000e+00	
   5.3599999999999994e+00	   1.7205528604845040e-10	   8.0000000000000000e+00	
   5.3700000000000001e+00	   1.6452373256274480e-10	   8.0000000000000000e+00	
   5.3799999999999999e+00	   1.5582173495426062e-10	   8.0000000000000000e+00	
   5.3900000000000006e+00	   1.4698615404915497e-10	   8.0000000000000000e+00	
   5.4000000000000004e+00	   1.3906021178294789e-10	   8.0000000000000000e+00	
   5.4100000000000001e+00	   1.3020554754975344e-10	   8.0000000000000000e+00	
   5.4199999999999999e+00	   1.2053666131810436e-10	   8.0000000000000000e+00	
   5.4299999999999997e+00	   1.1018077527525915e-10	   8.0000000000000000e+00	
   5.4399999999999995e+00	   1.0787169257651664e-10	   8.0000000000000000e+00	
   5.4499999999999993e+00	   1.1427732970498416e-10	   8.0000000000000000e+00	
   5.4600000000000000e+00	   1.1962702267920579e-10	   8.0000000000000000e+00	
   5.4699999999999998e+00	   1.2386988262427812e-10	   8.0000000000000000e+00	
   5.4800000000000004e+00	   1.2696774288402359e-10	   8.0000000000000000e+00	
   5.4900000000000002e+00	   1.3107701953247445e-10	   8.0000000000000000e+00	
   5.5000000000000000e+00	   1.8000000000158528e+02	   7.0000000000000000e+00	
   5.5099999999999998e+00	   1.5077737522945947e-10	   8.0000000000000000e+00	
   5.5199999999999996e+00	   1.4365293274298120e-10	   8.0000000000000000e+00	
   5.5299999999999994e+00	   1.3594326819511363e-10	   8.0000000000000000e+00	
   5.5400000000000000e+00	   1.2775015933566360e-10	   8.0000000000000000e+00	
   5.5499999999999998e+00	   1.1907360616463113e-10	   8.0000000000000000e+00	
   5.5600000000000005e+00	   1.1009171974417816e-10	   8.0000000000000000e+00	
   5.5700000000000003e+00	   1.1146571936657041e-10	   8.0000000000000000e+00	
   5.5800000000000001e+00	   1.1663094016926717e-10	   8.0000000000000000e+00	
   5.5899999999999999e+00	   1.2103282784841266e-10	   8.0000000000000000e+00	
   5.5999999999999996e+00	   1.2467138240400693e-10	   8.0000000000000000e+00	
   5.6099999999999994e+00	   1.2747027052369483e-10	   8.0000000000000000e+00	
   5.6200000000000001e+00	   1.2948038108237978e-10	   8.0000000000000000e+00	
   5.6299999999999999e+00	   1.3231107474888230e-10	   8.0000000000000000e+00	
   5.6400000000000006e+00	   1.3462651855698775e-10	   8.0000000000000000e+00	
   5.6500000000000004e+00	   1.3610229592918681e-10	   8.0000000000000000e+00	
   5.6600000000000001e+00	   1.3671296242802782e-10	   8.0000000000000000e+00	
   5.6699999999999999e+00	   1.3650940692841414e-10	   8.0000000000000000e+00	
   5.6799999999999997e+00	   1.3551707386779753e-10	   8.0000000000000000e+00	
   5.6899999999999995e+00	   1.3523718505582873e-10	   8.0000000000000000e+00	
   5.6999999999999993e+00	   1.3429574087011554e-10	   8.0000000000000000e+00	
   5.7100000000000000e+00	   1.3259096356085110e-10	   8.0000000000000000e+00	
   5.7199999999999998e+00	   1.3017374200293882e-10	   8.0000000000000000e+00	
   5.7300000000000004e+00	   1.2714585394618554e-10	   8.0000000000000000e+00	
   5.7400000000000002e+00	   1.2343096607823615e-10	   8.0000000000000000e+00	
   5.7500000000000000e+00	   1.2011046699078824e-10	   8.0000000000000000e+00	
   5.7599999999999998e+00	   1.1652280131009741e-10	   8.0000000000000000e+00	
   5.7699999999999996e+00	   1.1237535800546897e-10	   8.0000000000000000e+00	
   5.7799999999999994e+00	   1.0776991482670980e-10	   8.0000000000000000e+00	
   5.7900000000000000e+00	   1.0275736064872330e-10	   8.0000000000000000e+00	
   5.7999999999999998e+00	   9.7363139908961177e-11	   8.0000000000000000e+00	
   5.8100000000000005e+00	   9.2159752450086866e-11	   8.0000000000000000e+00	
   5.8200000000000003e+00	   8.7070864959745234e-11	   8.0000000000000000e+00	
   5.8300000000000001e+00	   8.1714810876160671e-11	   8.0000000000000000e+00	
   5.8399999999999999e+00	   7.6129756855510735e-11	   8.0000000000000000e+00	
   5.8499999999999996e+00	   7.0430202866328121e-11	   8.0000000000000000e+00	
   5.8599999999999994e+00	   6.4679760002242080e-11	   8.0000000000000000e+00	
   5.8700000000000001e+00	   5.8865706044526773e-11	   8.0000000000000000e+00	
   5.8799999999999999e+00	   5.3560540835845622e-11	   8.0000000000000000e+00	
   5.8900000000000006e+00	   4.8242653408438625e-11	   8.0000000000000000e+00	
   5.9000000000000004e+00	   4.3013821512112601e-11	   8.0000000000000000e+00	
   5.9100000000000001e+00	   3.7823156271964143e-11	   8.0000000000000000e+00	
   5.9199999999999999e+00	   3.2721546562896657e-11	   8.0000000000000000e+00	
   5.9299999999999997e+00	   2.7798047915991137e-11	   8.0000000000000000e+00	
   5.9399999999999995e+00	   2.3103549206150986e-11	   8.0000000000000000e+00	
   5.9500000000000002e+00	   1.8714383745731333e-11	   8.0000000000000000e+00	
   5.9600000000000000e+00	   1.4554218222377054e-11	   8.0000000000000000e+00	
   5.9699999999999998e+00	   1.0597608198636438e-11	   8.0000000000000000e+00	
   5.9800000000000004e+00	   6.8445536745094884e-12	   8.0000000000000000e+00	
   5.9900000000000002e+00	   3.3332213061737656e-12	   8.0000000000000000e+00	
   6.0000000000000000e+00	   5.0888874903416268e-14	   1.0000000000000000e+00	
   6.0099999999999998e+00	   2.9642769631239977e-12	   8.0000000000000000e+00	
   6.0199999999999996e+00	   5.7377206453601843e-12	   8.0000000000000000e+00	
   6.0300000000000002e+00	   8.3076088279827052e-12	   8.0000000000000000e+00	
   6.0400000000000000e+00	   1.0673941510991562e-11	   8.0000000000000000e+00	
   6.0499999999999998e+00	   1.2836718694386754e-11	   8.0000000000000000e+00	
   6.0600000000000005e+00	   1.4783218159442426e-11	   8.0000000000000000e+00	
   6.0700000000000003e+00	   1.6526162124884434e-11	   8.0000000000000000e+00	
   6.0800000000000001e+00	   1.8090995028164484e-11	   8.0000000000000000e+00	
   6.0899999999999999e+00	   1.9439550213105014e-11	   8.0000000000000000e+00	
   6.0999999999999996e+00	   2.0622716554609443e-11	   8.0000000000000000e+00	
   6.1099999999999994e+00	   2.1640494052677769e-11	   8.0000000000000000e+00	
   6.1200000000000001e+00	   2.2664632660109019e-11	   8.0000000000000000e+00	
   6.1299999999999999e+00	   2.3612437955185149e-11	   8.0000000000000000e+00	
   6.1399999999999997e+00	   2.4433021063002737e-11	   8.0000000000000000e+00	
   6.1500000000000004e+00	   2.5170909749102272e-11	   8.0000000000000000e+00	
   6.1600000000000001e+00	   2.5807020685394974e-11	   8.0000000000000000e+00	
   6.1699999999999999e+00	   2.6366798309332554e-11	   8.0000000000000000e+00	
   6.1799999999999997e+00	   2.6831159292826227e-11	   8.0000000000000000e+00	
   6.1899999999999995e+00	   2.7257353620142338e-11	   8.0000000000000000e+00	
   6.2000000000000002e+00	   2.7619936853829179e-11	   8.0000000000000000e+00	
   6.2100000000000000e+00	   2.7912547884523823e-11	   8.0000000000000000e+00	
   6.2199999999999998e+00	   2.8173353368403832e-11	   8.0000000000000000e+00	
   6.2300000000000004e+00	   2.8395992196106277e-11	   8.0000000000000000e+00	
   6.2400000000000002e+00	   2.8555019930179452e-11	   8.0000000000000000e+00	
   6.2500000000000000e+00	   2.9661852959328758e-11	   8.0000000000000000e+00	
   6.2599999999999998e+00	   3.1430241362222473e-11	   8.0000000000000000e+00	
   6.2699999999999996e+00	   3.3281324186834240e-11	   8.0000000000000000e+00	
   6.2800000000000002e+00	   3.5157851448897714e-11	   8.0000000000000000e+00	
   6.2900000000000000e+00	   3.7155239788856801e-11	   8.0000000000000000e+00	
   6.2999999999999998e+00	   3.9228961441171013e-11	   8.0000000000000000e+00	
   6.3100000000000005e+00	   4.1398099733929132e-11	   8.0000000000000000e+00	
   6.3200000000000003e+00	   4.3618126901590670e-11	   8.0000000000000000e+00	
   6.3300000000000001e+00	   4.5959015147147820e-11	   8.0000000000000000e+00	
   6.3399999999999999e+00	   4.8369875595697164e-11	   8.0000000000000000e+00	
   6.3499999999999996e+00	   5.0869791575327487e-11	   8.0000000000000000e+00	
   6.3599999999999994e+00	   5.3446040867312936e-11	   8.0000000000000000e+00	
   6.3700000000000001e+00	   5.6085901252927652e-11	   8.0000000000000000e+00	
   6.3799999999999999e+00	   5.9031094887962865e-11	   8.0000000000000000e+00	
   6.3899999999999997e+00	   6.2313427319233216e-11	   8.0000000000000000e+00	
   6.4000000000000004e+00	   6.5684815281584553e-11	   8.0000000000000000e+00	
   6.4100000000000001e+00	   6.9119814337565143e-11	   8.0000000000000000e+00	
   6.4199999999999999e+00	   7.2605702268449159e-11	   8.0000000000000000e+00	
   6.4299999999999997e+00	   7.6104312418059029e-11	   8.0000000000000000e+00	
   6.4399999999999995e+00	   7.9615644786394752e-11	   8.0000000000000000e+00	
   6.4500000000000002e+00	   8.3088810498552914e-11	   8.0000000000000000e+00	
   6.4600000000000000e+00	   8.6511087335807651e-11	   8.0000000000000000e+00	
   6.4699999999999998e+00	   8.9958808610514108e-11	   8.0000000000000000e+00	
   6.4800000000000004e+00	   9.4004474165335707e-11	   8.0000000000000000e+00	
   6.4900000000000002e+00	   9.7961084189076320e-11	   8.0000000000000000e+00	
   6.5000000000000000e+00	   1.8000000000008660e+02	   8.0000000000000000e+00	
   6.5099999999999998e+00	   1.6783150943146686e-10	   8.0000000000000000e+00	
   6.5199999999999996e+00	   1.7426895210674900e-10	   8.0000000000000000e+00	
   6.5300000000000002e+00	   1.7973950615886627e-10	   8.0000000000000000e+00	
   6.5400000000000000e+00	   1.8426861602527032e-10	   8.0000000000000000e+00	
   6.5499999999999998e+00	   1.8775450395615432e-10	   8.0000000000000000e+00	
   6.5600000000000005e+00	   1.9248716932217202e-10	   8.0000000000000000e+00	
   6.5700000000000003e+00	   1.9643105712718680e-10	   8.0000000000000000e+00	
   6.5800000000000001e+00	   1.9930627855922982e-10	   8.0000000000000000e+00	
   6.5899999999999999e+00	   2.0116372249320450e-10	   8.0000000000000000e+00	
   6.5999999999999996e+00	   2.0185072230440063e-10	   8.0000000000000000e+00	
   6.6099999999999994e+00	   2.0237233327216064e-10	   8.0000000000000000e+00	
   6.6200000000000001e+00	   2.0326288858297044e-10	   8.0000000000000000e+00	
   6.6299999999999999e+00	   2.0308477752080847e-10	   8.0000000000000000e+00	
   6.6399999999999997e+00	   2.0176166677331965e-10	   8.0000000000000000e+00	
   6.6500000000000004e+00	   1.9942077852776250e-10	   8.0000000000000000e+00	
   6.6600000000000001e+00	   1.9601122390923361e-10	   8.0000000000000000e+00	
   6.6699999999999999e+00	   1.9342861350788524e-10	   8.0000000000000000e+00	
   6.6799999999999997e+00	   1.9019716995151831e-10	   8.0000000000000000e+00	
   6.6899999999999995e+00	   1.8594794889708305e-10	   8.0000000000000000e+00	
   6.7000000000000002e+00	   1.8082089475056385e-10	   8.0000000000000000e+00	
   6.7100000000000000e+00	   1.7482872973068660e-10	   8.0000000000000000e+00	
   6.7199999999999998e+00	   1.6872206474227664e-10	   8.0000000000000000e+00	
   6.7300000000000004e+00	   1.6303523297181986e-10	   8.0000000000000000e+00	
   6.7400000000000002e+00	   1.5664867917144113e-10	   8.0000000000000000e+00	
   6.7500000000000000e+00	   1.4961329221604384e-10	   8.0000000000000000e+00	
   6.7599999999999998e+00	   1.4197996098053138e-10	   8.0000000000000000e+00	
   6.7699999999999996e+00	   1.3385046321471065e-10	   8.0000000000000000e+00	
   6.7800000000000002e+00	   1.2671329850950650e-10	   8.0000000000000000e+00	
   6.7900000000000000e+00	   1.1925807833615602e-10	   8.0000000000000000e+00	
   6.7999999999999998e+00	   1.1144663603848163e-10	   8.0000000000000000e+00	
   6.8100000000000005e+00	   1.0335530492883844e-10	   8.0000000000000000e+00	
   6.8200000000000003e+00	   9.5022251663404033e-11	   8.0000000000000000e+00	
   6.8300000000000001e+00	   8.7236253803181340e-11	   8.0000000000000000e+00	
   6.8399999999999999e+00	   7.9946422473266962e-11	   8.0000000000000000e+00	
   6.8499999999999996e+00	   7.2567535612271599e-11	   8.0000000000000000e+00	
   6.8599999999999994e+00	   6.5137759876372823e-11	   8.0000000000000000e+00	
   6.8700000000000001e+00	   5.7860650765184300e-11	   8.0000000000000000e+00	
   6.8799999999999999e+00	   5.0793458262972361e-11	   8.0000000000000000e+00	
   6.8899999999999997e+00	   4.4686793274562409e-11	   8.0000000000000000e+00	
   6.9000000000000004e+00	   3.8707350473410997e-11	   8.0000000000000000e+00	
   6.9100000000000001e+00	   3.2969629828050816e-11	   8.0000000000000000e+00	
   6.9199999999999999e+00	   2.7524520213385273e-11	   8.0000000000000000e+00	
   6.9299999999999997e+00	   2.2416549394954867e-11	   8.0000000000000000e+00	
   6.9399999999999995e+00	   1.9649466822081606e-11	   8.0000000000000000e+00	
   6.9500000000000002e+00	   1.7435800763782998e-11	   8.0000000000000000e+00	
   6.9600000000000000e+00	   1.4738690393901936e-11	   8.0000000000000000e+00	
   6.9699999999999998e+00	   1.1583580149890128e-11	   8.0000000000000000e+00	
   6.9800000000000004e+00	   8.0213589066509888e-12	   8.0000000000000000e+00	
   6.9900000000000002e+00	   4.1410821952654985e-12	   8.0000000000000000e+00	
   7.0000000000000000e+00	   7.6333312355124402e-14	   1.0000000000000000e+00	
   7.0099999999999998e+00	   4.6181653974850261e-12	   8.0000000000000000e+00	
   7.0199999999999996e+00	   9.4653307320354256e-12	   8.0000000000000000e+00	
   7.0300000000000002e+00	   1.4541496003651199e-11	   8.0000000000000000e+00	
   7.0400000000000000e+00	   1.9744883462525512e-11	   8.0000000000000000e+00	
   7.0499999999999998e+00	   2.5355381920627154e-11	   8.0000000000000000e+00	
   7.0599999999999996e+00	   3.1118547003439048e-11	   8.0000000000000000e+00	
   7.0700000000000003e+00	   3.6919878742428502e-11	   8.0000000000000000e+00	
   7.0800000000000001e+00	   4.2695766043966249e-11	   8.0000000000000000e+00	
   7.0899999999999999e+00	   4.8357153376971311e-11	   8.0000000000000000e+00	
   7.0999999999999996e+00	   5.4285707303219304e-11	   8.0000000000000000e+00	
   7.1100000000000003e+00	   6.0290594541822430e-11	   8.0000000000000000e+00	
   7.1200000000000001e+00	   6.6041037405908457e-11	   8.0000000000000000e+00	
   7.1299999999999999e+00	   7.1511591458025713e-11	   8.0000000000000000e+00	
   7.1399999999999997e+00	   7.6600478948367332e-11	   8.0000000000000000e+00	
   7.1500000000000004e+00	   8.1523977595272859e-11	   8.0000000000000000e+00	
   7.1600000000000001e+00	   8.6676476179243757e-11	   8.0000000000000000e+00	
   7.1699999999999999e+00	   9.1370974889083911e-11	   8.0000000000000000e+00	
   7.1799999999999997e+00	   9.5505695974986483e-11	   8.0000000000000000e+00	
   7.1899999999999995e+00	   9.9067917218225619e-11	   8.0000000000000000e+00	
   7.2000000000000002e+00	   1.0195586086899449e-10	   8.0000000000000000e+00	
   7.2100000000000000e+00	   1.0540358214370095e-10	   8.0000000000000000e+00	
   7.2199999999999998e+00	   1.0815158138848542e-10	   8.0000000000000000e+00	
   7.2300000000000004e+00	   1.1026346969697720e-10	   8.0000000000000000e+00	
   7.2400000000000002e+00	   1.1158658044446603e-10	   8.0000000000000000e+00	
   7.2500000000000000e+00	   1.1213363584967774e-10	   8.0000000000000000e+00	
   7.2599999999999998e+00	   1.1312596891029436e-10	   8.0000000000000000e+00	
   7.2699999999999996e+00	   1.1358396878442511e-10	   8.0000000000000000e+00	
   7.2800000000000002e+00	   1.1327863553500462e-10	   8.0000000000000000e+00	
   7.2900000000000000e+00	   1.1218452472458117e-10	   8.0000000000000000e+00	
   7.2999999999999998e+00	   1.1028891413442890e-10	   8.0000000000000000e+00	
   7.3099999999999996e+00	   1.0864774791879373e-10	   8.0000000000000000e+00	
   7.3200000000000003e+00	   1.0686663729717417e-10	   8.0000000000000000e+00	
   7.3300000000000001e+00	   1.0432219355200336e-10	   8.0000000000000000e+00	
   7.3399999999999999e+00	   1.0107802777691057e-10	   8.0000000000000000e+00	
   7.3499999999999996e+00	   9.7146862190621659e-11	   8.0000000000000000e+00	
   7.3600000000000003e+00	   9.3412890994583491e-11	   8.0000000000000000e+00	
   7.3700000000000001e+00	   8.9882475298158988e-11	   8.0000000000000000e+00	
   7.3799999999999999e+00	   8.5766837540345196e-11	   8.0000000000000000e+00	
   7.3899999999999997e+00	   8.1097783267956748e-11	   8.0000000000000000e+00	
   7.4000000000000004e+00	   7.5919840246534143e-11	   8.0000000000000000e+00	
   7.4100000000000001e+00	   7.4590368389682399e-11	   8.0000000000000000e+00	
   7.4199999999999999e+00	   8.0334450144405513e-11	   8.0000000000000000e+00	
   7.4299999999999997e+00	   8.5626893134360797e-11	   8.0000000000000000e+00	
   7.4399999999999995e+00	   9.0416808484644851e-11	   8.0000000000000000e+00	
   7.4500000000000002e+00	   9.4697835085894749e-11	   8.0000000000000000e+00	
   7.4600000000000000e+00	   9.8915250593515367e-11	   8.0000000000000000e+00	
   7.4699999999999998e+00	   1.0377513814679163e-10	   8.0000000000000000e+00	
   7.4800000000000004e+00	   1.0801163698250103e-10	   8.0000000000000000e+00	
   7.4900000000000002e+00	   1.1158658044446603e-10	   8.0000000000000000e+00	
   7.5000000000000000e+00	   1.8000000000008660e+02	   8.0000000000000000e+00	
   7.5099999999999998e+00	   9.2935807792363954e-11	   8.0000000000000000e+00	
   7.5199999999999996e+00	   9.1002030546034141e-11	   8.0000000000000000e+00	
   7.5300000000000002e+00	   8.8457586800863331e-11	   8.0000000000000000e+00	
   7.5400000000000000e+00	   8.5327920994303233e-11	   8.0000000000000000e+00	
   7.5499999999999998e+00	   8.2910699436390956e-11	   8.0000000000000000e+00	
   7.5599999999999996e+00	   8.0048200223073789e-11	   8.0000000000000000e+00	
   7.5700000000000003e+00	   7.6689534479448318e-11	   8.0000000000000000e+00	
   7.5800000000000001e+00	   7.2796535549336971e-11	   8.0000000000000000e+00	
   7.5899999999999999e+00	   6.8859008853685138e-11	   8.0000000000000000e+00	
   7.5999999999999996e+00	   6.5449454235156254e-11	   8.0000000000000000e+00	
   7.6100000000000003e+00	   6.1670955273577587e-11	   8.0000000000000000e+00	
   7.6200000000000001e+00	   5.7548956406400875e-11	   8.0000000000000000e+00	
   7.6299999999999999e+00	   5.3083457633626092e-11	   8.0000000000000000e+00	
   7.6399999999999997e+00	   5.2307402291348997e-11	   8.0000000000000000e+00	
   7.6500000000000004e+00	   5.5945956846943259e-11	   8.0000000000000000e+00	
   7.6600000000000001e+00	   5.9126511528406778e-11	   8.0000000000000000e+00	
   7.6699999999999999e+00	   6.1849066335739546e-11	   8.0000000000000000e+00	
   7.6799999999999997e+00	   6.4088176831489864e-11	   8.0000000000000000e+00	
   7.6900000000000004e+00	   6.6562648373668480e-11	   8.0000000000000000e+00	
   7.7000000000000002e+00	   6.8979869931580757e-11	   8.0000000000000000e+00	
   7.7100000000000000e+00	   7.0888202740458864e-11	   8.0000000000000000e+00	
   7.7199999999999998e+00	   7.2211313487947682e-11	   8.0000000000000000e+00	
   7.7300000000000004e+00	   7.3000091048950637e-11	   8.0000000000000000e+00	
   7.7400000000000002e+00	   7.4017868547018963e-11	   8.0000000000000000e+00	
   7.7500000000000000e+00	   7.4730312795666785e-11	   8.0000000000000000e+00	
   7.7599999999999998e+00	   7.4857534982925331e-11	   8.0000000000000000e+00	
   7.7699999999999996e+00	   7.4424979546246293e-11	   8.0000000000000000e+00	
   7.7800000000000002e+00	   7.3458090923081380e-11	   8.0000000000000000e+00	
   7.7900000000000000e+00	   7.2580257830997453e-11	   8.0000000000000000e+00	
   7.7999999999999998e+00	   7.1435258145670581e-11	   8.0000000000000000e+00	
   7.8099999999999996e+00	   6.9755925273857845e-11	   8.0000000000000000e+00	
   7.8200000000000003e+00	   6.7542259215559247e-11	   8.0000000000000000e+00	
   7.8300000000000001e+00	   6.4845148845678185e-11	   8.0000000000000000e+00	
   7.8399999999999999e+00	   6.2364316194136642e-11	   8.0000000000000000e+00	
   7.8499999999999996e+00	   5.9565428074448741e-11	   8.0000000000000000e+00	
   7.8600000000000003e+00	   5.6333984518081810e-11	   8.0000000000000000e+00	
   7.8700000000000001e+00	   5.2746318837390961e-11	   8.0000000000000000e+00	
   7.8799999999999999e+00	   4.8840597688553761e-11	   8.0000000000000000e+00	
   7.8899999999999997e+00	   4.5087543164426813e-11	   8.0000000000000000e+00	
   7.9000000000000004e+00	   4.1232710890493033e-11	   8.0000000000000000e+00	
   7.9100000000000001e+00	   3.7110712023316314e-11	   8.0000000000000000e+00	
   7.9199999999999999e+00	   3.2810602093977637e-11	   8.0000000000000000e+00	
   7.9299999999999997e+00	   2.8434158852283840e-11	   8.0000000000000000e+00	
   7.9400000000000004e+00	   2.4121326704219312e-11	   8.0000000000000000e+00	
   7.9500000000000002e+00	   1.9935716743413324e-11	   8.0000000000000000e+00	
   7.9600000000000000e+00	   1.5750106782607336e-11	   8.0000000000000000e+00	
   7.9699999999999998e+00	   1.1602663477978909e-11	   8.0000000000000000e+00	
   7.9800000000000004e+00	   7.5824423606090234e-12	   8.0000000000000000e+00	
   7.9900000000000002e+00	   3.7276100866752413e-12	   8.0000000000000000e+00	
   8.0000000000000000e+00	   7.6333312355124402e-14	   1.0000000000000000e+00	
