   2.5100000000000002e+00	   3.0881558835216261e-04	   2.0000000000000000e+00	
   2.5200000000000000e+00	   2.9648743459520510e-04	   2.0000000000000000e+00	
   2.5300000000000002e+00	   2.8461394202827783e-04	   2.0000000000000000e+00	
   2.5400000000000000e+00	   2.7648236254651515e-04	   2.0000000000000000e+00	
   2.5499999999999998e+00	   2.6725706514940661e-04	   2.0000000000000000e+00	
   2.5600000000000001e+00	   2.5706896187083217e-04	   2.0000000000000000e+00	
   2.5699999999999998e+00	   2.4604946216877366e-04	   2.0000000000000000e+00	
   2.5800000000000001e+00	   2.3432930153832743e-04	   2.0000000000000000e+00	
   2.5899999999999999e+00	   2.2527473018096877e-04	   2.0000000000000000e+00	
   2.6000000000000001e+00	   2.1703835669106830e-04	   2.0000000000000000e+00	
   2.6099999999999999e+00	   2.0804969426468922e-04	   2.0000000000000000e+00	
   2.6200000000000001e+00	   1.9842622917654040e-04	   2.0000000000000000e+00	
   2.6299999999999999e+00	   1.8828355910160965e-04	   2.0000000000000000e+00	
   2.6400000000000001e+00	   1.7816382549828980e-04	   2.0000000000000000e+00	
   2.6499999999999999e+00	   1.7097122922327124e-04	   2.0000000000000000e+00	
   2.6600000000000001e+00	   1.6320849053363951e-04	   2.0000000000000000e+00	
   2.6699999999999999e+00	   1.5497874389702737e-04	   2.0000000000000000e+00	
   2.6800000000000002e+00	   1.4638239069597603e-04	   2.0000000000000000e+00	
   2.6899999999999999e+00	   1.3751638746661854e-04	   2.0000000000000000e+00	
   2.7000000000000002e+00	   1.3003557237944996e-04	   2.0000000000000000e+00	
   2.7100000000000000e+00	   1.2346275798313933e-04	   2.0000000000000000e+00	
   2.7200000000000002e+00	   1.1656433276208134e-04	   2.0000000000000000e+00	
   2.7300000000000000e+00	   1.0942589770301936e-04	   2.0000000000000000e+00	
   2.7400000000000002e+00	   1.0212921584562551e-04	   2.0000000000000000e+00	
   2.7500000000000000e+00	   9.4751721125163613e-05	   2.0000000000000000e+00	
   2.7600000000000002e+00	   8.9293157716996419e-05	   2.0000000000000000e+00	
   2.7700000000000000e+00	   8.3626235136691207e-05	   2.0000000000000000e+00	
   2.7800000000000002e+00	   7.7822482868583620e-05	   2.0000000000000000e+00	
   2.7900000000000000e+00	   7.1949414341521134e-05	   2.0000000000000000e+00	
   2.8000000000000003e+00	   6.6070163139864135e-05	   2.0000000000000000e+00	
   2.8100000000000001e+00	   6.0830886200013978e-05	   2.0000000000000000e+00	
   2.8199999999999998e+00	   5.6275179290077304e-05	   2.0000000000000000e+00	
   2.8300000000000001e+00	   5.1664798421890978e-05	   2.0000000000000000e+00	
   2.8399999999999999e+00	   4.7054136865787299e-05	   2.0000000000000000e+00	
   2.8500000000000001e+00	   4.2493305178359364e-05	   2.0000000000000000e+00	
   2.8599999999999999e+00	   3.8027929004869065e-05	   2.0000000000000000e+00	
   2.8700000000000001e+00	   3.4362584109715044e-05	   2.0000000000000000e+00	
   2.8799999999999999e+00	   3.0798371349893827e-05	   2.0000000000000000e+00	
   2.8900000000000001e+00	   2.7285382668162939e-05	   2.0000000000000000e+00	
   2.8999999999999999e+00	   2.3862059079560183e-05	   2.0000000000000000e+00	
   2.9100000000000001e+00	   2.0562649427846580e-05	   2.0000000000000000e+00	
   2.9199999999999999e+00	   1.7545315925460159e-05	   2.0000000000000000e+00	
   2.9300000000000002e+00	   1.4882685240857896e-05	   2.0000000000000000e+00	
   2.9399999999999999e+00	   1.2307449571036244e-05	   2.0000000000000000e+00	
   2.9500000000000002e+00	   9.8477593819534803e-06	   2.0000000000000000e+00	
   2.9600000000000000e+00	   7.5279310622899942e-06	   2.0000000000000000e+00	
   2.9700000000000002e+00	   5.3684395560082976e-06	   2.0000000000000000e+00	
   2.9800000000000000e+00	   3.4447328014497458e-06	   2.0000000000000000e+00	
   2.9900000000000002e+00	   1.6576081247610119e-06	   2.0000000000000000e+00	
   3.0000000000000000e+00	   2.2204460492503131e-16	   1.0000000000000000e+00	
   3.0100000000000002e+00	   1.5123455989751733e-06	   2.0000000000000000e+00	
   3.0200000000000000e+00	   2.8671423790704864e-06	   2.0000000000000000e+00	
   3.0300000000000002e+00	   4.0754565278078303e-06	   2.0000000000000000e+00	
   3.0400000000000000e+00	   5.2107213972529820e-06	   2.0000000000000000e+00	
   3.0500000000000003e+00	   6.2125056834450021e-06	   2.0000000000000000e+00	
   3.0600000000000001e+00	   7.0724332352778418e-06	   2.0000000000000000e+00	
   3.0699999999999998e+00	   7.7851548221374856e-06	   2.0000000000000000e+00	
   3.0800000000000001e+00	   8.3482082033903282e-06	   2.0000000000000000e+00	
   3.0899999999999999e+00	   8.8907509090407899e-06	   2.0000000000000000e+00	
   3.1000000000000001e+00	   9.3651171457764804e-06	   2.0000000000000000e+00	
   3.1099999999999999e+00	   9.7082579719742768e-06	   2.0000000000000000e+00	
   3.1200000000000001e+00	   9.9204361601046287e-06	   2.0000000000000000e+00	
   3.1299999999999999e+00	   1.0004250232231726e-05	   2.0000000000000000e+00	
   3.1400000000000001e+00	   9.9884822390983175e-06	   2.0000000000000000e+00	
   3.1499999999999999e+00	   1.0046705593680372e-05	   2.0000000000000000e+00	
   3.1600000000000001e+00	   9.9899553038795830e-06	   2.0000000000000000e+00	
   3.1699999999999999e+00	   9.8228489378016093e-06	   2.0000000000000000e+00	
   3.1800000000000002e+00	   9.5518121763227271e-06	   2.0000000000000000e+00	
   3.1899999999999999e+00	   9.1848805554572976e-06	   2.0000000000000000e+00	
   3.2000000000000002e+00	   8.8354648539734626e-06	   2.0000000000000000e+00	
   3.2100000000000000e+00	   8.4783060425586143e-06	   2.0000000000000000e+00	
   3.2200000000000002e+00	   8.0343594992537959e-06	   2.0000000000000000e+00	
   3.2300000000000000e+00	   7.5127752670045567e-06	   2.0000000000000000e+00	
   3.2400000000000002e+00	   6.9238161930496034e-06	   2.0000000000000000e+00	
   3.2500000000000000e+00	   6.2786533894243490e-06	   2.0000000000000000e+00	
   3.2600000000000002e+00	   5.7049879274018167e-06	   2.0000000000000000e+00	
   3.2700000000000000e+00	   5.0697997513449167e-06	   2.0000000000000000e+00	
   3.2800000000000002e+00	   4.3839908403509043e-06	   2.0000000000000000e+00	
   3.2900000000000000e+00	   3.6591249783501922e-06	   2.0000000000000000e+00	
   3.3000000000000003e+00	   2.9072334184476745e-06	   2.0000000000000000e+00	
   3.3100000000000001e+00	   2.1573691544318763e-06	   2.0000000000000000e+00	
   3.3199999999999998e+00	   1.4019080429861219e-06	   2.0000000000000000e+00	
   3.3300000000000001e+00	   6.2256820609896124e-07	   2.0000000000000000e+00	
   3.3399999999999999e+00	   2.6152791332556546e-07	   2.0000000000000000e+00	
   3.3500000000000001e+00	   9.7654934050339648e-07	   2.0000000000000000e+00	
   3.3599999999999999e+00	   1.7620435905918441e-06	   2.0000000000000000e+00	
   3.3700000000000001e+00	   2.5679598727457176e-06	   2.0000000000000000e+00	
   3.3799999999999999e+00	   2.5707658579676718e-06	   3.0000000000000000e+00	
   3.3900000000000001e+00	   1.5052712847296590e-06	   3.0000000000000000e+00	
   3.3999999999999999e+00	   4.5455463215660075e-07	   3.0000000000000000e+00	
   3.4100000000000001e+00	   5.9167022081751952e-07	   3.0000000000000000e+00	
   3.4199999999999999e+00	   1.5803789923385381e-06	   3.0000000000000000e+00	
   3.4300000000000002e+00	   2.5631554385618927e-06	   3.0000000000000000e+00	
   3.4399999999999999e+00	   3.5178774571154037e-06	   3.0000000000000000e+00	
   3.4500000000000002e+00	   4.4309719826607363e-06	   3.0000000000000000e+00	
   3.4600000000000000e+00	   4.7240734331044365e-06	   4.0000000000000000e+00	
   3.4700000000000002e+00	   9.9774837369892566e-07	   4.0000000000000000e+00	
   3.4800000000000000e+00	   5.6369447125614869e-06	   4.0000000000000000e+00	
   3.4900000000000002e+00	   7.7308335901804526e-06	   3.0000000000000000e+00	
   3.5100000000000002e+00	   8.2001603833870007e-06	   3.0000000000000000e+00	
   3.5200000000000000e+00	   7.8972584152126046e-06	   3.0000000000000000e+00	
   3.5300000000000002e+00	   7.6042905226003654e-06	   3.0000000000000000e+00	
   3.5400000000000000e+00	   7.4113384564977736e-06	   3.0000000000000000e+00	
   3.5500000000000003e+00	   7.1866701700784574e-06	   3.0000000000000000e+00	
   3.5600000000000001e+00	   6.9336264365560396e-06	   3.0000000000000000e+00	
   3.5700000000000003e+00	   6.6556225335467900e-06	   3.0000000000000000e+00	
   3.5800000000000001e+00	   6.3561129186595622e-06	   3.0000000000000000e+00	
   3.5899999999999999e+00	   6.1284209733614148e-06	   3.0000000000000000e+00	
   3.6000000000000001e+00	   5.9217615822060310e-06	   3.0000000000000000e+00	
   3.6099999999999999e+00	   5.6925003806274077e-06	   3.0000000000000000e+00	
   3.6200000000000001e+00	   5.4437798078232902e-06	   3.0000000000000000e+00	
   3.6299999999999999e+00	   5.1787367234545911e-06	   3.0000000000000000e+00	
   3.6400000000000001e+00	   4.9125467171950987e-06	   3.0000000000000000e+00	
   3.6499999999999999e+00	   4.7271184437924774e-06	   3.0000000000000000e+00	
   3.6600000000000001e+00	   4.5242435617875998e-06	   3.0000000000000000e+00	
   3.6699999999999999e+00	   4.3067510482330817e-06	   3.0000000000000000e+00	
   3.6800000000000002e+00	   4.0774299365775590e-06	   3.0000000000000000e+00	
   3.6899999999999999e+00	   3.8390053771486521e-06	   3.0000000000000000e+00	
   3.7000000000000002e+00	   3.6386288466694339e-06	   3.0000000000000000e+00	
   3.7100000000000000e+00	   3.4629442591249671e-06	   3.0000000000000000e+00	
   3.7200000000000002e+00	   3.2768334021771039e-06	   3.0000000000000000e+00	
   3.7300000000000000e+00	   3.0827237929020868e-06	   3.0000000000000000e+00	
   3.7400000000000002e+00	   2.8829581852907182e-06	   3.0000000000000000e+00	
   3.7500000000000000e+00	   2.6797769454578457e-06	   3.0000000000000000e+00	
   3.7600000000000002e+00	   2.5308129021350823e-06	   3.0000000000000000e+00	
   3.7700000000000000e+00	   2.3749817248397420e-06	   3.0000000000000000e+00	
   3.7800000000000002e+00	   2.2143490467918525e-06	   3.0000000000000000e+00	
   3.7900000000000000e+00	   2.0508821838571833e-06	   3.0000000000000000e+00	
   3.8000000000000003e+00	   1.8864365636250824e-06	   3.0000000000000000e+00	
   3.8100000000000001e+00	   1.7397913676386878e-06	   3.0000000000000000e+00	
   3.8200000000000003e+00	   1.6123127610789822e-06	   3.0000000000000000e+00	
   3.8300000000000001e+00	   1.4826344945095826e-06	   3.0000000000000000e+00	
   3.8399999999999999e+00	   1.3523646951174584e-06	   3.0000000000000000e+00	
   3.8500000000000001e+00	   1.2229958008536101e-06	   3.0000000000000000e+00	
   3.8599999999999999e+00	   1.0958963170271119e-06	   3.0000000000000000e+00	
   3.8700000000000001e+00	   9.9165999856154485e-07	   3.0000000000000000e+00	
   3.8799999999999999e+00	   8.8996667346741276e-07	   3.0000000000000000e+00	
   3.8900000000000001e+00	   7.8939445380399320e-07	   3.0000000000000000e+00	
   3.8999999999999999e+00	   6.9110060318955391e-07	   3.0000000000000000e+00	
   3.9100000000000001e+00	   5.9612232239381058e-07	   3.0000000000000000e+00	
   3.9199999999999999e+00	   5.0911944793341490e-07	   3.0000000000000000e+00	
   3.9300000000000002e+00	   4.3225205148544887e-07	   3.0000000000000000e+00	
   3.9399999999999999e+00	   3.5773972606456539e-07	   3.0000000000000000e+00	
   3.9500000000000002e+00	   2.8643634553127129e-07	   3.0000000000000000e+00	
   3.9600000000000000e+00	   2.1908284253413512e-07	   3.0000000000000000e+00	
   3.9700000000000002e+00	   1.5630596195137514e-07	   3.0000000000000000e+00	
   3.9800000000000000e+00	   1.0033398223363577e-07	   3.0000000000000000e+00	
   3.9900000000000002e+00	   4.8293028465096199e-08	   3.0000000000000000e+00	
   4.0000000000000000e+00	   2.2204460492503131e-16	   1.0000000000000000e+00	
   4.0099999999999998e+00	   4.4063888537948515e-08	   3.0000000000000000e+00	
   4.0199999999999996e+00	   8.3520098836942225e-08	   3.0000000000000000e+00	
   4.0300000000000002e+00	   1.1867378346686053e-07	   3.0000000000000000e+00	
   4.0400000000000000e+00	   1.5165606859213199e-07	   3.0000000000000000e+00	
   4.0500000000000007e+00	   1.8068824214623191e-07	   3.0000000000000000e+00	
   4.0600000000000005e+00	   2.0551189083839461e-07	   3.0000000000000000e+00	
   4.0700000000000003e+00	   2.2595839066497092e-07	   3.0000000000000000e+00	
   4.0800000000000001e+00	   2.4194559489210121e-07	   3.0000000000000000e+00	
   4.0899999999999999e+00	   2.5724701102625147e-07	   3.0000000000000000e+00	
   4.0999999999999996e+00	   2.7045942374570586e-07	   3.0000000000000000e+00	
   4.1099999999999994e+00	   2.7973063043695845e-07	   3.0000000000000000e+00	
   4.1200000000000001e+00	   2.8506475668876874e-07	   3.0000000000000000e+00	
   4.1299999999999999e+00	   2.8653762451646969e-07	   3.0000000000000000e+00	
   4.1400000000000006e+00	   2.8499217008537414e-07	   3.0000000000000000e+00	
   4.1500000000000004e+00	   2.8548108654824489e-07	   3.0000000000000000e+00	
   4.1600000000000001e+00	   2.8249190742180019e-07	   3.0000000000000000e+00	
   4.1699999999999999e+00	   2.7616615616565809e-07	   3.0000000000000000e+00	
   4.1799999999999997e+00	   2.6670229447134375e-07	   3.0000000000000000e+00	
   4.1899999999999995e+00	   2.5435012362962084e-07	   3.0000000000000000e+00	
   4.2000000000000002e+00	   2.4236871976057728e-07	   3.0000000000000000e+00	
   4.2100000000000000e+00	   2.3001117943621807e-07	   3.0000000000000000e+00	
   4.2200000000000006e+00	   1.9953166185970872e-07	   2.0000000000000000e+00	
   4.2300000000000004e+00	   1.5897906635586878e-07	   2.0000000000000000e+00	
   4.2400000000000002e+00	   1.1539509103819512e-07	   2.0000000000000000e+00	
   4.2500000000000000e+00	   6.9535849300805808e-08	   2.0000000000000000e+00	
   4.2599999999999998e+00	   2.2533338306374162e-08	   2.0000000000000000e+00	
   4.2699999999999996e+00	   2.7356771070685681e-08	   2.0000000000000000e+00	
   4.2799999999999994e+00	   7.9213270609557185e-08	   2.0000000000000000e+00	
   4.2900000000000000e+00	   7.0977641097869082e-08	   3.0000000000000000e+00	
   4.2999999999999998e+00	   4.6604550441031733e-08	   3.0000000000000000e+00	
   4.3100000000000005e+00	   2.2121124709784112e-08	   3.0000000000000000e+00	
   4.3200000000000003e+00	   2.8254101280822397e-09	   3.0000000000000000e+00	
   4.3300000000000001e+00	   2.8382824535100326e-08	   3.0000000000000000e+00	
   4.3399999999999999e+00	   5.4178633357437889e-08	   3.0000000000000000e+00	
   4.3499999999999996e+00	   5.1412742285705804e-08	   4.0000000000000000e+00	
   4.3599999999999994e+00	   2.7759704535057494e-08	   4.0000000000000000e+00	
   4.3700000000000001e+00	   4.6673693798737759e-09	   4.0000000000000000e+00	
   4.3799999999999999e+00	   1.8572249960158160e-08	   4.0000000000000000e+00	
   4.3900000000000006e+00	   4.1644110382321742e-08	   4.0000000000000000e+00	
   4.4000000000000004e+00	   6.4220446294172007e-08	   4.0000000000000000e+00	
   4.4100000000000001e+00	   6.2402847778031401e-08	   5.0000000000000000e+00	
   4.4199999999999999e+00	   1.7511647909529415e-08	   5.0000000000000000e+00	
   4.4299999999999997e+00	   2.5999488562078454e-08	   5.0000000000000000e+00	
   4.4399999999999995e+00	   6.8290099797252424e-08	   5.0000000000000000e+00	
   4.4499999999999993e+00	   1.0883427203900453e-07	   5.0000000000000000e+00	
   4.4600000000000000e+00	   1.4708969708898678e-07	   5.0000000000000000e+00	
   4.4699999999999998e+00	   1.4501196066163402e-07	   6.0000000000000000e+00	
   4.4800000000000004e+00	   1.4384651714216545e-07	   6.0000000000000000e+00	
   4.4900000000000002e+00	   2.4477036353331982e-07	   4.0000000000000000e+00	
   4.5099999999999998e+00	   2.5381315071903998e-07	   4.0000000000000000e+00	
   4.5199999999999996e+00	   2.4479470783766999e-07	   4.0000000000000000e+00	
   4.5299999999999994e+00	   2.3605247556623965e-07	   4.0000000000000000e+00	
   4.5400000000000000e+00	   2.3039025576210292e-07	   4.0000000000000000e+00	
   4.5499999999999998e+00	   2.2371839669688143e-07	   4.0000000000000000e+00	
   4.5600000000000005e+00	   2.1613736111980586e-07	   4.0000000000000000e+00	
   4.5700000000000003e+00	   2.0775063869216126e-07	   4.0000000000000000e+00	
   4.5800000000000001e+00	   1.9866363509812857e-07	   4.0000000000000000e+00	
   4.5899999999999999e+00	   1.9179660815105137e-07	   4.0000000000000000e+00	
   4.5999999999999996e+00	   1.8556638736733078e-07	   4.0000000000000000e+00	
   4.6099999999999994e+00	   1.7860602818942084e-07	   4.0000000000000000e+00	
   4.6200000000000001e+00	   1.7101207494540915e-07	   4.0000000000000000e+00	
   4.6299999999999999e+00	   1.6288147963727795e-07	   4.0000000000000000e+00	
   4.6400000000000006e+00	   1.5469105107968062e-07	   4.0000000000000000e+00	
   4.6500000000000004e+00	   1.4902480205414292e-07	   4.0000000000000000e+00	
   4.6600000000000001e+00	   1.4279063265121295e-07	   4.0000000000000000e+00	
   4.6699999999999999e+00	   1.3607651982994184e-07	   4.0000000000000000e+00	
   4.6799999999999997e+00	   1.2896965229103330e-07	   4.0000000000000000e+00	
   4.6899999999999995e+00	   1.2155564621529891e-07	   4.0000000000000000e+00	
   4.6999999999999993e+00	   1.1532937049807401e-07	   4.0000000000000000e+00	
   4.7100000000000000e+00	   1.0987096876746705e-07	   4.0000000000000000e+00	
   4.7199999999999998e+00	   1.0406730877043913e-07	   4.0000000000000000e+00	
   4.7300000000000004e+00	   9.7995050962751407e-08	   4.0000000000000000e+00	
   4.7400000000000002e+00	   9.1728506124155729e-08	   4.0000000000000000e+00	
   4.7500000000000000e+00	   8.5339040500898022e-08	   4.0000000000000000e+00	
   4.7599999999999998e+00	   8.0664395163410063e-08	   5.0000000000000000e+00	
   4.7699999999999996e+00	   7.5553148848328533e-08	   5.0000000000000000e+00	
   4.7799999999999994e+00	   7.0310552935382020e-08	   5.0000000000000000e+00	
   4.7900000000000000e+00	   6.4999480242633467e-08	   5.0000000000000000e+00	
   4.7999999999999998e+00	   5.9678745722990811e-08	   5.0000000000000000e+00	
   4.8100000000000005e+00	   5.4941332372493434e-08	   5.0000000000000000e+00	
   4.8200000000000003e+00	   5.0826872266540590e-08	   5.0000000000000000e+00	
   4.8300000000000001e+00	   4.6659163643880674e-08	   5.0000000000000000e+00	
   4.8399999999999999e+00	   4.2488696561093775e-08	   5.0000000000000000e+00	
   4.8499999999999996e+00	   3.8361950727150429e-08	   5.0000000000000000e+00	
   4.8599999999999994e+00	   3.4321181452412475e-08	   5.0000000000000000e+00	
   4.8700000000000001e+00	   3.1009699474893182e-08	   5.0000000000000000e+00	
   4.8799999999999999e+00	   2.7789124112942432e-08	   5.0000000000000000e+00	
   4.8900000000000006e+00	   2.4614301485925694e-08	   5.0000000000000000e+00	
   4.9000000000000004e+00	   2.1520639048588919e-08	   5.0000000000000000e+00	
   4.9100000000000001e+00	   1.8539590751487367e-08	   5.0000000000000000e+00	
   4.9199999999999999e+00	   1.5814989318130301e-08	   5.0000000000000000e+00	
   4.9299999999999997e+00	   1.3412427168901786e-08	   5.0000000000000000e+00	
   4.9399999999999995e+00	   1.1089117846196928e-08	   5.0000000000000000e+00	
   4.9499999999999993e+00	   8.8707283740774301e-09	   5.0000000000000000e+00	
   4.9600000000000000e+00	   6.7793237690239039e-09	   5.0000000000000000e+00	
   4.9699999999999998e+00	   4.8333703706049391e-09	   5.0000000000000000e+00	
   4.9800000000000004e+00	   3.1007989509390654e-09	   5.0000000000000000e+00	
   4.9900000000000002e+00	   1.4918328794522040e-09	   5.0000000000000000e+00	
   5.0000000000000000e+00	   2.2204460492503131e-16	   1.0000000000000000e+00	
   5.0099999999999998e+00	   1.3606249460451636e-09	   5.0000000000000000e+00	
   5.0199999999999996e+00	   2.5791084823367783e-09	   5.0000000000000000e+00	
   5.0299999999999994e+00	   3.6655776192162648e-09	   5.0000000000000000e+00	
   5.0400000000000000e+00	   4.6865367142601144e-09	   5.0000000000000000e+00	
   5.0499999999999998e+00	   5.5876887561367994e-09	   5.0000000000000000e+00	
   5.0600000000000005e+00	   6.3616032441871084e-09	   5.0000000000000000e+00	
   5.0700000000000003e+00	   7.0035166555015849e-09	   5.0000000000000000e+00	
   5.0800000000000001e+00	   7.5112103203878178e-09	   5.0000000000000000e+00	
   5.0899999999999999e+00	   8.0022766191234496e-09	   5.0000000000000000e+00	
   5.0999999999999996e+00	   8.4338132033678903e-09	   5.0000000000000000e+00	
   5.1099999999999994e+00	   8.7484843813712132e-09	   5.0000000000000000e+00	
   5.1200000000000001e+00	   8.9464278207884718e-09	   5.0000000000000000e+00	
   5.1299999999999999e+00	   9.0298308830227825e-09	   5.0000000000000000e+00	
   5.1400000000000006e+00	   8.9717002715872241e-09	   4.0000000000000000e+00	
   5.1500000000000004e+00	   8.9540308501057098e-09	   4.0000000000000000e+00	
   5.1600000000000001e+00	   8.8224860750329981e-09	   4.0000000000000000e+00	
   5.1699999999999999e+00	   8.5820437423222984e-09	   4.0000000000000000e+00	
   5.1799999999999997e+00	   8.2395821277003733e-09	   4.0000000000000000e+00	
   5.1899999999999995e+00	   7.8036961337346611e-09	   4.0000000000000000e+00	
   5.1999999999999993e+00	   7.3747550288771890e-09	   4.0000000000000000e+00	
   5.2100000000000000e+00	   3.9140894969591500e-09	   2.0000000000000000e+00	
   5.2199999999999998e+00	   2.3013062566690223e-09	   2.0000000000000000e+00	
   5.2300000000000004e+00	   5.3870268246214437e-09	   3.0000000000000000e+00	
   5.2400000000000002e+00	   3.7703489219609310e-09	   3.0000000000000000e+00	
   5.2500000000000000e+00	   2.0727635163808600e-09	   3.0000000000000000e+00	
   5.2599999999999998e+00	   3.3118929820830090e-10	   3.0000000000000000e+00	
   5.2699999999999996e+00	   1.5110090956227396e-09	   3.0000000000000000e+00	
   5.2799999999999994e+00	   2.2062847104820094e-09	   4.0000000000000000e+00	
   5.2900000000000000e+00	   1.3908643126114839e-09	   4.0000000000000000e+00	
   5.2999999999999998e+00	   5.5546012234231057e-10	   4.0000000000000000e+00	
   5.3100000000000005e+00	   2.8908964111451496e-10	   4.0000000000000000e+00	
   5.3200000000000003e+00	   1.1569274427358778e-09	   4.0000000000000000e+00	
   5.3300000000000001e+00	   1.3355816452786939e-09	   5.0000000000000000e+00	
   5.3399999999999999e+00	   6.9103700539585589e-10	   5.0000000000000000e+00	
   5.3499999999999996e+00	   4.4157122403021276e-11	   5.0000000000000000e+00	
   5.3599999999999994e+00	   5.9505689264938155e-10	   5.0000000000000000e+00	
   5.3700000000000001e+00	   1.2409961946957537e-09	   5.0000000000000000e+00	
   5.3799999999999999e+00	   1.1809868638579246e-09	   6.0000000000000000e+00	
   5.3900000000000006e+00	   3.4220071221113812e-10	   6.0000000000000000e+00	
   5.4000000000000004e+00	   4.8281356690438315e-10	   6.0000000000000000e+00	
   5.4100000000000001e+00	   1.2820144945635548e-09	   6.0000000000000000e+00	
   5.4199999999999999e+00	   2.0592649807582575e-09	   6.0000000000000000e+00	
   5.4299999999999997e+00	   1.4373227052999482e-09	   7.0000000000000000e+00	
   5.4399999999999995e+00	   6.2791216670632366e-10	   7.0000000000000000e+00	
   5.4499999999999993e+00	   2.6098940786312141e-09	   7.0000000000000000e+00	
   5.4600000000000000e+00	   4.4829313594618725e-09	   7.0000000000000000e+00	
   5.4699999999999998e+00	   5.6133746539899221e-09	   6.0000000000000000e+00	
   5.4800000000000004e+00	   1.5065497738220301e-09	   8.0000000000000000e+00	
   5.4900000000000002e+00	   6.9226298027302846e-09	   6.0000000000000000e+00	
   5.5099999999999998e+00	   7.2721773047845772e-09	   6.0000000000000000e+00	
   5.5199999999999996e+00	   7.0013461694884427e-09	   6.0000000000000000e+00	
   5.5299999999999994e+00	   6.7393797209547301e-09	   6.0000000000000000e+00	
   5.5400000000000000e+00	   6.5661405201922207e-09	   6.0000000000000000e+00	
   5.5499999999999998e+00	   6.3648095682822259e-09	   6.0000000000000000e+00	
   5.5600000000000005e+00	   6.1383891303279370e-09	   6.0000000000000000e+00	
   5.5700000000000003e+00	   5.8899440880111342e-09	   6.0000000000000000e+00	
   5.5800000000000001e+00	   5.6225724076597317e-09	   6.0000000000000000e+00	
   5.5899999999999999e+00	   5.4188786791087296e-09	   6.0000000000000000e+00	
   5.5999999999999996e+00	   5.2338807732255077e-09	   6.0000000000000000e+00	
   5.6099999999999994e+00	   5.0289936659453360e-09	   6.0000000000000000e+00	
   5.6200000000000001e+00	   4.8070294411672876e-09	   6.0000000000000000e+00	
   5.6299999999999999e+00	   4.5707952978091271e-09	   6.0000000000000000e+00	
   5.6400000000000006e+00	   4.3337173849522515e-09	   6.0000000000000000e+00	
   5.6500000000000004e+00	   4.1680716655889682e-09	   6.0000000000000000e+00	
   5.6600000000000001e+00	   3.9871583812356448e-09	   6.0000000000000000e+00	
   5.6699999999999999e+00	   3.7935030672286985e-09	   6.0000000000000000e+00	
   5.6799999999999997e+00	   3.5895919570094748e-09	   6.0000000000000000e+00	
   5.6899999999999995e+00	   3.3778490005076378e-09	   6.0000000000000000e+00	
   5.6999999999999993e+00	   3.1997815508333360e-09	   6.0000000000000000e+00	
   5.7100000000000000e+00	   3.0435951536844641e-09	   6.0000000000000000e+00	
   5.7199999999999998e+00	   2.8783956329547777e-09	   6.0000000000000000e+00	
   5.7300000000000004e+00	   2.7063369323343522e-09	   6.0000000000000000e+00	
   5.7400000000000002e+00	   2.5294917271878603e-09	   6.0000000000000000e+00	
   5.7500000000000000e+00	   2.3498418766365603e-09	   6.0000000000000000e+00	
   5.7599999999999998e+00	   2.2179253988952041e-09	   6.0000000000000000e+00	
   5.7699999999999996e+00	   2.0801369515766055e-09	   6.0000000000000000e+00	
   5.7799999999999994e+00	   1.9383010751994334e-09	   6.0000000000000000e+00	
   5.7900000000000000e+00	   1.7941477192806587e-09	   6.0000000000000000e+00	
   5.7999999999999998e+00	   1.6493078014434559e-09	   6.0000000000000000e+00	
   5.8100000000000005e+00	   1.5201995218205866e-09	   6.0000000000000000e+00	
   5.8200000000000003e+00	   1.4079899468555368e-09	   6.0000000000000000e+00	
   5.8300000000000001e+00	   1.2939949112222848e-09	   6.0000000000000000e+00	
   5.8399999999999999e+00	   1.1796212895376357e-09	   6.0000000000000000e+00	
   5.8499999999999996e+00	   1.0661718174986845e-09	   6.0000000000000000e+00	
   5.8599999999999994e+00	   9.5483754236624918e-10	   6.0000000000000000e+00	
   5.8700000000000001e+00	   8.6355056438947031e-10	   6.0000000000000000e+00	
   5.8799999999999999e+00	   7.7458639502481219e-10	   6.0000000000000000e+00	
   5.8900000000000006e+00	   6.8670136244008972e-10	   6.0000000000000000e+00	
   5.9000000000000004e+00	   6.0089910824956405e-10	   6.0000000000000000e+00	
   5.9100000000000001e+00	   5.1807402812187320e-10	   6.0000000000000000e+00	
   5.9199999999999999e+00	   4.4226555750981333e-10	   6.0000000000000000e+00	
   5.9299999999999997e+00	   3.7533731678252025e-10	   6.0000000000000000e+00	
   5.9399999999999995e+00	   3.1051849980201496e-10	   6.0000000000000000e+00	
   5.9500000000000002e+00	   2.4854185376455007e-10	   6.0000000000000000e+00	
   5.9600000000000000e+00	   1.9004198215100132e-10	   6.0000000000000000e+00	
   5.9699999999999998e+00	   1.3555223610239864e-10	   6.0000000000000000e+00	
   5.9800000000000004e+00	   8.6994855763578016e-11	   6.0000000000000000e+00	
   5.9900000000000002e+00	   4.1866954347824503e-11	   6.0000000000000000e+00	
   6.0000000000000000e+00	   2.2204460492503131e-16	   1.0000000000000000e+00	
   6.0099999999999998e+00	   3.8198333385253136e-11	   6.0000000000000000e+00	
   6.0199999999999996e+00	   7.2408301576842860e-11	   6.0000000000000000e+00	
   6.0300000000000002e+00	   1.0290412966185158e-10	   6.0000000000000000e+00	
   6.0400000000000000e+00	   1.3154222155975503e-10	   6.0000000000000000e+00	
   6.0499999999999998e+00	   1.5678991438505818e-10	   6.0000000000000000e+00	
   6.0600000000000005e+00	   1.7842927135802711e-10	   6.0000000000000000e+00	
   6.0700000000000003e+00	   1.9632029335525658e-10	   6.0000000000000000e+00	
   6.0800000000000001e+00	   2.1039747721829372e-10	   6.0000000000000000e+00	
   6.0899999999999999e+00	   2.2394863741226345e-10	   6.0000000000000000e+00	
   6.0999999999999996e+00	   2.3576296470650959e-10	   6.0000000000000000e+00	
   6.1099999999999994e+00	   2.4423307820597984e-10	   6.0000000000000000e+00	
   6.1200000000000001e+00	   2.4936408493658746e-10	   6.0000000000000000e+00	
   6.1299999999999999e+00	   2.5121926761073610e-10	   6.0000000000000000e+00	
   6.1399999999999997e+00	   2.5053381591533253e-10	   6.0000000000000000e+00	
   6.1500000000000004e+00	   2.5176194462517287e-10	   6.0000000000000000e+00	
   6.1600000000000001e+00	   2.5006530179894071e-10	   6.0000000000000000e+00	
   6.1699999999999999e+00	   2.4555890654198720e-10	   6.0000000000000000e+00	
   6.1799999999999997e+00	   2.3840662777274702e-10	   6.0000000000000000e+00	
   6.1899999999999995e+00	   2.2881274652775119e-10	   6.0000000000000000e+00	
   6.2000000000000002e+00	   2.1970758545819535e-10	   6.0000000000000000e+00	
   6.2100000000000000e+00	   2.1044987974505602e-10	   6.0000000000000000e+00	
   6.2199999999999998e+00	   3.3611113892106914e-11	   3.0000000000000000e+00	
   6.2300000000000004e+00	   1.8012058511374107e-10	   5.0000000000000000e+00	
   6.2400000000000002e+00	   1.2708234464753332e-10	   4.0000000000000000e+00	
   6.2500000000000000e+00	   6.4295013757487141e-11	   4.0000000000000000e+00	
   6.2599999999999998e+00	   2.8066438062523957e-13	   4.0000000000000000e+00	
   6.2699999999999996e+00	   6.8459682367461028e-11	   4.0000000000000000e+00	
   6.2800000000000002e+00	   5.2374549142086835e-11	   5.0000000000000000e+00	
   6.2900000000000000e+00	   2.3517632286029766e-11	   5.0000000000000000e+00	
   6.2999999999999998e+00	   5.9201532565111847e-12	   5.0000000000000000e+00	
   6.3100000000000005e+00	   3.5806468901000699e-11	   5.0000000000000000e+00	
   6.3200000000000003e+00	   3.0586644328423063e-11	   6.0000000000000000e+00	
   6.3300000000000001e+00	   1.1089129614560989e-11	   6.0000000000000000e+00	
   6.3399999999999999e+00	   8.6755047590258982e-12	   6.0000000000000000e+00	
   6.3499999999999996e+00	   2.8399060880701654e-11	   6.0000000000000000e+00	
   6.3599999999999994e+00	   2.5484059307245843e-11	   7.0000000000000000e+00	
   6.3700000000000001e+00	   5.6368243406268448e-12	   7.0000000000000000e+00	
   6.3799999999999999e+00	   1.4301448914011416e-11	   7.0000000000000000e+00	
   6.3899999999999997e+00	   3.4089397971115432e-11	   7.0000000000000000e+00	
   6.4000000000000004e+00	   3.2028490970503753e-11	   8.0000000000000000e+00	
   6.4100000000000001e+00	   1.1705081348623025e-12	   8.0000000000000000e+00	
   6.4199999999999999e+00	   3.3195668436292181e-11	   8.0000000000000000e+00	
   6.4299999999999997e+00	   6.4779626107736021e-11	   8.0000000000000000e+00	
   6.4399999999999995e+00	   9.5440322311901582e-11	   8.0000000000000000e+00	
   6.4500000000000002e+00	   1.2474254962313580e-10	   8.0000000000000000e+00	
   6.4600000000000000e+00	   1.5228418526191945e-10	   8.0000000000000000e+00	
   6.4699999999999998e+00	   1.7494161674846964e-10	   7.0000000000000000e+00	
   6.4800000000000004e+00	   1.9103640891415807e-10	   7.0000000000000000e+00	
   6.4900000000000002e+00	   2.0678903034365703e-10	   7.0000000000000000e+00	
   6.5099999999999998e+00	   2.1421620033379440e-10	   7.0000000000000000e+00	
   6.5199999999999996e+00	   2.0647761278524968e-10	   7.0000000000000000e+00	
   6.5300000000000002e+00	   1.9897905545462891e-10	   7.0000000000000000e+00	
   6.5400000000000000e+00	   1.9408386009445167e-10	   7.0000000000000000e+00	
   6.5499999999999998e+00	   1.8834311887871991e-10	   7.0000000000000000e+00	
   6.5600000000000005e+00	   1.8184365124795931e-10	   7.0000000000000000e+00	
   6.5700000000000003e+00	   1.7467394197723252e-10	   7.0000000000000000e+00	
   6.5800000000000001e+00	   1.6692403015383661e-10	   7.0000000000000000e+00	
   6.5899999999999999e+00	   1.6104739763989073e-10	   7.0000000000000000e+00	
   6.5999999999999996e+00	   1.5571210987275208e-10	   7.0000000000000000e+00	
   6.6099999999999994e+00	   1.4977052931186563e-10	   7.0000000000000000e+00	
   6.6200000000000001e+00	   1.4330570063947334e-10	   7.0000000000000000e+00	
   6.6299999999999999e+00	   1.3640022444860733e-10	   7.0000000000000000e+00	
   6.6399999999999997e+00	   1.2945333693892280e-10	   7.0000000000000000e+00	
   6.6500000000000004e+00	   1.2462519904943292e-10	   7.0000000000000000e+00	
   6.6600000000000001e+00	   1.1932987931118078e-10	   7.0000000000000000e+00	
   6.6699999999999999e+00	   1.1364120755530394e-10	   7.0000000000000000e+00	
   6.6799999999999997e+00	   1.0763168134531043e-10	   7.0000000000000000e+00	
   6.6899999999999995e+00	   1.0137402028931319e-10	   7.0000000000000000e+00	
   6.7000000000000002e+00	   9.6115782000083527e-11	   7.0000000000000000e+00	
   6.7100000000000000e+00	   9.1503693511185702e-11	   7.0000000000000000e+00	
   6.7199999999999998e+00	   8.6610829619360175e-11	   7.0000000000000000e+00	
   6.7300000000000004e+00	   8.1501250193127817e-11	   7.0000000000000000e+00	
   6.7400000000000002e+00	   7.6237682833379949e-11	   7.0000000000000000e+00	
   6.7500000000000000e+00	   7.0879746516538944e-11	   7.0000000000000000e+00	
   6.7599999999999998e+00	   6.6952443589229915e-11	   7.0000000000000000e+00	
   6.7699999999999996e+00	   6.2840510572925723e-11	   7.0000000000000000e+00	
   6.7800000000000002e+00	   5.8598681462740387e-11	   7.0000000000000000e+00	
   6.7900000000000000e+00	   5.4279469807738678e-11	   7.0000000000000000e+00	
   6.7999999999999998e+00	   4.9932058487911490e-11	   7.0000000000000000e+00	
   6.8100000000000005e+00	   4.6054049462895819e-11	   7.0000000000000000e+00	
   6.8200000000000003e+00	   4.2682080092504293e-11	   7.0000000000000000e+00	
   6.8300000000000001e+00	   3.9250602767992859e-11	   7.0000000000000000e+00	
   6.8399999999999999e+00	   3.5802694142716973e-11	   7.0000000000000000e+00	
   6.8499999999999996e+00	   3.2377878156353290e-11	   7.0000000000000000e+00	
   6.8599999999999994e+00	   2.9012348079504591e-11	   7.0000000000000000e+00	
   6.8700000000000001e+00	   2.6251778528774139e-11	   7.0000000000000000e+00	
   6.8799999999999999e+00	   2.3558488493335972e-11	   7.0000000000000000e+00	
   6.8899999999999997e+00	   2.0895174479562684e-11	   7.0000000000000000e+00	
   6.9000000000000004e+00	   1.8291368419909304e-11	   7.0000000000000000e+00	
   6.9100000000000001e+00	   1.5776047135318549e-11	   7.0000000000000000e+00	
   6.9199999999999999e+00	   1.3472334359221350e-11	   7.0000000000000000e+00	
   6.9299999999999997e+00	   1.1436851465873588e-11	   7.0000000000000000e+00	
   6.9399999999999995e+00	   9.4639851511146844e-12	   7.0000000000000000e+00	
   6.9500000000000002e+00	   7.5768280538568433e-12	   7.0000000000000000e+00	
   6.9600000000000000e+00	   5.7942539655186920e-12	   7.0000000000000000e+00	
   6.9699999999999998e+00	   4.1339154321917704e-12	   7.0000000000000000e+00	
   6.9800000000000004e+00	   2.6529889396442741e-12	   7.0000000000000000e+00	
   6.9900000000000002e+00	   1.2769785229238551e-12	   7.0000000000000000e+00	
   7.0000000000000000e+00	   2.2204460492503131e-16	   1.0000000000000000e+00	
   7.0099999999999998e+00	   1.1648459974367142e-12	   7.0000000000000000e+00	
   7.0199999999999996e+00	   2.2069013283498862e-12	   7.0000000000000000e+00	
   7.0300000000000002e+00	   3.1357139107512921e-12	   7.0000000000000000e+00	
   7.0400000000000000e+00	   4.0067948958721900e-12	   7.0000000000000000e+00	
   7.0499999999999998e+00	   4.7735149166783231e-12	   7.0000000000000000e+00	
   7.0599999999999996e+00	   5.4285465012071654e-12	   7.0000000000000000e+00	
   7.0700000000000003e+00	   5.9692251141996167e-12	   7.0000000000000000e+00	
   7.0800000000000001e+00	   6.3913319081621012e-12	   7.0000000000000000e+00	
   7.0899999999999999e+00	   6.7956751337305832e-12	   7.0000000000000000e+00	
   7.0999999999999996e+00	   7.1465056095121327e-12	   7.0000000000000000e+00	
   7.1100000000000003e+00	   7.3927530763739924e-12	   7.0000000000000000e+00	
   7.1200000000000001e+00	   7.5359718465506376e-12	   7.0000000000000000e+00	
   7.1299999999999999e+00	   7.5778272545790060e-12	   7.0000000000000000e+00	
   7.1399999999999997e+00	   7.5414119393713008e-12	   7.0000000000000000e+00	
   7.1500000000000004e+00	   7.5597306192776159e-12	   7.0000000000000000e+00	
   7.1600000000000001e+00	   7.4875661226769807e-12	   7.0000000000000000e+00	
   7.1699999999999999e+00	   7.3281380963408083e-12	   7.0000000000000000e+00	
   7.1799999999999997e+00	   7.0868866330897617e-12	   7.0000000000000000e+00	
   7.1899999999999995e+00	   6.3919980419768763e-12	   3.0000000000000000e+00	
   7.2000000000000002e+00	   6.4672711630464619e-12	   7.0000000000000000e+00	
   7.2100000000000000e+00	   6.1546323593120178e-12	   7.0000000000000000e+00	
   7.2199999999999998e+00	   4.2434944447222733e-12	   4.0000000000000000e+00	
   7.2300000000000004e+00	   3.9372949345306552e-12	   4.0000000000000000e+00	
   7.2400000000000002e+00	   4.3713921371590914e-12	   5.0000000000000000e+00	
   7.2500000000000000e+00	   2.0483614804334138e-12	   5.0000000000000000e+00	
   7.2599999999999998e+00	   3.4550140526334872e-13	   5.0000000000000000e+00	
   7.2699999999999996e+00	   2.2100099528188366e-12	   6.0000000000000000e+00	
   7.2800000000000002e+00	   1.2090328738167955e-12	   6.0000000000000000e+00	
   7.2900000000000000e+00	   1.7330581414398694e-13	   6.0000000000000000e+00	
   7.2999999999999998e+00	   8.8018481392282411e-13	   6.0000000000000000e+00	
   7.3099999999999996e+00	   9.0194518520547717e-13	   7.0000000000000000e+00	
   7.3200000000000003e+00	   2.8110846983508964e-13	   7.0000000000000000e+00	
   7.3300000000000001e+00	   3.5638159090467525e-13	   7.0000000000000000e+00	
   7.3399999999999999e+00	   9.3369756370975665e-13	   8.0000000000000000e+00	
   7.3499999999999996e+00	   3.8102854205135372e-13	   8.0000000000000000e+00	
   7.3600000000000003e+00	   1.6631140908884845e-13	   8.0000000000000000e+00	
   7.3700000000000001e+00	   7.1287420411181301e-13	   8.0000000000000000e+00	
   7.3799999999999999e+00	   1.2612133559741778e-12	   8.0000000000000000e+00	
   7.3899999999999997e+00	   1.8025581027814042e-12	   8.0000000000000000e+00	
   7.4000000000000004e+00	   2.3286927941512658e-12	   8.0000000000000000e+00	
   7.4100000000000001e+00	   2.8319568912138493e-12	   8.0000000000000000e+00	
   7.4199999999999999e+00	   3.3300029400606945e-12	   8.0000000000000000e+00	
   7.4299999999999997e+00	   3.8532510515665308e-12	   8.0000000000000000e+00	
   7.4399999999999995e+00	   4.3545167471847890e-12	   8.0000000000000000e+00	
   7.4500000000000002e+00	   4.8254733542307804e-12	   8.0000000000000000e+00	
   7.4600000000000000e+00	   5.2591264676493665e-12	   8.0000000000000000e+00	
   7.4699999999999998e+00	   5.6503690615272717e-12	   8.0000000000000000e+00	
   7.4800000000000004e+00	   6.0977889404512098e-12	   8.0000000000000000e+00	
   7.4900000000000002e+00	   6.5363270351781466e-12	   8.0000000000000000e+00	
   7.5099999999999998e+00	   6.7212901910806977e-12	   8.0000000000000000e+00	
   7.5199999999999996e+00	   6.4834804192059892e-12	   8.0000000000000000e+00	
   7.5300000000000002e+00	   6.2525540300839566e-12	   8.0000000000000000e+00	
   7.5400000000000000e+00	   6.1033400555743356e-12	   8.0000000000000000e+00	
   7.5499999999999998e+00	   5.9270366392638607e-12	   8.0000000000000000e+00	
   7.5599999999999996e+00	   5.7267524056214825e-12	   8.0000000000000000e+00	
   7.5700000000000003e+00	   5.5055959791161513e-12	   8.0000000000000000e+00	
   7.5800000000000001e+00	   5.2652326942848049e-12	   8.0000000000000000e+00	
   7.5899999999999999e+00	   5.0827120290364292e-12	   8.0000000000000000e+00	
   7.5999999999999996e+00	   4.9176218652746684e-12	   8.0000000000000000e+00	
   7.6100000000000003e+00	   4.7335468877918174e-12	   8.0000000000000000e+00	
   7.6200000000000001e+00	   4.5321524311248140e-12	   8.0000000000000000e+00	
   7.6299999999999999e+00	   4.3167691643475337e-12	   8.0000000000000000e+00	
   7.6399999999999997e+00	   4.0998315853357781e-12	   8.0000000000000000e+00	
   7.6500000000000004e+00	   3.9492853431966068e-12	   8.0000000000000000e+00	
   7.6600000000000001e+00	   3.7836400679225335e-12	   8.0000000000000000e+00	
   7.6699999999999999e+00	   3.6055602947726584e-12	   8.0000000000000000e+00	
   7.6799999999999997e+00	   3.4171554474937693e-12	   8.0000000000000000e+00	
   7.6900000000000004e+00	   3.2205349498326541e-12	   8.0000000000000000e+00	
   7.7000000000000002e+00	   3.0551117191635058e-12	   8.0000000000000000e+00	
   7.7100000000000000e+00	   2.9101165921474603e-12	   8.0000000000000000e+00	
   7.7199999999999998e+00	   2.7562396809344136e-12	   8.0000000000000000e+00	
   7.7300000000000004e+00	   2.5945912085489908e-12	   8.0000000000000000e+00	
   7.7400000000000002e+00	   2.4285018440650674e-12	   8.0000000000000000e+00	
   7.7500000000000000e+00	   2.2589707882048060e-12	   8.0000000000000000e+00	
   7.7599999999999998e+00	   2.1347368317492510e-12	   8.0000000000000000e+00	
   7.7699999999999996e+00	   2.0043966486582576e-12	   8.0000000000000000e+00	
   7.7800000000000002e+00	   1.8702817072835387e-12	   8.0000000000000000e+00	
   7.7900000000000000e+00	   1.7332801860447944e-12	   8.0000000000000000e+00	
   7.7999999999999998e+00	   1.5949463971764999e-12	   8.0000000000000000e+00	
   7.8099999999999996e+00	   1.4719336860480325e-12	   8.0000000000000000e+00	
   7.8200000000000003e+00	   1.3645751195667799e-12	   8.0000000000000000e+00	
   7.8300000000000001e+00	   1.2554401962461270e-12	   8.0000000000000000e+00	
   7.8399999999999999e+00	   1.1456391391106990e-12	   8.0000000000000000e+00	
   7.8499999999999996e+00	   1.0362821711851211e-12	   8.0000000000000000e+00	
   7.8600000000000003e+00	   9.2903462700633099e-13	   8.0000000000000000e+00	
   7.8700000000000001e+00	   8.4066087424616853e-13	   8.0000000000000000e+00	
   7.8799999999999999e+00	   7.5539574595495651e-13	   8.0000000000000000e+00	
   7.8899999999999997e+00	   6.6968652845389443e-13	   8.0000000000000000e+00	
   7.9000000000000004e+00	   5.8664184621193272e-13	   8.0000000000000000e+00	
   7.9100000000000001e+00	   5.0537352080937126e-13	   8.0000000000000000e+00	
   7.9199999999999999e+00	   4.3198777888164841e-13	   8.0000000000000000e+00	
   7.9299999999999997e+00	   3.6670666503368921e-13	   8.0000000000000000e+00	
   7.9400000000000004e+00	   3.0375701953744283e-13	   8.0000000000000000e+00	
   7.9500000000000002e+00	   2.4302782009044677e-13	   8.0000000000000000e+00	
   7.9600000000000000e+00	   1.8607337892717624e-13	   8.0000000000000000e+00	
   7.9699999999999998e+00	   1.3256062914024369e-13	   8.0000000000000000e+00	
   7.9800000000000004e+00	   8.5709217501062085e-14	   8.0000000000000000e+00	
   7.9900000000000002e+00	   4.1078251911130792e-14	   8.0000000000000000e+00	
   8.0000000000000000e+00	   2.2204460492503131e-16	   1.0000000000000000e+00	
