   2.5100000000000002e+00	   3.7128534344121888e-05	   2.0000000000000000e+00	
   2.5200000000000000e+00	   3.5577702470757089e-05	   2.0000000000000000e+00	
   2.5300000000000002e+00	   3.4100454955998671e-05	   2.0000000000000000e+00	
   2.5400000000000000e+00	   3.3069986367539883e-05	   2.0000000000000000e+00	
   2.5499999999999998e+00	   3.1912531017752599e-05	   2.0000000000000000e+00	
   2.5600000000000001e+00	   3.0644361812992571e-05	   2.0000000000000000e+00	
   2.5699999999999998e+00	   2.9281696417582381e-05	   2.0000000000000000e+00	
   2.5800000000000001e+00	   2.7840557055736070e-05	   2.0000000000000000e+00	
   2.5899999999999999e+00	   2.6732675473928325e-05	   2.0000000000000000e+00	
   2.6000000000000001e+00	   2.5718669349750201e-05	   2.0000000000000000e+00	
   2.6099999999999999e+00	   2.4618832985989769e-05	   2.0000000000000000e+00	
   2.6200000000000001e+00	   2.3447435641310577e-05	   2.0000000000000000e+00	
   2.6299999999999999e+00	   2.2218428482378982e-05	   2.0000000000000000e+00	
   2.6400000000000001e+00	   2.1002112834622721e-05	   2.0000000000000000e+00	
   2.6499999999999999e+00	   2.0131626571995298e-05	   2.0000000000000000e+00	
   2.6600000000000001e+00	   1.9196472135218912e-05	   2.0000000000000000e+00	
   2.6699999999999999e+00	   1.8208994062351991e-05	   2.0000000000000000e+00	
   2.6800000000000002e+00	   1.7181140789634952e-05	   2.0000000000000000e+00	
   2.6899999999999999e+00	   1.6124384188076490e-05	   2.0000000000000000e+00	
   2.7000000000000002e+00	   1.5237635102138825e-05	   2.0000000000000000e+00	
   2.7100000000000000e+00	   1.4456661566741857e-05	   2.0000000000000000e+00	
   2.7200000000000002e+00	   1.3639330809223082e-05	   2.0000000000000000e+00	
   2.7300000000000000e+00	   1.2795701997747599e-05	   2.0000000000000000e+00	
   2.7400000000000002e+00	   1.1935333518398039e-05	   2.0000000000000000e+00	
   2.7500000000000000e+00	   1.1069317963130487e-05	   2.0000000000000000e+00	
   2.7600000000000002e+00	   1.0428176899779373e-05	   2.0000000000000000e+00	
   2.7700000000000000e+00	   9.7637454952170799e-06	   2.0000000000000000e+00	
   2.7800000000000002e+00	   9.0843373876658973e-06	   2.0000000000000000e+00	
   2.7900000000000000e+00	   8.3977646443411658e-06	   2.0000000000000000e+00	
   2.8000000000000003e+00	   7.7113001983875051e-06	   2.0000000000000000e+00	
   2.8100000000000001e+00	   7.1015697591381155e-06	   2.0000000000000000e+00	
   2.8199999999999998e+00	   6.5714077952527816e-06	   2.0000000000000000e+00	
   2.8300000000000001e+00	   6.0351849444639782e-06	   2.0000000000000000e+00	
   2.8399999999999999e+00	   5.4991463713793820e-06	   2.0000000000000000e+00	
   2.8500000000000001e+00	   4.9690271257674112e-06	   2.0000000000000000e+00	
   2.8599999999999999e+00	   4.4500335183439432e-06	   2.0000000000000000e+00	
   2.8700000000000001e+00	   4.0251267197088936e-06	   2.0000000000000000e+00	
   2.8799999999999999e+00	   3.6114130264053301e-06	   2.0000000000000000e+00	
   2.8900000000000001e+00	   3.2033226378125335e-06	   2.0000000000000000e+00	
   2.8999999999999999e+00	   2.8052462892613761e-06	   2.0000000000000000e+00	
   2.9100000000000001e+00	   2.4210942020097548e-06	   2.0000000000000000e+00	
   2.9199999999999999e+00	   2.0695244942192659e-06	   2.0000000000000000e+00	
   2.9300000000000002e+00	   1.7588936880308381e-06	   2.0000000000000000e+00	
   2.9399999999999999e+00	   1.4576959999068606e-06	   2.0000000000000000e+00	
   2.9500000000000002e+00	   1.1691658419188400e-06	   2.0000000000000000e+00	
   2.9600000000000000e+00	   8.9610962583641651e-07	   2.0000000000000000e+00	
   2.9700000000000002e+00	   6.4090789875237419e-07	   2.0000000000000000e+00	
   2.9800000000000000e+00	   4.1256590188609721e-07	   2.0000000000000000e+00	
   2.9900000000000002e+00	   1.9922157079577119e-07	   2.0000000000000000e+00	
   3.0000000000000000e+00	   2.2204460492503131e-16	   1.0000000000000000e+00	
   3.0100000000000002e+00	   1.8321715322677790e-07	   2.0000000000000000e+00	
   3.0200000000000000e+00	   3.4892457989599279e-07	   2.0000000000000000e+00	
   3.0300000000000002e+00	   4.9843131022520026e-07	   2.0000000000000000e+00	
   3.0400000000000000e+00	   6.4071852912128691e-07	   2.0000000000000000e+00	
   3.0500000000000003e+00	   7.6840149243473377e-07	   2.0000000000000000e+00	
   3.0600000000000001e+00	   8.8038849499483263e-07	   2.0000000000000000e+00	
   3.0699999999999998e+00	   9.7591706915700627e-07	   2.0000000000000000e+00	
   3.0800000000000001e+00	   1.0545399800054867e-06	   2.0000000000000000e+00	
   3.0899999999999999e+00	   1.1324872122298046e-06	   2.0000000000000000e+00	
   3.1000000000000001e+00	   1.2038382979362439e-06	   2.0000000000000000e+00	
   3.1099999999999999e+00	   1.2604864858545284e-06	   2.0000000000000000e+00	
   3.1200000000000001e+00	   1.3022658646999474e-06	   2.0000000000000000e+00	
   3.1299999999999999e+00	   1.3292676890319655e-06	   2.0000000000000000e+00	
   3.1400000000000001e+00	   1.3450344846788198e-06	   2.0000000000000000e+00	
   3.1499999999999999e+00	   1.3728336369922545e-06	   2.0000000000000000e+00	
   3.1600000000000001e+00	   1.3874477686748321e-06	   2.0000000000000000e+00	
   3.1699999999999999e+00	   1.3891761345696807e-06	   2.0000000000000000e+00	
   3.1800000000000002e+00	   1.3785206560701369e-06	   2.0000000000000000e+00	
   3.1899999999999999e+00	   1.3561655169969100e-06	   2.0000000000000000e+00	
   3.2000000000000002e+00	   1.3383880479445054e-06	   2.0000000000000000e+00	
   3.2100000000000000e+00	   1.3219198378155994e-06	   2.0000000000000000e+00	
   3.2200000000000002e+00	   1.2948133230050729e-06	   2.0000000000000000e+00	
   3.2300000000000000e+00	   1.2578695161025166e-06	   2.0000000000000000e+00	
   3.2400000000000002e+00	   1.2120205497012648e-06	   2.0000000000000000e+00	
   3.2500000000000000e+00	   1.1583176939833351e-06	   2.0000000000000000e+00	
   3.2600000000000002e+00	   1.1196485985021098e-06	   2.0000000000000000e+00	
   3.2700000000000000e+00	   1.0727385293396452e-06	   2.0000000000000000e+00	
   3.2800000000000002e+00	   1.0185912493465565e-06	   2.0000000000000000e+00	
   3.2900000000000000e+00	   9.5829528290458654e-07	   2.0000000000000000e+00	
   3.3000000000000003e+00	   8.9300247774204422e-07	   2.0000000000000000e+00	
   3.3100000000000001e+00	   8.3035501052819427e-07	   2.0000000000000000e+00	
   3.3199999999999998e+00	   7.7080608562596353e-07	   2.0000000000000000e+00	
   3.3300000000000001e+00	   7.0658670692225201e-07	   2.0000000000000000e+00	
   3.3399999999999999e+00	   6.3886431567183877e-07	   2.0000000000000000e+00	
   3.3500000000000001e+00	   5.6882900056898222e-07	   2.0000000000000000e+00	
   3.3599999999999999e+00	   4.9767331122829717e-07	   2.0000000000000000e+00	
   3.3700000000000001e+00	   4.3045826148002675e-07	   2.0000000000000000e+00	
   3.3799999999999999e+00	   3.6167525419017466e-07	   2.0000000000000000e+00	
   3.3900000000000001e+00	   2.9186190531049760e-07	   2.0000000000000000e+00	
   3.3999999999999999e+00	   2.2660074883162906e-07	   2.0000000000000000e+00	
   3.4100000000000001e+00	   1.8228672771236631e-07	   2.0000000000000000e+00	
   3.4199999999999999e+00	   1.5925570218122687e-07	   2.0000000000000000e+00	
   3.4300000000000002e+00	   1.5527560992545375e-07	   2.0000000000000000e+00	
   3.4399999999999999e+00	   1.6620425347113610e-07	   2.0000000000000000e+00	
   3.4500000000000002e+00	   1.8857585493137208e-07	   2.0000000000000000e+00	
   3.4600000000000000e+00	   2.2076054317921034e-07	   2.0000000000000000e+00	
   3.4700000000000002e+00	   2.6681327636168817e-07	   2.0000000000000000e+00	
   3.4800000000000000e+00	   2.0494478980559450e-07	   3.0000000000000000e+00	
   3.4900000000000002e+00	   1.4230834821660210e-07	   3.0000000000000000e+00	
   3.5100000000000002e+00	   1.4470296760826784e-07	   4.0000000000000000e+00	
   3.5200000000000000e+00	   1.4317838048505394e-07	   4.0000000000000000e+00	
   3.5300000000000002e+00	   1.4154239935670887e-07	   4.0000000000000000e+00	
   3.5400000000000000e+00	   1.4153339700229139e-07	   4.0000000000000000e+00	
   3.5500000000000003e+00	   1.4071790999103939e-07	   4.0000000000000000e+00	
   3.5600000000000001e+00	   1.3911907981167815e-07	   4.0000000000000000e+00	
   3.5700000000000003e+00	   1.3676771604131943e-07	   4.0000000000000000e+00	
   3.5800000000000001e+00	   1.3370166218606983e-07	   4.0000000000000000e+00	
   3.5899999999999999e+00	   1.3190036507459979e-07	   4.0000000000000000e+00	
   3.6000000000000001e+00	   1.3035147006235093e-07	   4.0000000000000000e+00	
   3.6099999999999999e+00	   1.2810431182508353e-07	   4.0000000000000000e+00	
   3.6200000000000001e+00	   1.2519838654689863e-07	   4.0000000000000000e+00	
   3.6299999999999999e+00	   1.2167866203505184e-07	   4.0000000000000000e+00	
   3.6400000000000001e+00	   1.1788475506868679e-07	   4.0000000000000000e+00	
   3.6499999999999999e+00	   1.1582219583416986e-07	   4.0000000000000000e+00	
   3.6600000000000001e+00	   1.1315562109537325e-07	   4.0000000000000000e+00	
   3.6699999999999999e+00	   1.0992999710524032e-07	   4.0000000000000000e+00	
   3.6800000000000002e+00	   1.0619431645153554e-07	   4.0000000000000000e+00	
   3.6899999999999999e+00	   1.0200091460355054e-07	   4.0000000000000000e+00	
   3.7000000000000002e+00	   9.8611748544641387e-08	   4.0000000000000000e+00	
   3.7100000000000000e+00	   9.5716312875637755e-08	   4.0000000000000000e+00	
   3.7200000000000002e+00	   9.2362495873743455e-08	   4.0000000000000000e+00	
   3.7300000000000000e+00	   8.8600749181821925e-08	   4.0000000000000000e+00	
   3.7400000000000002e+00	   8.4483614326558154e-08	   4.0000000000000000e+00	
   3.7500000000000000e+00	   8.0065088337022416e-08	   4.0000000000000000e+00	
   3.7600000000000002e+00	   7.7091667050055435e-08	   4.0000000000000000e+00	
   3.7700000000000000e+00	   7.3757727259149419e-08	   4.0000000000000000e+00	
   3.7800000000000002e+00	   7.0113123529225163e-08	   4.0000000000000000e+00	
   3.7900000000000000e+00	   6.6208726279270991e-08	   4.0000000000000000e+00	
   3.8000000000000003e+00	   6.2095851127708102e-08	   4.0000000000000000e+00	
   3.8100000000000001e+00	   5.6036136841797202e-08	   5.0000000000000000e+00	
   3.8200000000000003e+00	   4.9216029252008298e-08	   5.0000000000000000e+00	
   3.8300000000000001e+00	   4.2828879553979959e-08	   5.0000000000000000e+00	
   3.8399999999999999e+00	   3.6908228917553743e-08	   5.0000000000000000e+00	
   3.8500000000000001e+00	   3.1475521966584097e-08	   5.0000000000000000e+00	
   3.8599999999999999e+00	   2.6541389752665623e-08	   5.0000000000000000e+00	
   3.8700000000000001e+00	   2.2547120837046464e-08	   5.0000000000000000e+00	
   3.8799999999999999e+00	   1.8945113811064118e-08	   5.0000000000000000e+00	
   3.8900000000000001e+00	   1.5684153531481115e-08	   5.0000000000000000e+00	
   3.8999999999999999e+00	   1.2770037471909745e-08	   5.0000000000000000e+00	
   3.9100000000000001e+00	   1.0201322231395693e-08	   5.0000000000000000e+00	
   3.9199999999999999e+00	   8.0294033644179308e-09	   5.0000000000000000e+00	
   3.9300000000000002e+00	   6.2462610639357763e-09	   5.0000000000000000e+00	
   3.9399999999999999e+00	   4.7036885497675485e-09	   5.0000000000000000e+00	
   3.9500000000000002e+00	   3.3977647362348762e-09	   5.0000000000000000e+00	
   3.9600000000000000e+00	   2.3199678844676441e-09	   5.0000000000000000e+00	
   3.9700000000000002e+00	   1.4579335516629044e-09	   5.0000000000000000e+00	
   3.9800000000000000e+00	   8.1002871077373584e-10	   5.0000000000000000e+00	
   3.9900000000000002e+00	   3.2955760342900930e-10	   5.0000000000000000e+00	
   4.0000000000000000e+00	   2.2204460492503131e-16	   1.0000000000000000e+00	
   4.0099999999999998e+00	   1.9068613354988884e-10	   5.0000000000000000e+00	
   4.0199999999999996e+00	   2.5665292113785654e-10	   5.0000000000000000e+00	
   4.0300000000000002e+00	   2.1467783106743354e-10	   5.0000000000000000e+00	
   4.0400000000000000e+00	   8.0544459990505857e-11	   5.0000000000000000e+00	
   4.0500000000000007e+00	   1.3834222656328166e-10	   5.0000000000000000e+00	
   4.0600000000000005e+00	   4.2886649787021724e-10	   5.0000000000000000e+00	
   4.0700000000000003e+00	   7.7701445277966741e-10	   5.0000000000000000e+00	
   4.0800000000000001e+00	   1.1682688150216336e-09	   5.0000000000000000e+00	
   4.0899999999999999e+00	   1.6116095125084939e-09	   5.0000000000000000e+00	
   4.0999999999999996e+00	   2.0979569193002590e-09	   5.0000000000000000e+00	
   4.1099999999999994e+00	   2.6061252045295191e-09	   5.0000000000000000e+00	
   4.1200000000000001e+00	   3.1234483888198383e-09	   5.0000000000000000e+00	
   4.1299999999999999e+00	   3.6374552259132997e-09	   5.0000000000000000e+00	
   4.1400000000000006e+00	   4.1463139588415743e-09	   5.0000000000000000e+00	
   4.1500000000000004e+00	   4.7231182298546059e-09	   5.0000000000000000e+00	
   4.1600000000000001e+00	   5.2857651589022225e-09	   5.0000000000000000e+00	
   4.1699999999999999e+00	   5.8236115929588550e-09	   5.0000000000000000e+00	
   4.1799999999999997e+00	   6.3266409888740327e-09	   5.0000000000000000e+00	
   4.1899999999999995e+00	   6.7856230634433246e-09	   5.0000000000000000e+00	
   4.2000000000000002e+00	   7.2813686191608440e-09	   5.0000000000000000e+00	
   4.2100000000000000e+00	   7.8045059304088227e-09	   5.0000000000000000e+00	
   4.2200000000000006e+00	   8.2801945300303714e-09	   5.0000000000000000e+00	
   4.2300000000000004e+00	   8.7009693894302131e-09	   5.0000000000000000e+00	
   4.2400000000000002e+00	   9.0603227143049025e-09	   5.0000000000000000e+00	
   4.2500000000000000e+00	   9.3527676714444397e-09	   5.0000000000000000e+00	
   4.2599999999999998e+00	   9.7886909689037793e-09	   5.0000000000000000e+00	
   4.2699999999999996e+00	   1.0163295316445442e-08	   5.0000000000000000e+00	
   4.2799999999999994e+00	   1.0471556510793789e-08	   5.0000000000000000e+00	
   4.2900000000000000e+00	   1.0709451103707579e-08	   5.0000000000000000e+00	
   4.2999999999999998e+00	   1.0873976163949806e-08	   5.0000000000000000e+00	
   4.3100000000000005e+00	   1.1071686900621103e-08	   5.0000000000000000e+00	
   4.3200000000000003e+00	   1.1334060023848735e-08	   5.0000000000000000e+00	
   4.3300000000000001e+00	   1.1525176257798364e-08	   5.0000000000000000e+00	
   4.3399999999999999e+00	   1.1643167097119544e-08	   5.0000000000000000e+00	
   4.3499999999999996e+00	   1.1687118384173800e-08	   5.0000000000000000e+00	
   4.3599999999999994e+00	   1.1657043219592822e-08	   5.0000000000000000e+00	
   4.3700000000000001e+00	   1.1783922726493756e-08	   5.0000000000000000e+00	
   4.3799999999999999e+00	   1.1868105387335959e-08	   5.0000000000000000e+00	
   4.3900000000000006e+00	   1.1880845196543532e-08	   5.0000000000000000e+00	
   4.4000000000000004e+00	   1.1822899992353086e-08	   5.0000000000000000e+00	
   4.4100000000000001e+00	   1.1695826862556657e-08	   5.0000000000000000e+00	
   4.4199999999999999e+00	   1.1587210080321597e-08	   5.0000000000000000e+00	
   4.4299999999999997e+00	   1.1582184988867539e-08	   5.0000000000000000e+00	
   4.4399999999999995e+00	   1.1510471242814901e-08	   5.0000000000000000e+00	
   4.4499999999999993e+00	   1.1374099107008817e-08	   5.0000000000000000e+00	
   4.4600000000000000e+00	   1.1175748992897638e-08	   5.0000000000000000e+00	
   4.4699999999999998e+00	   1.0918695725337102e-08	   5.0000000000000000e+00	
   4.4800000000000004e+00	   1.0791275983912385e-08	   5.0000000000000000e+00	
   4.4900000000000002e+00	   1.0657560611804229e-08	   5.0000000000000000e+00	
   4.5099999999999998e+00	   1.0854361853773753e-10	   6.0000000000000000e+00	
   4.5199999999999996e+00	   9.2066132495460806e-11	   6.0000000000000000e+00	
   4.5299999999999994e+00	   7.6206596588690445e-11	   6.0000000000000000e+00	
   4.5400000000000000e+00	   6.1718297139634615e-11	   6.0000000000000000e+00	
   4.5499999999999998e+00	   4.7257420199287026e-11	   6.0000000000000000e+00	
   4.5600000000000005e+00	   3.3044011971128384e-11	   6.0000000000000000e+00	
   4.5700000000000003e+00	   1.9283241670109419e-11	   6.0000000000000000e+00	
   4.5800000000000001e+00	   6.1648464111385692e-12	   6.0000000000000000e+00	
   4.5899999999999999e+00	   6.2316818372210037e-12	   6.0000000000000000e+00	
   4.5999999999999996e+00	   1.8142709556911996e-11	   6.0000000000000000e+00	
   4.6099999999999994e+00	   2.9438673720960651e-11	   6.0000000000000000e+00	
   4.6200000000000001e+00	   3.9962588793684972e-11	   6.0000000000000000e+00	
   4.6299999999999999e+00	   4.9577120186938828e-11	   6.0000000000000000e+00	
   4.6400000000000006e+00	   5.8308580186405834e-11	   6.0000000000000000e+00	
   4.6500000000000004e+00	   6.7270855552692410e-11	   6.0000000000000000e+00	
   4.6600000000000001e+00	   7.5368378205098452e-11	   6.0000000000000000e+00	
   4.6699999999999999e+00	   8.2495454911679644e-11	   6.0000000000000000e+00	
   4.6799999999999997e+00	   8.8565599298817688e-11	   6.0000000000000000e+00	
   4.6899999999999995e+00	   9.3513419230362160e-11	   6.0000000000000000e+00	
   4.6999999999999993e+00	   9.8499763900861126e-11	   6.0000000000000000e+00	
   4.7100000000000000e+00	   1.0339873401932209e-10	   6.0000000000000000e+00	
   4.7199999999999998e+00	   1.0723588683703156e-10	   6.0000000000000000e+00	
   4.7300000000000004e+00	   1.0997180943661533e-10	   6.0000000000000000e+00	
   4.7400000000000002e+00	   1.1158762802665478e-10	   6.0000000000000000e+00	
   4.7500000000000000e+00	   1.1208434180787208e-10	   6.0000000000000000e+00	
   4.7599999999999998e+00	   1.1398171295695647e-10	   6.0000000000000000e+00	
   4.7699999999999996e+00	   1.1481615658226474e-10	   6.0000000000000000e+00	
   4.7799999999999994e+00	   1.1459233562050031e-10	   6.0000000000000000e+00	
   4.7900000000000000e+00	   1.1333045613071135e-10	   6.0000000000000000e+00	
   4.7999999999999998e+00	   1.1106826569573514e-10	   6.0000000000000000e+00	
   4.8100000000000005e+00	   1.0892753365965291e-10	   6.0000000000000000e+00	
   4.8200000000000003e+00	   1.0715806020300533e-10	   6.0000000000000000e+00	
   4.8300000000000001e+00	   1.0443867992648848e-10	   6.0000000000000000e+00	
   4.8399999999999999e+00	   1.0082357171370404e-10	   6.0000000000000000e+00	
   4.8499999999999996e+00	   9.6379793035339389e-11	   6.0000000000000000e+00	
   4.8599999999999994e+00	   9.1188612216797083e-11	   6.0000000000000000e+00	
   4.8700000000000001e+00	   7.8680284509857756e-11	   7.0000000000000000e+00	
   4.8799999999999999e+00	   6.5291105855180831e-11	   7.0000000000000000e+00	
   4.8900000000000006e+00	   5.3435034175208784e-11	   7.0000000000000000e+00	
   4.9000000000000004e+00	   4.3062886589950722e-11	   7.0000000000000000e+00	
   4.9100000000000001e+00	   3.4104719048855259e-11	   7.0000000000000000e+00	
   4.9199999999999999e+00	   2.6666890917681485e-11	   7.0000000000000000e+00	
   4.9299999999999997e+00	   2.0662804800508638e-11	   7.0000000000000000e+00	
   4.9399999999999995e+00	   1.5551337995134418e-11	   7.0000000000000000e+00	
   4.9499999999999993e+00	   1.1278977751771890e-11	   7.0000000000000000e+00	
   4.9600000000000000e+00	   7.7791106889435468e-12	   7.0000000000000000e+00	
   4.9699999999999998e+00	   4.9797943546536771e-12	   7.0000000000000000e+00	
   4.9800000000000004e+00	   2.8506086380275519e-12	   7.0000000000000000e+00	
   4.9900000000000002e+00	   1.2156942119645464e-12	   7.0000000000000000e+00	
   5.0000000000000000e+00	   2.2204460492503131e-16	   2.0000000000000000e+00	
   5.0099999999999998e+00	   8.4843243541854463e-13	   7.0000000000000000e+00	
   5.0199999999999996e+00	   1.3840040224977201e-12	   7.0000000000000000e+00	
   5.0299999999999994e+00	   1.6693313398263854e-12	   7.0000000000000000e+00	
   5.0400000000000000e+00	   1.7787993300544258e-12	   7.0000000000000000e+00	
   5.0499999999999998e+00	   1.7266188478970435e-12	   7.0000000000000000e+00	
   5.0600000000000005e+00	   1.5509815654013437e-12	   7.0000000000000000e+00	
   5.0700000000000003e+00	   1.2874146193553315e-12	   7.0000000000000000e+00	
   5.0800000000000001e+00	   9.6855856668298657e-13	   7.0000000000000000e+00	
   5.0899999999999999e+00	   6.3460348087573948e-13	   7.0000000000000000e+00	
   5.0999999999999996e+00	   2.9287683389611630e-13	   7.0000000000000000e+00	
   5.1099999999999994e+00	   3.9968028886505635e-14	   7.0000000000000000e+00	
   5.1200000000000001e+00	   3.4516833835596117e-13	   7.0000000000000000e+00	
   5.1299999999999999e+00	   6.0640381605026050e-13	   7.0000000000000000e+00	
   5.1400000000000006e+00	   8.1290529863053962e-13	   7.0000000000000000e+00	
   5.1500000000000004e+00	   9.7333252568887474e-13	   7.0000000000000000e+00	
   5.1600000000000001e+00	   1.0671463712697005e-12	   7.0000000000000000e+00	
   5.1699999999999999e+00	   1.0882406087375784e-12	   7.0000000000000000e+00	
   5.1799999999999997e+00	   1.0325074129013956e-12	   7.0000000000000000e+00	
   5.1899999999999995e+00	   9.0039087297100195e-13	   7.0000000000000000e+00	
   5.1999999999999993e+00	   7.0388139761234925e-13	   7.0000000000000000e+00	
   5.2100000000000000e+00	   4.3753889400477419e-13	   7.0000000000000000e+00	
   5.2199999999999998e+00	   9.5923269327613525e-14	   7.0000000000000000e+00	
   5.2300000000000004e+00	   3.1452618287630685e-13	   7.0000000000000000e+00	
   5.2400000000000002e+00	   7.8492767840998567e-13	   7.0000000000000000e+00	
   5.2500000000000000e+00	   1.3056222769591841e-12	   7.0000000000000000e+00	
   5.2599999999999998e+00	   1.9058088440715437e-12	   7.0000000000000000e+00	
   5.2699999999999996e+00	   2.5583979379462107e-12	   7.0000000000000000e+00	
   5.2799999999999994e+00	   3.2508440384049209e-12	   7.0000000000000000e+00	
   5.2900000000000000e+00	   3.9703795806644848e-12	   7.0000000000000000e+00	
   5.2999999999999998e+00	   4.7024606431023130e-12	   7.0000000000000000e+00	
   5.3100000000000005e+00	   5.4856119646728985e-12	   7.0000000000000000e+00	
   5.3200000000000003e+00	   6.3442584519179945e-12	   7.0000000000000000e+00	
   5.3300000000000001e+00	   7.2051253852123409e-12	   7.0000000000000000e+00	
   5.3399999999999999e+00	   8.0535578206308855e-12	   7.0000000000000000e+00	
   5.3499999999999996e+00	   8.8737905912239512e-12	   7.0000000000000000e+00	
   5.3599999999999994e+00	   9.6510577307640233e-12	   7.0000000000000000e+00	
   5.3700000000000001e+00	   1.0576206577184166e-11	   7.0000000000000000e+00	
   5.3799999999999999e+00	   1.1489476037240820e-11	   7.0000000000000000e+00	
   5.3900000000000006e+00	   1.2351897282769642e-11	   7.0000000000000000e+00	
   5.4000000000000004e+00	   1.3149259459055429e-11	   7.0000000000000000e+00	
   5.4100000000000001e+00	   1.3867018644475593e-11	   7.0000000000000000e+00	
   5.4199999999999999e+00	   1.4600765041450359e-11	   7.0000000000000000e+00	
   5.4299999999999997e+00	   1.5467849223682606e-11	   7.0000000000000000e+00	
   5.4399999999999995e+00	   1.6251888723672892e-11	   7.0000000000000000e+00	
   5.4499999999999993e+00	   1.6939893932033101e-11	   7.0000000000000000e+00	
   5.4600000000000000e+00	   1.7521206707726833e-11	   7.0000000000000000e+00	
   5.4699999999999998e+00	   1.7986501177347236e-11	   7.0000000000000000e+00	
   5.4800000000000004e+00	   1.8647416943906592e-11	   7.0000000000000000e+00	
   5.4900000000000002e+00	   1.9287682562207920e-11	   7.0000000000000000e+00	
   5.5099999999999998e+00	   1.3958834088612093e-12	   8.0000000000000000e+00	
   5.5199999999999996e+00	   1.3713474800169934e-12	   8.0000000000000000e+00	
   5.5299999999999994e+00	   1.3458123504506148e-12	   8.0000000000000000e+00	
   5.5400000000000000e+00	   1.3353762540191383e-12	   8.0000000000000000e+00	
   5.5499999999999998e+00	   1.3173906410202108e-12	   8.0000000000000000e+00	
   5.5600000000000005e+00	   1.2919665337562947e-12	   8.0000000000000000e+00	
   5.5700000000000003e+00	   1.1486367412771870e-12	   7.0000000000000000e+00	
   5.5800000000000001e+00	   9.6700425444851135e-13	   7.0000000000000000e+00	
   5.5899999999999999e+00	   8.0191409068675057e-13	   7.0000000000000000e+00	
   5.5999999999999996e+00	   6.4404037658505331e-13	   7.0000000000000000e+00	
   5.6099999999999994e+00	   4.8783199702029378e-13	   7.0000000000000000e+00	
   5.6200000000000001e+00	   3.3639757646142243e-13	   7.0000000000000000e+00	
   5.6299999999999999e+00	   1.9195756095768957e-13	   7.0000000000000000e+00	
   5.6400000000000006e+00	   5.5178084323870280e-14	   7.0000000000000000e+00	
   5.6500000000000004e+00	   7.3940853440035426e-14	   7.0000000000000000e+00	
   5.6600000000000001e+00	   1.4310774787418268e-13	   6.0000000000000000e+00	
   5.6699999999999999e+00	   3.1108449149996886e-13	   7.0000000000000000e+00	
   5.6799999999999997e+00	   4.1677772344428377e-13	   7.0000000000000000e+00	
   5.6899999999999995e+00	   5.1225690356204723e-13	   7.0000000000000000e+00	
   5.6999999999999993e+00	   6.0318416927884755e-13	   7.0000000000000000e+00	
   5.7100000000000000e+00	   6.9055872131684737e-13	   7.0000000000000000e+00	
   5.7199999999999998e+00	   7.0543570984682447e-13	   8.0000000000000000e+00	
   5.7300000000000004e+00	   6.6502359175046877e-13	   8.0000000000000000e+00	
   5.7400000000000002e+00	   6.2239102760486276e-13	   8.0000000000000000e+00	
   5.7500000000000000e+00	   5.7820415122478153e-13	   8.0000000000000000e+00	
   5.7599999999999998e+00	   5.4500848278848935e-13	   8.0000000000000000e+00	
   5.7699999999999996e+00	   5.1025850211772195e-13	   8.0000000000000000e+00	
   5.7799999999999994e+00	   4.7406523151494184e-13	   8.0000000000000000e+00	
   5.7900000000000000e+00	   4.3720582709738665e-13	   8.0000000000000000e+00	
   5.7999999999999998e+00	   3.9968028886505635e-13	   8.0000000000000000e+00	
   5.8100000000000005e+00	   3.6581848661398908e-13	   8.0000000000000000e+00	
   5.8200000000000003e+00	   3.3639757646142243e-13	   8.0000000000000000e+00	
   5.8300000000000001e+00	   3.0642155479654321e-13	   8.0000000000000000e+00	
   5.8399999999999999e+00	   2.7622348852673895e-13	   8.0000000000000000e+00	
   5.8499999999999996e+00	   2.4646951146678475e-13	   8.0000000000000000e+00	
   5.8599999999999994e+00	   2.1760371282653068e-13	   8.0000000000000000e+00	
   5.8700000000000001e+00	   1.9384494009955233e-13	   8.0000000000000000e+00	
   5.8799999999999999e+00	   1.7053025658242404e-13	   8.0000000000000000e+00	
   5.8900000000000006e+00	   1.4810375148499588e-13	   8.0000000000000000e+00	
   5.9000000000000004e+00	   1.2667644710973036e-13	   8.0000000000000000e+00	
   5.9100000000000001e+00	   1.0680345496894006e-13	   8.0000000000000000e+00	
   5.9199999999999999e+00	   8.8151708155237429e-14	   8.0000000000000000e+00	
   5.9299999999999997e+00	   7.2386541205560206e-14	   8.0000000000000000e+00	
   5.9399999999999995e+00	   5.7953641885433171e-14	   8.0000000000000000e+00	
   5.9500000000000002e+00	   4.4408920985006262e-14	   8.0000000000000000e+00	
   5.9600000000000000e+00	   3.2196467714129540e-14	   8.0000000000000000e+00	
   5.9699999999999998e+00	   2.1760371282653068e-14	   8.0000000000000000e+00	
   5.9800000000000004e+00	   1.3322676295501878e-14	   8.0000000000000000e+00	
   5.9900000000000002e+00	   5.9952043329758453e-15	   8.0000000000000000e+00	
   6.0000000000000000e+00	   2.2204460492503131e-16	   1.0000000000000000e+00	
   6.0099999999999998e+00	   4.6629367034256575e-15	   8.0000000000000000e+00	
   6.0199999999999996e+00	   7.7715611723760958e-15	   8.0000000000000000e+00	
   6.0300000000000002e+00	   9.2148511043887993e-15	   8.0000000000000000e+00	
   6.0400000000000000e+00	   9.5479180117763462e-15	   8.0000000000000000e+00	
   6.0499999999999998e+00	   9.1038288019262836e-15	   8.0000000000000000e+00	
   6.0600000000000005e+00	   7.1054273576010019e-15	   8.0000000000000000e+00	
   6.0700000000000003e+00	   3.5527136788005009e-15	   8.0000000000000000e+00	
   6.0800000000000001e+00	   6.6613381477509392e-16	   8.0000000000000000e+00	
   6.0899999999999999e+00	   6.2172489379008766e-15	   8.0000000000000000e+00	
   6.0999999999999996e+00	   1.2434497875801753e-14	   8.0000000000000000e+00	
   6.1099999999999994e+00	   2.0317081350640365e-14	   8.0000000000000000e+00	
   6.1200000000000001e+00	   2.8199664825478976e-14	   8.0000000000000000e+00	
   6.1299999999999999e+00	   3.6859404417555197e-14	   8.0000000000000000e+00	
   6.1399999999999997e+00	   4.6407322429331543e-14	   8.0000000000000000e+00	
   6.1500000000000004e+00	   5.7620574978045624e-14	   8.0000000000000000e+00	
   6.1600000000000001e+00	   6.9055872131684737e-14	   8.0000000000000000e+00	
   6.1699999999999999e+00	   8.0824236192711396e-14	   8.0000000000000000e+00	
   6.1799999999999997e+00	   9.2592600253738055e-14	   8.0000000000000000e+00	
   6.1899999999999995e+00	   1.0502709812953981e-13	   8.0000000000000000e+00	
   6.2000000000000002e+00	   1.1812772982011666e-13	   8.0000000000000000e+00	
   6.2100000000000000e+00	   1.3256062914024369e-13	   8.0000000000000000e+00	
   6.2199999999999998e+00	   1.4654943925052066e-13	   8.0000000000000000e+00	
   6.2300000000000004e+00	   1.6087131626818518e-13	   8.0000000000000000e+00	
   6.2400000000000002e+00	   1.7419399256368706e-13	   8.0000000000000000e+00	
   6.2500000000000000e+00	   1.8673951274195133e-13	   8.0000000000000000e+00	
   6.2599999999999998e+00	   2.0317081350640365e-13	   8.0000000000000000e+00	
   6.2699999999999996e+00	   2.1826984664130578e-13	   8.0000000000000000e+00	
   6.2800000000000002e+00	   2.3336887977620790e-13	   8.0000000000000000e+00	
   6.2900000000000000e+00	   2.4680257837417230e-13	   8.0000000000000000e+00	
   6.2999999999999998e+00	   2.5912605394751154e-13	   8.0000000000000000e+00	
   6.3100000000000005e+00	   2.7289281945286348e-13	   8.0000000000000000e+00	
   6.3200000000000003e+00	   2.8888003100746573e-13	   8.0000000000000000e+00	
   6.3300000000000001e+00	   3.0342395263005528e-13	   8.0000000000000000e+00	
   6.3399999999999999e+00	   3.1641356201816961e-13	   8.0000000000000000e+00	
   6.3499999999999996e+00	   3.2773783686934621e-13	   8.0000000000000000e+00	
   6.3599999999999994e+00	   3.3728575488112256e-13	   8.0000000000000000e+00	
   6.3700000000000001e+00	   3.5171865420124959e-13	   8.0000000000000000e+00	
   6.3799999999999999e+00	   3.6504133049675147e-13	   8.0000000000000000e+00	
   6.3899999999999997e+00	   3.7703173916270316e-13	   8.0000000000000000e+00	
   6.4000000000000004e+00	   3.8691272408186705e-13	   8.0000000000000000e+00	
   6.4100000000000001e+00	   3.9435121834685560e-13	   8.0000000000000000e+00	
   6.4199999999999999e+00	   4.0212277951923170e-13	   8.0000000000000000e+00	
   6.4299999999999997e+00	   4.1433523279010842e-13	   8.0000000000000000e+00	
   6.4399999999999995e+00	   4.2466030691912238e-13	   8.0000000000000000e+00	
   6.4500000000000002e+00	   4.3154368967179835e-13	   8.0000000000000000e+00	
   6.4600000000000000e+00	   4.3676173788753658e-13	   8.0000000000000000e+00	
   6.4699999999999998e+00	   4.3942627314663696e-13	   8.0000000000000000e+00	
   6.4800000000000004e+00	   4.4764192352886312e-13	   8.0000000000000000e+00	
   6.4900000000000002e+00	   4.5508041779385167e-13	   8.0000000000000000e+00	
   6.5099999999999998e+00	   1.7130741269966165e-13	   8.0000000000000000e+00	
   6.5199999999999996e+00	   1.6608936448392342e-13	   8.0000000000000000e+00	
   6.5300000000000002e+00	   1.6053824936079764e-13	   8.0000000000000000e+00	
   6.5400000000000000e+00	   1.5731860258938468e-13	   8.0000000000000000e+00	
   6.5499999999999998e+00	   1.5354384430565915e-13	   8.0000000000000000e+00	
   6.5600000000000005e+00	   1.4921397450962104e-13	   8.0000000000000000e+00	
   6.5700000000000003e+00	   1.4366285938649526e-13	   8.0000000000000000e+00	
   6.5800000000000001e+00	   1.3766765505351941e-13	   8.0000000000000000e+00	
   6.5899999999999999e+00	   1.3378187446733136e-13	   8.0000000000000000e+00	
   6.5999999999999996e+00	   1.3011813848606835e-13	   8.0000000000000000e+00	
   6.6099999999999994e+00	   1.2478906796786760e-13	   8.0000000000000000e+00	
   6.6200000000000001e+00	   1.2012613126444194e-13	   8.0000000000000000e+00	
   6.6299999999999999e+00	   1.1479706074624119e-13	   8.0000000000000000e+00	
   6.6399999999999997e+00	   1.0935696792557792e-13	   8.0000000000000000e+00	
   6.6500000000000004e+00	   1.0547118733938987e-13	   8.0000000000000000e+00	
   6.6600000000000001e+00	   1.0125233984581428e-13	   8.0000000000000000e+00	
   6.6699999999999999e+00	   9.6589403142388619e-14	   8.0000000000000000e+00	
   6.6799999999999997e+00	   9.1815444136500446e-14	   8.0000000000000000e+00	
   6.6899999999999995e+00	   8.6153306710912148e-14	   8.0000000000000000e+00	
   6.7000000000000002e+00	   8.1934459217336553e-14	   8.0000000000000000e+00	
   6.7100000000000000e+00	   7.8159700933611020e-14	   8.0000000000000000e+00	
   6.7199999999999998e+00	   7.3940853440035426e-14	   8.0000000000000000e+00	
   6.7300000000000004e+00	   6.9499961341534799e-14	   8.0000000000000000e+00	
   6.7400000000000002e+00	   6.5059069243034173e-14	   8.0000000000000000e+00	
   6.7500000000000000e+00	   6.0618177144533547e-14	   8.0000000000000000e+00	
   6.7599999999999998e+00	   5.7176485768195562e-14	   8.0000000000000000e+00	
   6.7699999999999996e+00	   5.3734794391857577e-14	   8.0000000000000000e+00	
   6.7800000000000002e+00	   4.9626969200744497e-14	   8.0000000000000000e+00	
   6.7900000000000000e+00	   4.5963233219481481e-14	   8.0000000000000000e+00	
   6.7999999999999998e+00	   4.2410519540680980e-14	   8.0000000000000000e+00	
   6.8100000000000005e+00	   3.8857805861880479e-14	   8.0000000000000000e+00	
   6.8200000000000003e+00	   3.5749181392930041e-14	   8.0000000000000000e+00	
   6.8300000000000001e+00	   3.2862601528904634e-14	   8.0000000000000000e+00	
   6.8399999999999999e+00	   2.9753977059954195e-14	   8.0000000000000000e+00	
   6.8499999999999996e+00	   2.6867397195928788e-14	   8.0000000000000000e+00	
   6.8599999999999994e+00	   2.3536728122053319e-14	   8.0000000000000000e+00	
   6.8700000000000001e+00	   2.1316282072803006e-14	   8.0000000000000000e+00	
   6.8799999999999999e+00	   1.8873791418627661e-14	   8.0000000000000000e+00	
   6.8899999999999997e+00	   1.6875389974302379e-14	   8.0000000000000000e+00	
   6.9000000000000004e+00	   1.4210854715202004e-14	   8.0000000000000000e+00	
   6.9100000000000001e+00	   1.2434497875801753e-14	   8.0000000000000000e+00	
   6.9199999999999999e+00	   1.0436096431476471e-14	   8.0000000000000000e+00	
   6.9299999999999997e+00	   8.6597395920762210e-15	   8.0000000000000000e+00	
   6.9399999999999995e+00	   6.8833827526759706e-15	   8.0000000000000000e+00	
   6.9500000000000002e+00	   5.5511151231257827e-15	   8.0000000000000000e+00	
   6.9600000000000000e+00	   4.2188474935755949e-15	   8.0000000000000000e+00	
   6.9699999999999998e+00	   2.9976021664879227e-15	   8.0000000000000000e+00	
   6.9800000000000004e+00	   1.7763568394002505e-15	   8.0000000000000000e+00	
   6.9900000000000002e+00	   8.8817841970012523e-16	   8.0000000000000000e+00	
   7.0000000000000000e+00	   2.2204460492503131e-16	   1.0000000000000000e+00	
   7.0099999999999998e+00	   8.8817841970012523e-16	   8.0000000000000000e+00	
   7.0199999999999996e+00	   1.3322676295501878e-15	   8.0000000000000000e+00	
   7.0300000000000002e+00	   1.9984014443252818e-15	   8.0000000000000000e+00	
   7.0400000000000000e+00	   1.9984014443252818e-15	   8.0000000000000000e+00	
   7.0499999999999998e+00	   2.2204460492503131e-15	   8.0000000000000000e+00	
   7.0599999999999996e+00	   2.3314683517128287e-15	   8.0000000000000000e+00	
   7.0700000000000003e+00	   2.4424906541753444e-15	   8.0000000000000000e+00	
   7.0800000000000001e+00	   2.3314683517128287e-15	   8.0000000000000000e+00	
   7.0899999999999999e+00	   2.2204460492503131e-15	   8.0000000000000000e+00	
   7.0999999999999996e+00	   1.6653345369377348e-15	   8.0000000000000000e+00	
   7.1100000000000003e+00	   1.4432899320127035e-15	   8.0000000000000000e+00	
   7.1200000000000001e+00	   8.8817841970012523e-16	   8.0000000000000000e+00	
   7.1299999999999999e+00	   2.2204460492503131e-16	   8.0000000000000000e+00	
   7.1399999999999997e+00	   8.8817841970012523e-16	   8.0000000000000000e+00	
   7.1500000000000004e+00	   1.5543122344752192e-15	   8.0000000000000000e+00	
   7.1600000000000001e+00	   2.4424906541753444e-15	   8.0000000000000000e+00	
   7.1699999999999999e+00	   3.3306690738754696e-15	   8.0000000000000000e+00	
   7.1799999999999997e+00	   4.2188474935755949e-15	   8.0000000000000000e+00	
   7.1899999999999995e+00	   5.2180482157382357e-15	   8.0000000000000000e+00	
   7.2000000000000002e+00	   6.2172489379008766e-15	   8.0000000000000000e+00	
   7.2100000000000000e+00	   7.5495165674510645e-15	   8.0000000000000000e+00	
   7.2199999999999998e+00	   8.7707618945387367e-15	   8.0000000000000000e+00	
   7.2300000000000004e+00	   9.8809849191638932e-15	   8.0000000000000000e+00	
   7.2400000000000002e+00	   1.1213252548714081e-14	   8.0000000000000000e+00	
   7.2500000000000000e+00	   1.2434497875801753e-14	   8.0000000000000000e+00	
   7.2599999999999998e+00	   1.4210854715202004e-14	   8.0000000000000000e+00	
   7.2699999999999996e+00	   1.5543122344752192e-14	   8.0000000000000000e+00	
   7.2800000000000002e+00	   1.6653345369377348e-14	   8.0000000000000000e+00	
   7.2900000000000000e+00	   1.7874590696465020e-14	   8.0000000000000000e+00	
   7.2999999999999998e+00	   1.9539925233402755e-14	   8.0000000000000000e+00	
   7.3099999999999996e+00	   2.0872192862952943e-14	   8.0000000000000000e+00	
   7.3200000000000003e+00	   2.2204460492503131e-14	   8.0000000000000000e+00	
   7.3300000000000001e+00	   2.3980817331903381e-14	   8.0000000000000000e+00	
   7.3399999999999999e+00	   2.5535129566378600e-14	   8.0000000000000000e+00	
   7.3499999999999996e+00	   2.6867397195928788e-14	   8.0000000000000000e+00	
   7.3600000000000003e+00	   2.7644553313166398e-14	   8.0000000000000000e+00	
   7.3700000000000001e+00	   2.9087843245179101e-14	   8.0000000000000000e+00	
   7.3799999999999999e+00	   3.0864200084579352e-14	   8.0000000000000000e+00	
   7.3899999999999997e+00	   3.2196467714129540e-14	   8.0000000000000000e+00	
   7.4000000000000004e+00	   3.3306690738754696e-14	   8.0000000000000000e+00	
   7.4100000000000001e+00	   3.4749980670767400e-14	   8.0000000000000000e+00	
   7.4199999999999999e+00	   3.5749181392930041e-14	   8.0000000000000000e+00	
   7.4299999999999997e+00	   3.7525538232330291e-14	   8.0000000000000000e+00	
   7.4399999999999995e+00	   3.8413716652030416e-14	   8.0000000000000000e+00	
   7.4500000000000002e+00	   3.9301895071730542e-14	   8.0000000000000000e+00	
   7.4600000000000000e+00	   4.0523140398818214e-14	   8.0000000000000000e+00	
   7.4699999999999998e+00	   4.1078251911130792e-14	   8.0000000000000000e+00	
   7.4800000000000004e+00	   4.2299497238218464e-14	   8.0000000000000000e+00	
   7.4900000000000002e+00	   4.3298697960381105e-14	   8.0000000000000000e+00	
   7.5099999999999998e+00	   5.5067062021407764e-14	   8.0000000000000000e+00	
   7.5199999999999996e+00	   5.4067861299245124e-14	   8.0000000000000000e+00	
   7.5300000000000002e+00	   5.3290705182007514e-14	   8.0000000000000000e+00	
   7.5400000000000000e+00	   5.3179682879544998e-14	   8.0000000000000000e+00	
   7.5499999999999998e+00	   5.2624571367232420e-14	   8.0000000000000000e+00	
   7.5599999999999996e+00	   5.2513549064769904e-14	   8.0000000000000000e+00	
   7.5700000000000003e+00	   5.1958437552457326e-14	   8.0000000000000000e+00	
   7.5800000000000001e+00	   5.0404125317982107e-14	   8.0000000000000000e+00	
   7.5899999999999999e+00	   5.0071058410594560e-14	   8.0000000000000000e+00	
   7.5999999999999996e+00	   4.9404924595819466e-14	   8.0000000000000000e+00	
   7.6100000000000003e+00	   4.8627768478581856e-14	   8.0000000000000000e+00	
   7.6200000000000001e+00	   4.7517545453956700e-14	   8.0000000000000000e+00	
   7.6299999999999999e+00	   4.6407322429331543e-14	   8.0000000000000000e+00	
   7.6399999999999997e+00	   4.5186077102243871e-14	   8.0000000000000000e+00	
   7.6500000000000004e+00	   4.4853010194856324e-14	   8.0000000000000000e+00	
   7.6600000000000001e+00	   4.3964831775156199e-14	   8.0000000000000000e+00	
   7.6699999999999999e+00	   4.2743586448068527e-14	   8.0000000000000000e+00	
   7.6799999999999997e+00	   4.1411318818518339e-14	   8.0000000000000000e+00	
   7.6900000000000004e+00	   4.0412118096355698e-14	   8.0000000000000000e+00	
   7.7000000000000002e+00	   3.9079850466805510e-14	   8.0000000000000000e+00	
   7.7100000000000000e+00	   3.8191672047105385e-14	   8.0000000000000000e+00	
   7.7199999999999998e+00	   3.6859404417555197e-14	   8.0000000000000000e+00	
   7.7300000000000004e+00	   3.5971225997855072e-14	   8.0000000000000000e+00	
   7.7400000000000002e+00	   3.4638958368304884e-14	   8.0000000000000000e+00	
   7.7500000000000000e+00	   3.2862601528904634e-14	   8.0000000000000000e+00	
   7.7599999999999998e+00	   3.1641356201816961e-14	   8.0000000000000000e+00	
   7.7699999999999996e+00	   3.0642155479654321e-14	   8.0000000000000000e+00	
   7.7800000000000002e+00	   2.9531932455029164e-14	   8.0000000000000000e+00	
   7.7900000000000000e+00	   2.7977620220553945e-14	   8.0000000000000000e+00	
   7.7999999999999998e+00	   2.6534330288541241e-14	   8.0000000000000000e+00	
   7.8099999999999996e+00	   2.5091040356528538e-14	   8.0000000000000000e+00	
   7.8200000000000003e+00	   2.3980817331903381e-14	   8.0000000000000000e+00	
   7.8300000000000001e+00	   2.2870594307278225e-14	   8.0000000000000000e+00	
   7.8399999999999999e+00	   2.1316282072803006e-14	   8.0000000000000000e+00	
   7.8499999999999996e+00	   1.9761969838327786e-14	   8.0000000000000000e+00	
   7.8600000000000003e+00	   1.8429702208777599e-14	   8.0000000000000000e+00	
   7.8700000000000001e+00	   1.7097434579227411e-14	   8.0000000000000000e+00	
   7.8799999999999999e+00	   1.5765166949677223e-14	   8.0000000000000000e+00	
   7.8899999999999997e+00	   1.4543921622589551e-14	   8.0000000000000000e+00	
   7.9000000000000004e+00	   1.3211653993039363e-14	   8.0000000000000000e+00	
   7.9100000000000001e+00	   1.1990408665951691e-14	   8.0000000000000000e+00	
   7.9199999999999999e+00	   1.0436096431476471e-14	   8.0000000000000000e+00	
   7.9299999999999997e+00	   8.8817841970012523e-15	   8.0000000000000000e+00	
   7.9400000000000004e+00	   7.7715611723760958e-15	   8.0000000000000000e+00	
   7.9500000000000002e+00	   6.4392935428259079e-15	   8.0000000000000000e+00	
   7.9600000000000000e+00	   5.1070259132757201e-15	   8.0000000000000000e+00	
   7.9699999999999998e+00	   3.7747582837255322e-15	   8.0000000000000000e+00	
   7.9800000000000004e+00	   2.8865798640254070e-15	   8.0000000000000000e+00	
   7.9900000000000002e+00	   1.3322676295501878e-15	   8.0000000000000000e+00	
   8.0000000000000000e+00	   0.0000000000000000e+00	   8.0000000000000000e+00	
