   5.1000000000000001e-01	   7.0397088859662249e-01	   1.0000000000000000e+00	
   5.2000000000000002e-01	   6.9142295760315986e-01	   1.0000000000000000e+00	
   5.3000000000000003e-01	   6.7919884935096064e-01	   1.0000000000000000e+00	
   5.4000000000000004e-01	   6.7204429480246652e-01	   1.0000000000000000e+00	
   5.5000000000000004e-01	   6.6321589599569308e-01	   1.0000000000000000e+00	
   5.6000000000000005e-01	   6.5276629639075701e-01	   1.0000000000000000e+00	
   5.7000000000000006e-01	   6.4075231700971536e-01	   1.0000000000000000e+00	
   5.7999999999999996e-01	   6.2723499632343160e-01	   1.0000000000000000e+00	
   5.8999999999999997e-01	   6.1764987922020942e-01	   1.0000000000000000e+00	
   5.9999999999999998e-01	   6.0920032990216932e-01	   1.0000000000000000e+00	
   6.0999999999999999e-01	   5.9922214860813772e-01	   1.0000000000000000e+00	
   6.2000000000000000e-01	   5.8777444063980377e-01	   1.0000000000000000e+00	
   6.3000000000000000e-01	   5.7492035387298546e-01	   1.0000000000000000e+00	
   6.4000000000000001e-01	   5.6156330972949609e-01	   1.0000000000000000e+00	
   6.5000000000000002e-01	   5.5350247104907901e-01	   1.0000000000000000e+00	
   6.6000000000000003e-01	   5.4400984983173739e-01	   1.0000000000000000e+00	
   6.7000000000000004e-01	   5.3314619472579250e-01	   1.0000000000000000e+00	
   6.7999999999999994e-01	   5.2097608546314733e-01	   1.0000000000000000e+00	
   6.8999999999999995e-01	   5.0756790780639682e-01	   1.0000000000000000e+00	
   6.9999999999999996e-01	   4.9679779799889867e-01	   1.0000000000000000e+00	
   7.0999999999999996e-01	   4.8779115512284399e-01	   1.0000000000000000e+00	
   7.1999999999999997e-01	   4.7751495066497696e-01	   1.0000000000000000e+00	
   7.2999999999999998e-01	   4.6603448818319726e-01	   1.0000000000000000e+00	
   7.3999999999999999e-01	   4.5341860702236891e-01	   1.0000000000000000e+00	
   7.5000000000000000e-01	   4.3973961355697311e-01	   1.0000000000000000e+00	
   7.6000000000000001e-01	   4.3120653576256496e-01	   1.0000000000000000e+00	
   7.7000000000000002e-01	   4.2150767987124871e-01	   1.0000000000000000e+00	
   7.8000000000000003e-01	   4.1070836265831367e-01	   1.0000000000000000e+00	
   7.9000000000000004e-01	   3.9887715128863399e-01	   1.0000000000000000e+00	
   8.0000000000000004e-01	   3.8608576330039734e-01	   1.0000000000000000e+00	
   8.1000000000000005e-01	   3.7486475493782589e-01	   1.0000000000000000e+00	
   8.2000000000000006e-01	   3.6572116121934850e-01	   1.0000000000000000e+00	
   8.3000000000000007e-01	   3.5558184117997826e-01	   1.0000000000000000e+00	
   8.4000000000000008e-01	   3.4451439727071631e-01	   1.0000000000000000e+00	
   8.5000000000000009e-01	   3.3258926394346444e-01	   1.0000000000000000e+00	
   8.5999999999999999e-01	   3.1987956811147567e-01	   1.0000000000000000e+00	
   8.7000000000000000e-01	   3.1071366911927334e-01	   1.0000000000000000e+00	
   8.8000000000000000e-01	   3.0120257088493863e-01	   1.0000000000000000e+00	
   8.9000000000000001e-01	   2.9086675971365583e-01	   1.0000000000000000e+00	
   9.0000000000000002e-01	   2.7977475539187058e-01	   1.0000000000000000e+00	
   9.1000000000000003e-01	   2.6799743738555781e-01	   1.0000000000000000e+00	
   9.1999999999999993e-01	   2.5699845602426996e-01	   1.0000000000000000e+00	
   9.2999999999999994e-01	   2.4807554806771570e-01	   1.0000000000000000e+00	
   9.3999999999999995e-01	   2.3843039487347162e-01	   1.0000000000000000e+00	
   9.4999999999999996e-01	   2.2812904633724895e-01	   1.0000000000000000e+00	
   9.5999999999999996e-01	   2.1723959822579775e-01	   1.0000000000000000e+00	
   9.6999999999999997e-01	   2.0583200781910072e-01	   1.0000000000000000e+00	
   9.7999999999999998e-01	   1.9665883086947500e-01	   1.0000000000000000e+00	
   9.8999999999999999e-01	   1.8765712257783296e-01	   1.0000000000000000e+00	
   1.0000000000000000e+00	   1.7809724509617242e-01	   1.0000000000000000e+00	
   1.0100000000000000e+00	   1.6804406374468672e-01	   1.0000000000000000e+00	
   1.0200000000000000e+00	   1.5756400699087125e-01	   1.0000000000000000e+00	
   1.0300000000000000e+00	   1.4736127090880635e-01	   1.0000000000000000e+00	
   1.0400000000000000e+00	   1.3895223682203484e-01	   1.0000000000000000e+00	
   1.0500000000000000e+00	   1.3008065518771561e-01	   1.0000000000000000e+00	
   1.0600000000000001e+00	   1.2080780527102530e-01	   1.0000000000000000e+00	
   1.0700000000000001e+00	   1.1119626231879742e-01	   1.0000000000000000e+00	
   1.0800000000000001e+00	   1.0130970167493913e-01	   1.0000000000000000e+00	
   1.0899999999999999e+00	   9.2674273174016220e-02	   1.0000000000000000e+00	
   1.1000000000000001e+00	   8.4436523274475705e-02	   1.0000000000000000e+00	
   1.1099999999999999e+00	   7.5886487831958060e-02	   1.0000000000000000e+00	
   1.1200000000000001e+00	   6.7082653967469152e-02	   1.0000000000000000e+00	
   1.1299999999999999e+00	   5.8084376693436468e-02	   1.0000000000000000e+00	
   1.1400000000000001e+00	   4.9136723093539336e-02	   1.0000000000000000e+00	
   1.1499999999999999e+00	   4.1479657930820979e-02	   1.0000000000000000e+00	
   1.1600000000000001e+00	   3.3596004300315618e-02	   1.0000000000000000e+00	
   1.1699999999999999e+00	   2.5540009001552066e-02	   1.0000000000000000e+00	
   1.1800000000000002e+00	   1.7366588736316801e-02	   1.0000000000000000e+00	
   1.1899999999999999e+00	   1.6555664961468652e-02	   1.0000000000000000e+00	
   1.2000000000000002e+00	   1.6798900261640659e-02	   1.0000000000000000e+00	
   1.2100000000000000e+00	   1.7093187306335134e-02	   1.0000000000000000e+00	
   1.2200000000000000e+00	   1.7276278603891804e-02	   1.0000000000000000e+00	
   1.2300000000000000e+00	   1.7348204464833206e-02	   1.0000000000000000e+00	
   1.2400000000000000e+00	   1.7310254654818502e-02	   1.0000000000000000e+00	
   1.2500000000000000e+00	   1.7164901726812731e-02	   1.0000000000000000e+00	
   1.2600000000000000e+00	   1.7291493571187866e-02	   1.0000000000000000e+00	
   1.2700000000000000e+00	   1.7314430428980510e-02	   1.0000000000000000e+00	
   1.2800000000000000e+00	   1.7235536497809845e-02	   1.0000000000000000e+00	
   1.2900000000000000e+00	   1.7057678004634536e-02	   1.0000000000000000e+00	
   1.3000000000000000e+00	   1.6784684943375039e-02	   1.0000000000000000e+00	
   1.3100000000000001e+00	   1.6582154303034002e-02	   1.0000000000000000e+00	
   1.3200000000000001e+00	   1.6488429191285681e-02	   1.0000000000000000e+00	
   1.3300000000000001e+00	   1.6303317386837879e-02	   1.0000000000000000e+00	
   1.3399999999999999e+00	   1.6030832235961467e-02	   1.0000000000000000e+00	
   1.3500000000000001e+00	   1.5675754191272873e-02	   1.0000000000000000e+00	
   1.3599999999999999e+00	   1.5243548427141151e-02	   1.0000000000000000e+00	
   1.3700000000000001e+00	   1.5030769121531007e-02	   1.0000000000000000e+00	
   1.3799999999999999e+00	   1.4774891452952188e-02	   1.0000000000000000e+00	
   1.3900000000000001e+00	   1.4443609081009834e-02	   1.0000000000000000e+00	
   1.3999999999999999e+00	   1.4042307463367099e-02	   1.0000000000000000e+00	
   1.4100000000000001e+00	   1.3576883655534999e-02	   1.0000000000000000e+00	
   1.4199999999999999e+00	   1.3149525146030516e-02	   1.0000000000000000e+00	
   1.4300000000000002e+00	   1.2850842716637612e-02	   1.0000000000000000e+00	
   1.4399999999999999e+00	   1.2488822863936599e-02	   1.0000000000000000e+00	
   1.4500000000000002e+00	   1.2069164888909745e-02	   1.0000000000000000e+00	
   1.4600000000000000e+00	   1.1597926447412643e-02	   1.0000000000000000e+00	
   1.4700000000000000e+00	   1.1081447004920753e-02	   1.0000000000000000e+00	
   1.4800000000000000e+00	   1.0707945743492653e-02	   1.0000000000000000e+00	
   1.4900000000000000e+00	   1.0337008253050506e-02	   1.0000000000000000e+00	
   1.5100000000000000e+00	   9.4641591282345061e-03	   1.0000000000000000e+00	
   1.5200000000000000e+00	   8.9743847304846192e-03	   1.0000000000000000e+00	
   1.5300000000000000e+00	   8.4988357841928597e-03	   1.0000000000000000e+00	
   1.5400000000000000e+00	   8.1359236259324064e-03	   1.0000000000000000e+00	
   1.5500000000000000e+00	   7.7387538808133538e-03	   1.0000000000000000e+00	
   1.5600000000000001e+00	   7.3130674941954688e-03	   1.0000000000000000e+00	
   1.5700000000000001e+00	   6.8646447336857541e-03	   1.0000000000000000e+00	
   1.5800000000000001e+00	   6.3992415973144201e-03	   1.0000000000000000e+00	
   1.5900000000000001e+00	   6.0106103654398169e-03	   1.0000000000000000e+00	
   1.6000000000000001e+00	   5.6453706243189128e-03	   1.0000000000000000e+00	
   1.6100000000000001e+00	   5.2618582413657133e-03	   1.0000000000000000e+00	
   1.6200000000000001e+00	   4.8653512403571408e-03	   1.0000000000000000e+00	
   1.6300000000000001e+00	   4.4610126268938011e-03	   1.0000000000000000e+00	
   1.6400000000000001e+00	   4.0638764262495020e-03	   1.0000000000000000e+00	
   1.6500000000000001e+00	   3.7402602835823195e-03	   1.0000000000000000e+00	
   1.6599999999999999e+00	   3.4075986434445316e-03	   1.0000000000000000e+00	
   1.6699999999999999e+00	   3.0705563713535611e-03	   1.0000000000000000e+00	
   1.6799999999999999e+00	   2.7336064398812976e-03	   1.0000000000000000e+00	
   1.6899999999999999e+00	   2.4009834036371469e-03	   1.0000000000000000e+00	
   1.7000000000000000e+00	   2.1028498016171238e-03	   1.0000000000000000e+00	
   1.7100000000000000e+00	   1.8276751727286378e-03	   1.0000000000000000e+00	
   1.7200000000000000e+00	   1.5555320975551012e-03	   1.0000000000000000e+00	
   1.7300000000000000e+00	   1.2901277139716338e-03	   1.0000000000000000e+00	
   1.7400000000000000e+00	   1.0348741023562535e-03	   1.0000000000000000e+00	
   1.7500000000000000e+00	   7.9285322908617673e-04	   1.0000000000000000e+00	
   1.7600000000000000e+00	   5.8048575625280208e-04	   1.0000000000000000e+00	
   1.7700000000000000e+00	   3.7730106336919533e-04	   1.0000000000000000e+00	
   1.7800000000000000e+00	   1.8618230239542122e-04	   1.0000000000000000e+00	
   1.7900000000000000e+00	   2.0721581071936335e-04	   1.0000000000000000e+00	
   1.8000000000000000e+00	   3.4672042715699902e-04	   1.0000000000000000e+00	
   1.8100000000000001e+00	   4.7257663563016195e-04	   1.0000000000000000e+00	
   1.8200000000000001e+00	   5.8842202675468691e-04	   1.0000000000000000e+00	
   1.8300000000000001e+00	   6.8768471561608813e-04	   1.0000000000000000e+00	
   1.8400000000000001e+00	   6.9291376517699454e-04	   2.0000000000000000e+00	
   1.8500000000000001e+00	   5.3102005107308337e-04	   2.0000000000000000e+00	
   1.8600000000000001e+00	   3.8733530117607273e-04	   2.0000000000000000e+00	
   1.8700000000000001e+00	   2.6826373336774623e-04	   2.0000000000000000e+00	
   1.8800000000000001e+00	   1.6429741137868881e-04	   2.0000000000000000e+00	
   1.8900000000000001e+00	   7.5299406088857879e-05	   2.0000000000000000e+00	
   1.9000000000000001e+00	   4.3032880357563030e-05	   2.0000000000000000e+00	
   1.9099999999999999e+00	   9.1096099873677616e-05	   2.0000000000000000e+00	
   1.9199999999999999e+00	   1.2599341615726622e-04	   2.0000000000000000e+00	
   1.9299999999999999e+00	   1.4987562311108427e-04	   2.0000000000000000e+00	
   1.9399999999999999e+00	   1.6120846002709577e-04	   2.0000000000000000e+00	
   1.9500000000000000e+00	   1.6029800962868990e-04	   2.0000000000000000e+00	
   1.9600000000000000e+00	   1.4771381807565653e-04	   2.0000000000000000e+00	
   1.9700000000000000e+00	   1.2426712318758248e-04	   2.0000000000000000e+00	
   1.9800000000000000e+00	   9.2582751238357019e-05	   2.0000000000000000e+00	
   1.9900000000000000e+00	   5.1088838975310580e-05	   2.0000000000000000e+00	
   2.0000000000000000e+00	   0.0000000000000000e+00	   1.0000000000000000e+00	
   2.0099999999999998e+00	   5.3905665929665503e-05	   2.0000000000000000e+00	
   2.0200000000000000e+00	   1.0415417512232850e-04	   2.0000000000000000e+00	
   2.0300000000000002e+00	   1.5100848339644202e-04	   2.0000000000000000e+00	
   2.0400000000000000e+00	   1.9711830366531125e-04	   2.0000000000000000e+00	
   2.0499999999999998e+00	   2.4016652974490071e-04	   2.0000000000000000e+00	
   2.0600000000000001e+00	   2.7968530475908082e-04	   2.0000000000000000e+00	
   2.0700000000000003e+00	   3.1527583969959139e-04	   2.0000000000000000e+00	
   2.0800000000000001e+00	   3.4660861572421986e-04	   2.0000000000000000e+00	
   2.0899999999999999e+00	   3.7898384301793264e-04	   2.0000000000000000e+00	
   2.1000000000000001e+00	   4.1046413477352495e-04	   2.0000000000000000e+00	
   2.1100000000000003e+00	   4.3817081404595726e-04	   2.0000000000000000e+00	
   2.1200000000000001e+00	   4.6183909851449378e-04	   2.0000000000000000e+00	
   2.1299999999999999e+00	   4.8126631406097964e-04	   2.0000000000000000e+00	
   2.1400000000000001e+00	   4.9753429045118480e-04	   2.0000000000000000e+00	
   2.1500000000000004e+00	   5.1954733497350247e-04	   2.0000000000000000e+00	
   2.1600000000000001e+00	   5.3770040472711500e-04	   2.0000000000000000e+00	
   2.1699999999999999e+00	   5.5184184326062535e-04	   2.0000000000000000e+00	
   2.1799999999999997e+00	   5.6187481128544547e-04	   2.0000000000000000e+00	
   2.1899999999999999e+00	   5.6775552316912226e-04	   2.0000000000000000e+00	
   2.2000000000000002e+00	   5.7654916313798488e-04	   2.0000000000000000e+00	
   2.2100000000000000e+00	   5.8709636756049122e-04	   2.0000000000000000e+00	
   2.2199999999999998e+00	   5.9377286807849039e-04	   2.0000000000000000e+00	
   2.2300000000000000e+00	   5.9656826391840667e-04	   2.0000000000000000e+00	
   2.2400000000000002e+00	   5.9551752629705135e-04	   2.0000000000000000e+00	
   2.2500000000000000e+00	   5.9069845333503679e-04	   2.0000000000000000e+00	
   2.2599999999999998e+00	   5.9529553593340445e-04	   2.0000000000000000e+00	
   2.2700000000000000e+00	   5.9625547605324236e-04	   2.0000000000000000e+00	
   2.2800000000000002e+00	   5.9363660357436565e-04	   2.0000000000000000e+00	
   2.2900000000000000e+00	   5.8753522343457654e-04	   2.0000000000000000e+00	
   2.2999999999999998e+00	   5.7808285351979016e-04	   2.0000000000000000e+00	
   2.3100000000000001e+00	   5.7104289278209208e-04	   2.0000000000000000e+00	
   2.3200000000000003e+00	   5.6774980500384764e-04	   2.0000000000000000e+00	
   2.3300000000000001e+00	   5.6123656603412897e-04	   2.0000000000000000e+00	
   2.3399999999999999e+00	   5.5164518537065277e-04	   2.0000000000000000e+00	
   2.3500000000000001e+00	   5.3870736215033688e-04	   3.0000000000000000e+00	
   2.3600000000000003e+00	   5.2108823409313665e-04	   3.0000000000000000e+00	
   2.3700000000000001e+00	   5.1124258963408664e-04	   3.0000000000000000e+00	
   2.3799999999999999e+00	   5.0007296827825343e-04	   3.0000000000000000e+00	
   2.3900000000000001e+00	   4.8650130575222938e-04	   3.0000000000000000e+00	
   2.4000000000000004e+00	   4.7074616239117795e-04	   3.0000000000000000e+00	
   2.4100000000000001e+00	   4.5303744197822127e-04	   3.0000000000000000e+00	
   2.4199999999999999e+00	   4.3683077221690070e-04	   3.0000000000000000e+00	
   2.4299999999999997e+00	   4.2513263042831539e-04	   3.0000000000000000e+00	
   2.4399999999999999e+00	   4.1149623812564151e-04	   3.0000000000000000e+00	
   2.4500000000000002e+00	   3.9613545902850156e-04	   3.0000000000000000e+00	
   2.4600000000000000e+00	   3.7927017296301990e-04	   3.0000000000000000e+00	
   2.4699999999999998e+00	   3.6112362343332371e-04	   3.0000000000000000e+00	
   2.4800000000000000e+00	   3.4787401733149537e-04	   3.0000000000000000e+00	
   2.4900000000000002e+00	   3.3488324271901959e-04	   3.0000000000000000e+00	
   2.5100000000000002e+00	   3.0516145028336439e-04	   3.0000000000000000e+00	
   2.5200000000000000e+00	   2.8883750190655810e-04	   3.0000000000000000e+00	
   2.5300000000000002e+00	   2.7314985110771239e-04	   3.0000000000000000e+00	
   2.5400000000000000e+00	   2.6126722400432456e-04	   3.0000000000000000e+00	
   2.5499999999999998e+00	   2.4843033796329017e-04	   3.0000000000000000e+00	
   2.5600000000000001e+00	   2.3482264473151382e-04	   3.0000000000000000e+00	
   2.5699999999999998e+00	   2.2062419248136678e-04	   3.0000000000000000e+00	
   2.5800000000000001e+00	   2.0600988363050909e-04	   3.0000000000000000e+00	
   2.5899999999999999e+00	   1.9399785946072612e-04	   3.0000000000000000e+00	
   2.6000000000000001e+00	   1.8228806164088951e-04	   2.0000000000000000e+00	
   2.6099999999999999e+00	   1.6876951553768116e-04	   2.0000000000000000e+00	
   2.6200000000000001e+00	   1.5488990501011379e-04	   2.0000000000000000e+00	
   2.6299999999999999e+00	   1.4083316511581678e-04	   2.0000000000000000e+00	
   2.6400000000000001e+00	   1.2708860692156598e-04	   2.0000000000000000e+00	
   2.6499999999999999e+00	   1.1570855070575092e-04	   2.0000000000000000e+00	
   2.6600000000000001e+00	   1.0410975205510375e-04	   2.0000000000000000e+00	
   2.6699999999999999e+00	   8.9904880224311867e-05	   1.0000000000000000e+00	
   2.6800000000000002e+00	   4.5808031503558055e-05	   1.0000000000000000e+00	
   2.6899999999999999e+00	   1.1301787602890911e-05	   1.0000000000000000e+00	
   2.7000000000000002e+00	   5.0434967551638010e-05	   1.0000000000000000e+00	
   2.7100000000000000e+00	   4.9987168198040166e-05	   2.0000000000000000e+00	
   2.7200000000000002e+00	   4.0755801450798046e-05	   2.0000000000000000e+00	
   2.7300000000000000e+00	   3.1854262341868278e-05	   2.0000000000000000e+00	
   2.7400000000000002e+00	   2.3396524532204310e-05	   2.0000000000000000e+00	
   2.7500000000000000e+00	   1.5483236541546930e-05	   2.0000000000000000e+00	
   2.7600000000000002e+00	   8.3889121746949513e-06	   2.0000000000000000e+00	
   2.7700000000000000e+00	   1.7023805554128302e-06	   2.0000000000000000e+00	
   2.7800000000000002e+00	   4.9707183309433134e-06	   2.0000000000000000e+00	
   2.7900000000000000e+00	   1.0529325795705091e-05	   2.0000000000000000e+00	
   2.8000000000000003e+00	   1.5438507302567572e-05	   2.0000000000000000e+00	
   2.8100000000000001e+00	   1.2802053543481406e-05	   3.0000000000000000e+00	
   2.8199999999999998e+00	   9.2173358596792099e-06	   3.0000000000000000e+00	
   2.8300000000000001e+00	   5.9359427444505286e-06	   3.0000000000000000e+00	
   2.8399999999999999e+00	   2.9942890729106608e-06	   3.0000000000000000e+00	
   2.8500000000000001e+00	   4.1968819353144227e-07	   3.0000000000000000e+00	
   2.8599999999999999e+00	   1.8477438112896039e-06	   3.0000000000000000e+00	
   2.8700000000000001e+00	   3.7017486951285150e-06	   3.0000000000000000e+00	
   2.8799999999999999e+00	   5.2320926067217499e-06	   3.0000000000000000e+00	
   2.8900000000000001e+00	   6.4189374529011189e-06	   3.0000000000000000e+00	
   2.8999999999999999e+00	   7.2553529302243902e-06	   3.0000000000000000e+00	
   2.9100000000000001e+00	   4.2507404343083977e-06	   4.0000000000000000e+00	
   2.9199999999999999e+00	   1.5860684894342114e-06	   4.0000000000000000e+00	
   2.9300000000000002e+00	   5.0390042960479775e-07	   4.0000000000000000e+00	
   2.9399999999999999e+00	   1.9314119388269546e-06	   4.0000000000000000e+00	
   2.9500000000000002e+00	   2.7990300732749773e-06	   4.0000000000000000e+00	
   2.9600000000000000e+00	   3.1328210783332366e-06	   4.0000000000000000e+00	
   2.9700000000000002e+00	   2.9696452388261463e-06	   4.0000000000000000e+00	
   2.9800000000000000e+00	   2.3968128672890998e-06	   4.0000000000000000e+00	
   2.9900000000000002e+00	   1.3999078927184883e-06	   4.0000000000000000e+00	
   3.0000000000000000e+00	   2.2204460492503131e-16	   1.0000000000000000e+00	
   3.0100000000000002e+00	   1.5349648121443238e-06	   4.0000000000000000e+00	
   3.0200000000000000e+00	   2.9558039951194104e-06	   4.0000000000000000e+00	
   3.0300000000000002e+00	   4.2710873555673601e-06	   4.0000000000000000e+00	
   3.0400000000000000e+00	   5.5565552734559986e-06	   4.0000000000000000e+00	
   3.0500000000000003e+00	   6.7474036873349519e-06	   4.0000000000000000e+00	
   3.0600000000000001e+00	   7.8314789575539834e-06	   4.0000000000000000e+00	
   3.0699999999999998e+00	   8.7987226635721782e-06	   4.0000000000000000e+00	
   3.0800000000000001e+00	   9.6411415952957213e-06	   4.0000000000000000e+00	
   3.0899999999999999e+00	   1.0506919855490793e-05	   4.0000000000000000e+00	
   3.1000000000000001e+00	   1.1342313487539002e-05	   4.0000000000000000e+00	
   3.1099999999999999e+00	   1.2068365858208807e-05	   4.0000000000000000e+00	
   3.1200000000000001e+00	   1.2678907280072593e-05	   4.0000000000000000e+00	
   3.1299999999999999e+00	   1.3169548376268381e-05	   4.0000000000000000e+00	
   3.1400000000000001e+00	   1.3570988176336840e-05	   4.0000000000000000e+00	
   3.1499999999999999e+00	   1.4126193075725268e-05	   4.0000000000000000e+00	
   3.1600000000000001e+00	   1.4573442992604768e-05	   4.0000000000000000e+00	
   3.1699999999999999e+00	   1.4909713811128711e-05	   4.0000000000000000e+00	
   3.1800000000000002e+00	   1.5133490856689136e-05	   4.0000000000000000e+00	
   3.1899999999999999e+00	   1.5244695424243560e-05	   4.0000000000000000e+00	
   3.2000000000000002e+00	   1.5433504233275386e-05	   4.0000000000000000e+00	
   3.2100000000000000e+00	   1.5668322480344443e-05	   4.0000000000000000e+00	
   3.2200000000000002e+00	   1.5799174124531135e-05	   4.0000000000000000e+00	
   3.2300000000000000e+00	   1.5826774186322723e-05	   4.0000000000000000e+00	
   3.2400000000000002e+00	   1.5753014546371347e-05	   4.0000000000000000e+00	
   3.2500000000000000e+00	   1.5580876922660636e-05	   4.0000000000000000e+00	
   3.2600000000000002e+00	   1.5657940780844370e-05	   4.0000000000000000e+00	
   3.2700000000000000e+00	   1.5639877792628099e-05	   4.0000000000000000e+00	
   3.2800000000000002e+00	   1.5529069391284622e-05	   4.0000000000000000e+00	
   3.2900000000000000e+00	   1.5328838107508957e-05	   4.0000000000000000e+00	
   3.3000000000000003e+00	   1.5043360515054616e-05	   4.0000000000000000e+00	
   3.3100000000000001e+00	   1.4822877707487692e-05	   4.0000000000000000e+00	
   3.3199999999999998e+00	   1.4701483995294140e-05	   4.0000000000000000e+00	
   3.3300000000000001e+00	   1.4498611946578421e-05	   4.0000000000000000e+00	
   3.3399999999999999e+00	   1.4218553374911735e-05	   4.0000000000000000e+00	
   3.3500000000000001e+00	   1.3866244846783005e-05	   4.0000000000000000e+00	
   3.3599999999999999e+00	   1.3447180647219170e-05	   4.0000000000000000e+00	
   3.3700000000000001e+00	   1.3225548662676445e-05	   4.0000000000000000e+00	
   3.3799999999999999e+00	   1.2967095513349847e-05	   4.0000000000000000e+00	
   3.3900000000000001e+00	   1.2643626115416140e-05	   4.0000000000000000e+00	
   3.3999999999999999e+00	   1.2260474665071186e-05	   4.0000000000000000e+00	
   3.4100000000000001e+00	   1.1823355699380755e-05	   4.0000000000000000e+00	
   3.4199999999999999e+00	   1.1422353514367600e-05	   4.0000000000000000e+00	
   3.4300000000000002e+00	   1.1136477914952536e-05	   4.0000000000000000e+00	
   3.4399999999999999e+00	   1.0797380024740733e-05	   4.0000000000000000e+00	
   3.4500000000000002e+00	   1.0410495303148082e-05	   4.0000000000000000e+00	
   3.4600000000000000e+00	   9.9814883844917546e-06	   4.0000000000000000e+00	
   3.4700000000000002e+00	   9.5161802113885585e-06	   4.0000000000000000e+00	
   3.4800000000000000e+00	   9.1774203698768986e-06	   4.0000000000000000e+00	
   3.4900000000000002e+00	   8.8433460232462124e-06	   4.0000000000000000e+00	
   3.5100000000000002e+00	   8.0703122609104838e-06	   4.0000000000000000e+00	
   3.5200000000000000e+00	   7.6421959771533210e-06	   4.0000000000000000e+00	
   3.5300000000000002e+00	   7.2290910442251999e-06	   4.0000000000000000e+00	
   3.5400000000000000e+00	   6.9149330641504747e-06	   4.0000000000000000e+00	
   3.5500000000000003e+00	   6.5740116901302770e-06	   4.0000000000000000e+00	
   3.5600000000000001e+00	   6.2113054792867217e-06	   4.0000000000000000e+00	
   3.5700000000000003e+00	   5.8317367648275109e-06	   4.0000000000000000e+00	
   3.5800000000000001e+00	   5.4401198259501626e-06	   4.0000000000000000e+00	
   3.5899999999999999e+00	   5.1161830316726054e-06	   4.0000000000000000e+00	
   3.6000000000000001e+00	   4.8143847195536438e-06	   4.0000000000000000e+00	
   3.6099999999999999e+00	   4.4991216723300198e-06	   4.0000000000000000e+00	
   3.6200000000000001e+00	   4.1747017711646350e-06	   4.0000000000000000e+00	
   3.6299999999999999e+00	   3.8452604822492020e-06	   4.0000000000000000e+00	
   3.6400000000000001e+00	   1.3445343749474148e-06	   1.0000000000000000e+00	
   3.6499999999999999e+00	   3.2663396614118767e-06	   4.0000000000000000e+00	
   3.6600000000000001e+00	   3.0028568818174506e-06	   4.0000000000000000e+00	
   3.6699999999999999e+00	   2.7365724704075944e-06	   4.0000000000000000e+00	
   3.6800000000000002e+00	   2.4709019228463802e-06	   4.0000000000000000e+00	
   3.6899999999999999e+00	   1.8337455194306074e-06	   2.0000000000000000e+00	
   3.7000000000000002e+00	   5.1895795327716598e-07	   2.0000000000000000e+00	
   3.7100000000000000e+00	   7.5450578163049897e-07	   2.0000000000000000e+00	
   3.7200000000000002e+00	   1.3128105480486596e-06	   3.0000000000000000e+00	
   3.7300000000000000e+00	   9.9342763282272983e-07	   3.0000000000000000e+00	
   3.7400000000000002e+00	   6.9139210401303330e-07	   3.0000000000000000e+00	
   3.7500000000000000e+00	   4.1026374009156541e-07	   3.0000000000000000e+00	
   3.7600000000000002e+00	   1.5651057094778764e-07	   3.0000000000000000e+00	
   3.7700000000000000e+00	   8.2228126085936992e-08	   3.0000000000000000e+00	
   3.7800000000000002e+00	   3.0061033218231614e-07	   3.0000000000000000e+00	
   3.7900000000000000e+00	   3.9152938979825080e-07	   4.0000000000000000e+00	
   3.8000000000000003e+00	   2.6924492746438489e-07	   4.0000000000000000e+00	
   3.8100000000000001e+00	   1.6067512187412092e-07	   4.0000000000000000e+00	
   3.8200000000000003e+00	   6.3932807492506072e-08	   4.0000000000000000e+00	
   3.8300000000000001e+00	   2.3163169826645458e-08	   4.0000000000000000e+00	
   3.8399999999999999e+00	   9.9291001420809266e-08	   4.0000000000000000e+00	
   3.8500000000000001e+00	   1.6390105028740720e-07	   4.0000000000000000e+00	
   3.8599999999999999e+00	   1.8515502153704233e-07	   5.0000000000000000e+00	
   3.8700000000000001e+00	   1.0585356502446075e-07	   5.0000000000000000e+00	
   3.8799999999999999e+00	   3.7542202679929915e-08	   5.0000000000000000e+00	
   3.8900000000000001e+00	   1.9730088007818836e-08	   5.0000000000000000e+00	
   3.8999999999999999e+00	   6.5502586910071159e-08	   5.0000000000000000e+00	
   3.9100000000000001e+00	   9.9840864242750627e-08	   5.0000000000000000e+00	
   3.9199999999999999e+00	   1.2388562553589111e-07	   5.0000000000000000e+00	
   3.9300000000000002e+00	   1.2511507208046169e-07	   6.0000000000000000e+00	
   3.9399999999999999e+00	   2.9343151020100322e-08	   6.0000000000000000e+00	
   3.9500000000000002e+00	   3.7379034978357595e-08	   6.0000000000000000e+00	
   3.9600000000000000e+00	   7.6214664357365791e-08	   6.0000000000000000e+00	
   3.9700000000000002e+00	   8.9296016358986208e-08	   6.0000000000000000e+00	
   3.9800000000000000e+00	   7.8318351137696141e-08	   5.0000000000000000e+00	
   3.9900000000000002e+00	   4.2846567849252892e-08	   5.0000000000000000e+00	
   4.0000000000000000e+00	   2.2204460492503131e-16	   1.0000000000000000e+00	
   4.0099999999999998e+00	   4.4819471245460818e-08	   5.0000000000000000e+00	
   4.0199999999999996e+00	   8.6485930639312869e-08	   5.0000000000000000e+00	
   4.0300000000000002e+00	   1.2522635750578104e-07	   5.0000000000000000e+00	
   4.0400000000000000e+00	   1.6324365215147907e-07	   5.0000000000000000e+00	
   4.0500000000000007e+00	   1.9862167666140351e-07	   5.0000000000000000e+00	
   4.0600000000000005e+00	   2.3098241852537171e-07	   5.0000000000000000e+00	
   4.0700000000000003e+00	   2.6000747843646366e-07	   5.0000000000000000e+00	
   4.0800000000000001e+00	   2.8543787244927898e-07	   5.0000000000000000e+00	
   4.0899999999999999e+00	   3.1164577141140626e-07	   5.0000000000000000e+00	
   4.0999999999999996e+00	   3.3703567892118258e-07	   5.0000000000000000e+00	
   4.1099999999999994e+00	   3.5925002839221065e-07	   5.0000000000000000e+00	
   4.1200000000000001e+00	   3.7808540676032010e-07	   5.0000000000000000e+00	
   4.1299999999999999e+00	   3.9339087121170735e-07	   5.0000000000000000e+00	
   4.1400000000000006e+00	   4.0606507356599764e-07	   5.0000000000000000e+00	
   4.1500000000000004e+00	   4.2337511674261918e-07	   5.0000000000000000e+00	
   4.1600000000000001e+00	   4.3748547629007817e-07	   5.0000000000000000e+00	
   4.1699999999999999e+00	   4.4828808687391586e-07	   5.0000000000000000e+00	
   4.1799999999999997e+00	   4.5572035456409310e-07	   5.0000000000000000e+00	
   4.1899999999999995e+00	   4.5976332940789177e-07	   5.0000000000000000e+00	
   4.2000000000000002e+00	   4.6614494308983012e-07	   5.0000000000000000e+00	
   4.2100000000000000e+00	   4.7391908375438163e-07	   5.0000000000000000e+00	
   4.2200000000000006e+00	   4.7854813978176480e-07	   5.0000000000000000e+00	
   4.2300000000000004e+00	   4.8003982744404539e-07	   5.0000000000000000e+00	
   4.2400000000000002e+00	   4.7843834871663660e-07	   5.0000000000000000e+00	
   4.2500000000000000e+00	   4.7382198808954001e-07	   5.0000000000000000e+00	
   4.2599999999999998e+00	   4.7676240333416331e-07	   5.0000000000000000e+00	
   4.2699999999999996e+00	   4.7679060166672116e-07	   5.0000000000000000e+00	
   4.2799999999999994e+00	   4.7396833702251229e-07	   5.0000000000000000e+00	
   4.2900000000000000e+00	   4.6838709200081041e-07	   5.0000000000000000e+00	
   4.2999999999999998e+00	   4.6016557275763148e-07	   5.0000000000000000e+00	
   4.3100000000000005e+00	   4.5389624014902097e-07	   5.0000000000000000e+00	
   4.3200000000000003e+00	   4.5063063680572668e-07	   5.0000000000000000e+00	
   4.3300000000000001e+00	   4.4483785166526957e-07	   5.0000000000000000e+00	
   4.3399999999999999e+00	   4.3664268400966932e-07	   5.0000000000000000e+00	
   4.3499999999999996e+00	   4.2619088258533111e-07	   5.0000000000000000e+00	
   4.3599999999999994e+00	   4.1364652370035060e-07	   5.0000000000000000e+00	
   4.3700000000000001e+00	   4.0713827687000048e-07	   5.0000000000000000e+00	
   4.3799999999999999e+00	   3.9946402896617883e-07	   5.0000000000000000e+00	
   4.3900000000000006e+00	   3.8975264327056891e-07	   5.0000000000000000e+00	
   4.4000000000000004e+00	   3.7816544873336966e-07	   5.0000000000000000e+00	
   4.4100000000000001e+00	   3.6487657650852157e-07	   5.0000000000000000e+00	
   4.4199999999999999e+00	   3.5266601949857090e-07	   5.0000000000000000e+00	
   4.4299999999999997e+00	   3.4397686743403710e-07	   5.0000000000000000e+00	
   4.4399999999999995e+00	   3.3361254714314725e-07	   5.0000000000000000e+00	
   4.4499999999999993e+00	   3.2174033126608492e-07	   5.0000000000000000e+00	
   4.4600000000000000e+00	   3.0853547605680376e-07	   5.0000000000000000e+00	
   4.4699999999999998e+00	   2.9417891433958232e-07	   5.0000000000000000e+00	
   4.4800000000000004e+00	   2.8370643545549967e-07	   5.0000000000000000e+00	
   4.4900000000000002e+00	   2.7335243668602516e-07	   5.0000000000000000e+00	
   4.5099999999999998e+00	   2.4932969600044430e-07	   5.0000000000000000e+00	
   4.5199999999999996e+00	   2.3600105114596204e-07	   5.0000000000000000e+00	
   4.5299999999999994e+00	   2.2311796410434681e-07	   5.0000000000000000e+00	
   4.5400000000000000e+00	   2.1327079680055760e-07	   5.0000000000000000e+00	
   4.5499999999999998e+00	   2.0258084010293942e-07	   5.0000000000000000e+00	
   4.5600000000000005e+00	   1.9120546213002854e-07	   5.0000000000000000e+00	
   4.5700000000000003e+00	   1.7930064344362506e-07	   5.0000000000000000e+00	
   4.5800000000000001e+00	   1.6701927463280697e-07	   5.0000000000000000e+00	
   4.5899999999999999e+00	   1.5681032361491987e-07	   5.0000000000000000e+00	
   4.5999999999999996e+00	   1.4727303776496115e-07	   5.0000000000000000e+00	
   4.6099999999999994e+00	   1.3731949088935380e-07	   5.0000000000000000e+00	
   4.6200000000000001e+00	   1.2708707486375204e-07	   5.0000000000000000e+00	
   4.6299999999999999e+00	   1.1670785360351488e-07	   5.0000000000000000e+00	
   4.6400000000000006e+00	   1.0656933646657762e-07	   5.0000000000000000e+00	
   4.6500000000000004e+00	   9.8400044556967714e-08	   5.0000000000000000e+00	
   4.6600000000000001e+00	   8.2022045821972256e-08	   2.0000000000000000e+00	
   4.6699999999999999e+00	   8.1616429836728344e-08	   5.0000000000000000e+00	
   4.6799999999999997e+00	   7.3227914842988184e-08	   5.0000000000000000e+00	
   4.6899999999999995e+00	   6.4979534641906866e-08	   5.0000000000000000e+00	
   4.6999999999999993e+00	   5.6572038831248506e-08	   3.0000000000000000e+00	
   4.7100000000000000e+00	   1.2989832987031491e-08	   3.0000000000000000e+00	
   4.7199999999999998e+00	   2.8524170581079034e-08	   3.0000000000000000e+00	
   4.7300000000000004e+00	   3.3067829807720273e-08	   4.0000000000000000e+00	
   4.7400000000000002e+00	   2.2101937391383331e-08	   4.0000000000000000e+00	
   4.7500000000000000e+00	   1.1925986420635581e-08	   4.0000000000000000e+00	
   4.7599999999999998e+00	   2.7079372078020469e-09	   4.0000000000000000e+00	
   4.7699999999999996e+00	   5.9015405895479489e-09	   4.0000000000000000e+00	
   4.7799999999999994e+00	   1.1890999074282149e-08	   5.0000000000000000e+00	
   4.7900000000000000e+00	   7.7583044433282566e-09	   5.0000000000000000e+00	
   4.7999999999999998e+00	   4.0037813064941474e-09	   5.0000000000000000e+00	
   4.8100000000000005e+00	   6.6832117617821041e-10	   5.0000000000000000e+00	
   4.8200000000000003e+00	   2.3164419271637371e-09	   5.0000000000000000e+00	
   4.8300000000000001e+00	   4.9593087414478987e-09	   5.0000000000000000e+00	
   4.8399999999999999e+00	   4.2812713374473788e-09	   6.0000000000000000e+00	
   4.8499999999999996e+00	   2.0093136043897175e-09	   6.0000000000000000e+00	
   4.8599999999999994e+00	   6.2091443098211130e-11	   6.0000000000000000e+00	
   4.8700000000000001e+00	   1.5840775358100245e-09	   6.0000000000000000e+00	
   4.8799999999999999e+00	   2.9579518834310647e-09	   6.0000000000000000e+00	
   4.8900000000000006e+00	   3.7488625537207554e-09	   7.0000000000000000e+00	
   4.9000000000000004e+00	   1.4517738122776791e-09	   7.0000000000000000e+00	
   4.9100000000000001e+00	   3.8056158224719638e-10	   7.0000000000000000e+00	
   4.9199999999999999e+00	   1.7692902698485113e-09	   7.0000000000000000e+00	
   4.9299999999999997e+00	   2.7742221853088722e-09	   7.0000000000000000e+00	
   4.9399999999999995e+00	   3.3899318907515408e-09	   7.0000000000000000e+00	
   4.9499999999999993e+00	   1.3763108430708826e-09	   8.0000000000000000e+00	
   4.9600000000000000e+00	   1.4447099072611991e-09	   8.0000000000000000e+00	
   4.9699999999999998e+00	   2.8487492365059097e-09	   8.0000000000000000e+00	
   4.9800000000000004e+00	   2.3151287553702105e-09	   7.0000000000000000e+00	
   4.9900000000000002e+00	   1.2981609120998883e-09	   7.0000000000000000e+00	
   5.0000000000000000e+00	   2.2204460492503131e-16	   1.0000000000000000e+00	
   5.0099999999999998e+00	   1.3813756805092225e-09	   7.0000000000000000e+00	
   5.0199999999999996e+00	   2.6602802183361973e-09	   7.0000000000000000e+00	
   5.0299999999999994e+00	   3.8442993233189782e-09	   7.0000000000000000e+00	
   5.0400000000000000e+00	   5.0014956620714202e-09	   7.0000000000000000e+00	
   5.0499999999999998e+00	   6.0734470785916983e-09	   7.0000000000000000e+00	
   5.0600000000000005e+00	   7.0491326109589636e-09	   7.0000000000000000e+00	
   5.0700000000000003e+00	   7.9194324431597352e-09	   7.0000000000000000e+00	
   5.0800000000000001e+00	   8.6771039242705683e-09	   7.0000000000000000e+00	
   5.0899999999999999e+00	   9.4554726270956735e-09	   7.0000000000000000e+00	
   5.0999999999999996e+00	   1.0206120171218913e-08	   7.0000000000000000e+00	
   5.1099999999999994e+00	   1.0857973631317464e-08	   7.0000000000000000e+00	
   5.1200000000000001e+00	   1.1405482114312804e-08	   7.0000000000000000e+00	
   5.1299999999999999e+00	   1.1844716318876181e-08	   7.0000000000000000e+00	
   5.1400000000000006e+00	   1.2203317467651686e-08	   7.0000000000000000e+00	
   5.1500000000000004e+00	   1.2699747475863887e-08	   7.0000000000000000e+00	
   5.1600000000000001e+00	   1.3098658158128273e-08	   7.0000000000000000e+00	
   5.1699999999999999e+00	   1.3397386977587189e-08	   7.0000000000000000e+00	
   5.1799999999999997e+00	   1.3594643410996810e-08	   7.0000000000000000e+00	
   5.1899999999999995e+00	   1.3690439004676591e-08	   7.0000000000000000e+00	
   5.1999999999999993e+00	   1.3855598224310484e-08	   7.0000000000000000e+00	
   5.2100000000000000e+00	   1.4061702247047947e-08	   7.0000000000000000e+00	
   5.2199999999999998e+00	   1.4174161400148932e-08	   7.0000000000000000e+00	
   5.2300000000000004e+00	   1.4193721309396778e-08	   7.0000000000000000e+00	
   5.2400000000000002e+00	   1.4122189639920180e-08	   7.0000000000000000e+00	
   5.2500000000000000e+00	   1.3962358158536858e-08	   7.0000000000000000e+00	
   5.2599999999999998e+00	   1.4025689276664366e-08	   7.0000000000000000e+00	
   5.2699999999999996e+00	   1.4003623149960731e-08	   7.0000000000000000e+00	
   5.2799999999999994e+00	   1.3898414641388968e-08	   7.0000000000000000e+00	
   5.2900000000000000e+00	   1.3713160607053965e-08	   7.0000000000000000e+00	
   5.2999999999999998e+00	   1.3451722846724579e-08	   7.0000000000000000e+00	
   5.3100000000000005e+00	   1.3248506514074165e-08	   7.0000000000000000e+00	
   5.3200000000000003e+00	   1.3133911291873801e-08	   7.0000000000000000e+00	
   5.3300000000000001e+00	   1.2946600902452587e-08	   7.0000000000000000e+00	
   5.3399999999999999e+00	   1.2690529960224239e-08	   7.0000000000000000e+00	
   5.3499999999999996e+00	   1.2370221957880290e-08	   7.0000000000000000e+00	
   5.3599999999999994e+00	   1.1990690218510736e-08	   7.0000000000000000e+00	
   5.3700000000000001e+00	   1.1787494091919370e-08	   7.0000000000000000e+00	
   5.3799999999999999e+00	   1.1551728684722207e-08	   7.0000000000000000e+00	
   5.3900000000000006e+00	   1.1258358023624737e-08	   7.0000000000000000e+00	
   5.4000000000000004e+00	   1.0912230674620105e-08	   7.0000000000000000e+00	
   5.4100000000000001e+00	   1.0518520277003063e-08	   7.0000000000000000e+00	
   5.4199999999999999e+00	   1.0157410468281114e-08	   7.0000000000000000e+00	
   5.4299999999999997e+00	   9.8991037589257758e-09	   7.0000000000000000e+00	
   5.4399999999999995e+00	   9.5939147737311714e-09	   7.0000000000000000e+00	
   5.4499999999999993e+00	   9.2467418166819471e-09	   7.0000000000000000e+00	
   5.4600000000000000e+00	   8.8626728178553549e-09	   7.0000000000000000e+00	
   5.4699999999999998e+00	   8.4469200523074051e-09	   7.0000000000000000e+00	
   5.4800000000000004e+00	   8.1440165722312940e-09	   7.0000000000000000e+00	
   5.4900000000000002e+00	   7.8457709218326954e-09	   7.0000000000000000e+00	
   5.5099999999999998e+00	   7.1577899163344227e-09	   7.0000000000000000e+00	
   5.5199999999999996e+00	   6.7776935175345443e-09	   7.0000000000000000e+00	
   5.5299999999999994e+00	   6.4114209497034835e-09	   7.0000000000000000e+00	
   5.5400000000000000e+00	   6.1334000100998765e-09	   7.0000000000000000e+00	
   5.5499999999999998e+00	   5.8321374396541614e-09	   7.0000000000000000e+00	
   5.5600000000000005e+00	   5.5120239483841260e-09	   7.0000000000000000e+00	
   5.5700000000000003e+00	   5.1773874076843640e-09	   7.0000000000000000e+00	
   5.5800000000000001e+00	   4.8324448886916116e-09	   7.0000000000000000e+00	
   5.5899999999999999e+00	   4.5479935373293756e-09	   7.0000000000000000e+00	
   5.5999999999999996e+00	   4.2836112434940787e-09	   7.0000000000000000e+00	
   5.6099999999999994e+00	   4.0076062468585860e-09	   7.0000000000000000e+00	
   5.6200000000000001e+00	   3.7237268823986369e-09	   7.0000000000000000e+00	
   5.6299999999999999e+00	   3.4355589484391658e-09	   7.0000000000000000e+00	
   5.6400000000000006e+00	   3.1542517486826682e-09	   7.0000000000000000e+00	
   5.6500000000000004e+00	   2.9311062466064186e-09	   7.0000000000000000e+00	
   5.6600000000000001e+00	   2.7023432380701706e-09	   7.0000000000000000e+00	
   5.6699999999999999e+00	   2.4710906654235032e-09	   7.0000000000000000e+00	
   5.6799999999999997e+00	   2.2402784072284021e-09	   7.0000000000000000e+00	
   5.6899999999999995e+00	   2.0126145194865330e-09	   7.0000000000000000e+00	
   5.6999999999999993e+00	   1.8109913568764568e-09	   6.0000000000000000e+00	
   5.7100000000000000e+00	   1.3588825620303169e-09	   4.0000000000000000e+00	
   5.7199999999999998e+00	   1.2310974462081958e-10	   4.0000000000000000e+00	
   5.7300000000000004e+00	   1.1357577101023253e-09	   5.0000000000000000e+00	
   5.7400000000000002e+00	   7.3487571583541467e-10	   5.0000000000000000e+00	
   5.7500000000000000e+00	   3.6363112521087260e-10	   5.0000000000000000e+00	
   5.7599999999999998e+00	   2.6540103448269292e-11	   5.0000000000000000e+00	
   5.7699999999999996e+00	   2.8751512282099156e-10	   5.0000000000000000e+00	
   5.7799999999999994e+00	   2.8137336904876520e-10	   6.0000000000000000e+00	
   5.7900000000000000e+00	   1.4510925794297691e-10	   6.0000000000000000e+00	
   5.7999999999999998e+00	   2.2259305509919614e-11	   6.0000000000000000e+00	
   5.8100000000000005e+00	   8.6903817475558753e-11	   6.0000000000000000e+00	
   5.8200000000000003e+00	   1.5889201065988345e-10	   7.0000000000000000e+00	
   5.8300000000000001e+00	   8.3030471387246507e-11	   7.0000000000000000e+00	
   5.8399999999999999e+00	   1.5726753233025192e-11	   7.0000000000000000e+00	
   5.8499999999999996e+00	   4.2417847012643506e-11	   7.0000000000000000e+00	
   5.8599999999999994e+00	   9.1023855119942709e-11	   7.0000000000000000e+00	
   5.8700000000000001e+00	   6.9061201202202938e-11	   8.0000000000000000e+00	
   5.8799999999999999e+00	   1.3206102877916237e-11	   8.0000000000000000e+00	
   5.8900000000000006e+00	   3.3231639662290036e-11	   8.0000000000000000e+00	
   5.9000000000000004e+00	   7.0023986609157873e-11	   8.0000000000000000e+00	
   5.9100000000000001e+00	   9.7168273427428176e-11	   8.0000000000000000e+00	
   5.9199999999999999e+00	   1.1573297875600019e-10	   8.0000000000000000e+00	
   5.9299999999999997e+00	   1.2729151066537270e-10	   8.0000000000000000e+00	
   5.9399999999999995e+00	   1.3047563029999765e-10	   8.0000000000000000e+00	
   5.9500000000000002e+00	   1.2553913464330435e-10	   8.0000000000000000e+00	
   5.9600000000000000e+00	   1.1292322632527885e-10	   8.0000000000000000e+00	
   5.9699999999999998e+00	   9.3237750853347734e-11	   8.0000000000000000e+00	
   5.9800000000000004e+00	   6.8411498688192296e-11	   8.0000000000000000e+00	
   5.9900000000000002e+00	   3.7273295561135456e-11	   8.0000000000000000e+00	
   6.0000000000000000e+00	   2.2204460492503131e-16	   1.0000000000000000e+00	
   6.0099999999999998e+00	   3.8833825044548576e-11	   8.0000000000000000e+00	
   6.0199999999999996e+00	   7.4896533419632760e-11	   8.0000000000000000e+00	
   6.0300000000000002e+00	   1.0838807629198755e-10	   8.0000000000000000e+00	
   6.0400000000000000e+00	   1.4121792624166574e-10	   8.0000000000000000e+00	
   6.0499999999999998e+00	   1.7172929744901921e-10	   8.0000000000000000e+00	
   6.0600000000000005e+00	   1.9959722763474019e-10	   8.0000000000000000e+00	
   6.0700000000000003e+00	   2.2455093340312260e-10	   8.0000000000000000e+00	
   6.0800000000000001e+00	   2.4637170081831528e-10	   8.0000000000000000e+00	
   6.0899999999999999e+00	   2.6883584247627823e-10	   8.0000000000000000e+00	
   6.0999999999999996e+00	   2.9056557160345164e-10	   8.0000000000000000e+00	
   6.1099999999999994e+00	   3.0953017926549364e-10	   8.0000000000000000e+00	
   6.1200000000000001e+00	   3.2556035645114889e-10	   8.0000000000000000e+00	
   6.1299999999999999e+00	   3.3853098102554213e-10	   8.0000000000000000e+00	
   6.1399999999999997e+00	   3.4921998626202821e-10	   8.0000000000000000e+00	
   6.1500000000000004e+00	   3.6387759472233938e-10	   8.0000000000000000e+00	
   6.1600000000000001e+00	   3.7576597389232802e-10	   8.0000000000000000e+00	
   6.1699999999999999e+00	   3.8479819330916598e-10	   8.0000000000000000e+00	
   6.1799999999999997e+00	   3.9092551418207222e-10	   8.0000000000000000e+00	
   6.1899999999999995e+00	   3.9413761143691772e-10	   8.0000000000000000e+00	
   6.2000000000000002e+00	   3.9934811013608851e-10	   8.0000000000000000e+00	
   6.2100000000000000e+00	   4.0574266169102202e-10	   8.0000000000000000e+00	
   6.2199999999999998e+00	   4.0943715085006716e-10	   8.0000000000000000e+00	
   6.2300000000000004e+00	   4.1044367904419232e-10	   8.0000000000000000e+00	
   6.2400000000000002e+00	   4.0880565599366037e-10	   8.0000000000000000e+00	
   6.2500000000000000e+00	   4.0459591232888670e-10	   8.0000000000000000e+00	
   6.2599999999999998e+00	   4.0684078328467876e-10	   8.0000000000000000e+00	
   6.2699999999999996e+00	   4.0659997591063757e-10	   8.0000000000000000e+00	
   6.2800000000000002e+00	   4.0393199896016085e-10	   8.0000000000000000e+00	
   6.2900000000000000e+00	   3.9891956404858320e-10	   8.0000000000000000e+00	
   6.2999999999999998e+00	   3.9166891951936122e-10	   8.0000000000000000e+00	
   6.3100000000000005e+00	   3.8609115904364444e-10	   8.0000000000000000e+00	
   6.3200000000000003e+00	   3.8307690353178714e-10	   8.0000000000000000e+00	
   6.3300000000000001e+00	   3.7792347029608209e-10	   8.0000000000000000e+00	
   6.3399999999999999e+00	   3.7074199266129426e-10	   8.0000000000000000e+00	
   6.3499999999999996e+00	   3.6165892502992847e-10	   8.0000000000000000e+00	
   6.3599999999999994e+00	   3.5081693106064904e-10	   8.0000000000000000e+00	
   6.3700000000000001e+00	   3.4511127289249544e-10	   8.0000000000000000e+00	
   6.3799999999999999e+00	   3.3843028379720863e-10	   8.0000000000000000e+00	
   6.3899999999999997e+00	   3.3003955124399909e-10	   8.0000000000000000e+00	
   6.4000000000000004e+00	   3.2007840822245726e-10	   8.0000000000000000e+00	
   6.4100000000000001e+00	   3.0869617972939523e-10	   8.0000000000000000e+00	
   6.4199999999999999e+00	   2.9824620551011094e-10	   8.0000000000000000e+00	
   6.4299999999999997e+00	   2.9079227914508010e-10	   8.0000000000000000e+00	
   6.4399999999999995e+00	   2.8193947176902157e-10	   8.0000000000000000e+00	
   6.4500000000000002e+00	   2.7183233441974153e-10	   8.0000000000000000e+00	
   6.4600000000000000e+00	   2.6061808267030528e-10	   8.0000000000000000e+00	
   6.4699999999999998e+00	   2.4845159263264804e-10	   8.0000000000000000e+00	
   6.4800000000000004e+00	   2.3958302008963983e-10	   8.0000000000000000e+00	
   6.4900000000000002e+00	   2.3083424061098867e-10	   8.0000000000000000e+00	
   6.5099999999999998e+00	   2.1059121113609081e-10	   8.0000000000000000e+00	
   6.5199999999999996e+00	   1.9938228845717276e-10	   8.0000000000000000e+00	
   6.5300000000000002e+00	   1.8856627370666956e-10	   8.0000000000000000e+00	
   6.5400000000000000e+00	   1.8033219362223463e-10	   8.0000000000000000e+00	
   6.5499999999999998e+00	   1.7140078245603263e-10	   8.0000000000000000e+00	
   6.5600000000000005e+00	   1.6190448981490135e-10	   8.0000000000000000e+00	
   6.5700000000000003e+00	   1.5197154645818500e-10	   8.0000000000000000e+00	
   6.5800000000000001e+00	   1.4172918394450562e-10	   8.0000000000000000e+00	
   6.5899999999999999e+00	   1.3325462955293688e-10	   8.0000000000000000e+00	
   6.5999999999999996e+00	   1.2536138793706186e-10	   8.0000000000000000e+00	
   6.6099999999999994e+00	   1.1712175673750380e-10	   8.0000000000000000e+00	
   6.6200000000000001e+00	   1.0864997790349662e-10	   8.0000000000000000e+00	
   6.6299999999999999e+00	   1.0005396511303388e-10	   8.0000000000000000e+00	
   6.6399999999999997e+00	   9.1661123136077549e-11	   8.0000000000000000e+00	
   6.6500000000000004e+00	   8.4960705137859804e-11	   8.0000000000000000e+00	
   6.6600000000000001e+00	   7.8098638667256637e-11	   8.0000000000000000e+00	
   6.6699999999999999e+00	   7.1170846993595660e-11	   8.0000000000000000e+00	
   6.6799999999999997e+00	   6.4265037735822261e-11	   8.0000000000000000e+00	
   6.6899999999999995e+00	   5.7463145353153777e-11	   8.0000000000000000e+00	
   6.7000000000000002e+00	   5.1470383510832107e-11	   8.0000000000000000e+00	
   6.7100000000000000e+00	   4.6028514333329440e-11	   8.0000000000000000e+00	
   6.7199999999999998e+00	   1.8052670469614895e-11	   5.0000000000000000e+00	
   6.7300000000000004e+00	   3.2241764813534246e-11	   5.0000000000000000e+00	
   6.7400000000000002e+00	   2.5046409390938607e-11	   6.0000000000000000e+00	
   6.7500000000000000e+00	   1.1443290759416413e-11	   6.0000000000000000e+00	
   6.7599999999999998e+00	   9.2925667161125602e-13	   6.0000000000000000e+00	
   6.7699999999999996e+00	   1.1708634062301826e-11	   7.0000000000000000e+00	
   6.7800000000000002e+00	   6.6269212339875594e-12	   7.0000000000000000e+00	
   6.7900000000000000e+00	   1.9786394744869540e-12	   7.0000000000000000e+00	
   6.7999999999999998e+00	   2.1864732246967833e-12	   7.0000000000000000e+00	
   6.8100000000000005e+00	   4.6133097342249130e-12	   8.0000000000000000e+00	
   6.8200000000000003e+00	   2.1431745267364022e-12	   8.0000000000000000e+00	
   6.8300000000000001e+00	   7.6161299489285739e-14	   8.0000000000000000e+00	
   6.8399999999999999e+00	   2.0192736371882347e-12	   8.0000000000000000e+00	
   6.8499999999999996e+00	   3.6692870963861424e-12	   8.0000000000000000e+00	
   6.8599999999999994e+00	   5.0167647813736949e-12	   8.0000000000000000e+00	
   6.8700000000000001e+00	   6.1761706859897458e-12	   8.0000000000000000e+00	
   6.8799999999999999e+00	   7.0824457409912611e-12	   8.0000000000000000e+00	
   6.8899999999999997e+00	   7.7142736643054377e-12	   8.0000000000000000e+00	
   6.9000000000000004e+00	   8.0699891213953379e-12	   8.0000000000000000e+00	
   6.9100000000000001e+00	   8.1543660712668498e-12	   8.0000000000000000e+00	
   6.9199999999999999e+00	   8.0361273191442706e-12	   8.0000000000000000e+00	
   6.9299999999999997e+00	   7.7813311349927972e-12	   8.0000000000000000e+00	
   6.9399999999999995e+00	   7.2766237479982010e-12	   8.0000000000000000e+00	
   6.9500000000000002e+00	   6.5332184107091962e-12	   8.0000000000000000e+00	
   6.9600000000000000e+00	   5.5682125577050101e-12	   8.0000000000000000e+00	
   6.9699999999999998e+00	   4.4046988278978461e-12	   8.0000000000000000e+00	
   6.9800000000000004e+00	   3.1215030560360901e-12	   8.0000000000000000e+00	
   6.9900000000000002e+00	   1.6531220836668581e-12	   8.0000000000000000e+00	
   7.0000000000000000e+00	   2.2204460492503131e-16	   1.0000000000000000e+00	
   7.0099999999999998e+00	   1.6862067298006878e-12	   8.0000000000000000e+00	
   7.0199999999999996e+00	   3.2602809341142347e-12	   8.0000000000000000e+00	
   7.0300000000000002e+00	   4.7311043971376421e-12	   8.0000000000000000e+00	
   7.0400000000000000e+00	   6.1803895334833214e-12	   8.0000000000000000e+00	
   7.0499999999999998e+00	   7.5359718465506376e-12	   8.0000000000000000e+00	
   7.0599999999999996e+00	   8.7823082139948383e-12	   8.0000000000000000e+00	
   7.0700000000000003e+00	   9.9054098257056467e-12	   8.0000000000000000e+00	
   7.0800000000000001e+00	   1.0896616942090986e-11	   8.0000000000000000e+00	
   7.0899999999999999e+00	   1.1920353593097843e-11	   8.0000000000000000e+00	
   7.0999999999999996e+00	   1.2916334668489071e-11	   8.0000000000000000e+00	
   7.1100000000000003e+00	   1.3793188813338020e-11	   8.0000000000000000e+00	
   7.1200000000000001e+00	   1.4543477533379701e-11	   8.0000000000000000e+00	
   7.1299999999999999e+00	   1.5159540289744200e-11	   8.0000000000000000e+00	
   7.1399999999999997e+00	   1.5675682973892435e-11	   8.0000000000000000e+00	
   7.1500000000000004e+00	   1.6371792810332408e-11	   8.0000000000000000e+00	
   7.1600000000000001e+00	   1.6946111180971002e-11	   8.0000000000000000e+00	
   7.1699999999999999e+00	   1.7393197992987552e-11	   8.0000000000000000e+00	
   7.1799999999999997e+00	   1.7709389510400797e-11	   8.0000000000000000e+00	
   7.1899999999999995e+00	   1.7894130621698423e-11	   8.0000000000000000e+00	
   7.2000000000000002e+00	   1.8169910021015312e-11	   8.0000000000000000e+00	
   7.2100000000000000e+00	   1.8499979326236371e-11	   8.0000000000000000e+00	
   7.2199999999999998e+00	   1.8706924898026500e-11	   8.0000000000000000e+00	
   7.2300000000000004e+00	   1.8790635714083237e-11	   8.0000000000000000e+00	
   7.2400000000000002e+00	   1.8752333019733669e-11	   8.0000000000000000e+00	
   7.2500000000000000e+00	   1.8594903394841822e-11	   8.0000000000000000e+00	
   7.2599999999999998e+00	   1.8732571049895341e-11	   8.0000000000000000e+00	
   7.2699999999999996e+00	   1.8755663688807545e-11	   8.0000000000000000e+00	
   7.2800000000000002e+00	   1.8664403356183357e-11	   8.0000000000000000e+00	
   7.2900000000000000e+00	   1.8463564011028666e-11	   8.0000000000000000e+00	
   7.2999999999999998e+00	   1.8157475523139510e-11	   8.0000000000000000e+00	
   7.3099999999999996e+00	   1.7926549134017478e-11	   8.0000000000000000e+00	
   7.3200000000000003e+00	   1.7812862296295862e-11	   8.0000000000000000e+00	
   7.3300000000000001e+00	   1.7597812096425969e-11	   8.0000000000000000e+00	
   7.3399999999999999e+00	   1.7285284314993987e-11	   8.0000000000000000e+00	
   7.3499999999999996e+00	   1.6882939490869830e-11	   8.0000000000000000e+00	
   7.3600000000000003e+00	   1.6395107493849537e-11	   8.0000000000000000e+00	
   7.3700000000000001e+00	   1.6145085268703951e-11	   8.0000000000000000e+00	
   7.3799999999999999e+00	   1.5847434475801947e-11	   8.0000000000000000e+00	
   7.3899999999999997e+00	   1.5467405134472756e-11	   8.0000000000000000e+00	
   7.4000000000000004e+00	   1.5010659382141966e-11	   8.0000000000000000e+00	
   7.4100000000000001e+00	   1.4485301846889342e-11	   8.0000000000000000e+00	
   7.4199999999999999e+00	   1.4001244608152774e-11	   8.0000000000000000e+00	
   7.4299999999999997e+00	   1.3655410135982038e-11	   8.0000000000000000e+00	
   7.4399999999999995e+00	   1.3240963880889467e-11	   8.0000000000000000e+00	
   7.4500000000000002e+00	   1.2765788426349900e-11	   8.0000000000000000e+00	
   7.4600000000000000e+00	   1.2236434088208625e-11	   8.0000000000000000e+00	
   7.4699999999999998e+00	   1.1660450383033094e-11	   8.0000000000000000e+00	
   7.4800000000000004e+00	   1.1237011321441059e-11	   8.0000000000000000e+00	
   7.4900000000000002e+00	   1.0817347018132750e-11	   8.0000000000000000e+00	
   7.5099999999999998e+00	   9.8439034701414130e-12	   8.0000000000000000e+00	
   7.5199999999999996e+00	   9.3034469017538868e-12	   8.0000000000000000e+00	
   7.5300000000000002e+00	   8.7807539017603631e-12	   8.0000000000000000e+00	
   7.5400000000000000e+00	   8.3765216984943436e-12	   8.0000000000000000e+00	
   7.5499999999999998e+00	   7.9386497375821818e-12	   8.0000000000000000e+00	
   7.5599999999999996e+00	   7.4735773125667038e-12	   8.0000000000000000e+00	
   7.5700000000000003e+00	   6.9877437169907353e-12	   8.0000000000000000e+00	
   7.5800000000000001e+00	   6.4874772220946397e-12	   8.0000000000000000e+00	
   7.5899999999999999e+00	   6.0682570079961806e-12	   8.0000000000000000e+00	
   7.5999999999999996e+00	   5.6745719234641001e-12	   8.0000000000000000e+00	
   7.6100000000000003e+00	   5.2653437165872674e-12	   8.0000000000000000e+00	
   7.6200000000000001e+00	   4.8454573686740332e-12	   8.0000000000000000e+00	
   7.6299999999999999e+00	   4.4217962624770735e-12	   8.0000000000000000e+00	
   7.6399999999999997e+00	   4.0072389850820400e-12	   8.0000000000000000e+00	
   7.6500000000000004e+00	   3.6688430071762923e-12	   8.0000000000000000e+00	
   7.6600000000000001e+00	   3.3240077357277187e-12	   8.0000000000000000e+00	
   7.6699999999999999e+00	   2.9782842858594449e-12	   8.0000000000000000e+00	
   7.6799999999999997e+00	   2.6355584381576591e-12	   8.0000000000000000e+00	
   7.6900000000000004e+00	   2.3004931293257869e-12	   8.0000000000000000e+00	
   7.7000000000000002e+00	   2.0010659795843821e-12	   8.0000000000000000e+00	
   7.7100000000000000e+00	   1.7259527140822684e-12	   8.0000000000000000e+00	
   7.7199999999999998e+00	   1.2587708653200025e-12	   6.0000000000000000e+00	
   7.7300000000000004e+00	   5.7420734833613096e-13	   6.0000000000000000e+00	
   7.7400000000000002e+00	   8.6819440525687241e-13	   7.0000000000000000e+00	
   7.7500000000000000e+00	   3.6848302187308946e-13	   7.0000000000000000e+00	
   7.7599999999999998e+00	   8.6708418223224726e-14	   7.0000000000000000e+00	
   7.7699999999999996e+00	   3.2529534621517087e-13	   8.0000000000000000e+00	
   7.7800000000000002e+00	   1.4743761767022079e-13	   8.0000000000000000e+00	
   7.7900000000000000e+00	   1.4765966227514582e-14	   8.0000000000000000e+00	
   7.7999999999999998e+00	   1.5876189252139739e-13	   8.0000000000000000e+00	
   7.8099999999999996e+00	   2.8699265186560297e-13	   8.0000000000000000e+00	
   7.8200000000000003e+00	   4.0278891333400679e-13	   8.0000000000000000e+00	
   7.8300000000000001e+00	   5.0215387403795830e-13	   8.0000000000000000e+00	
   7.8399999999999999e+00	   5.8419935555775737e-13	   8.0000000000000000e+00	
   7.8499999999999996e+00	   6.4792615717124136e-13	   8.0000000000000000e+00	
   7.8600000000000003e+00	   6.9366734578579781e-13	   8.0000000000000000e+00	
   7.8700000000000001e+00	   7.3530070920924118e-13	   8.0000000000000000e+00	
   7.8799999999999999e+00	   7.6094686107808229e-13	   8.0000000000000000e+00	
   7.8899999999999997e+00	   7.6982864527508355e-13	   8.0000000000000000e+00	
   7.9000000000000004e+00	   7.6161299489285739e-13	   8.0000000000000000e+00	
   7.9100000000000001e+00	   7.3629990993140382e-13	   8.0000000000000000e+00	
   7.9199999999999999e+00	   7.0066175084093629e-13	   8.0000000000000000e+00	
   7.9299999999999997e+00	   6.5925043202241795e-13	   8.0000000000000000e+00	
   7.9400000000000004e+00	   6.0240701316160994e-13	   8.0000000000000000e+00	
   7.9500000000000002e+00	   5.2957638274619967e-13	   8.0000000000000000e+00	
   7.9600000000000000e+00	   4.4375614294267507e-13	   8.0000000000000000e+00	
   7.9699999999999998e+00	   3.4638958368304884e-13	   8.0000000000000000e+00	
   7.9800000000000004e+00	   2.4269475318305922e-13	   8.0000000000000000e+00	
   7.9900000000000002e+00	   1.2700951401711791e-13	   8.0000000000000000e+00	
   8.0000000000000000e+00	   1.1102230246251565e-16	   1.0000000000000000e+00	
