   2.5100000000000002e+00	   1.3447169263569592e-04	   1.0000000000000000e+00	
   2.5200000000000000e+00	   1.3143930752268496e-04	   1.0000000000000000e+00	
   2.5300000000000002e+00	   1.2844283858348682e-04	   1.0000000000000000e+00	
   2.5400000000000000e+00	   1.2641674257540814e-04	   1.0000000000000000e+00	
   2.5499999999999998e+00	   1.2399811095065161e-04	   1.0000000000000000e+00	
   2.5600000000000001e+00	   1.2122362070376980e-04	   1.0000000000000000e+00	
   2.5699999999999998e+00	   1.1812873087935216e-04	   1.0000000000000000e+00	
   2.5800000000000001e+00	   1.1474737904304533e-04	   1.0000000000000000e+00	
   2.5899999999999999e+00	   1.1204983725177087e-04	   1.0000000000000000e+00	
   2.6000000000000001e+00	   1.0950979551105355e-04	   1.0000000000000000e+00	
   2.6099999999999999e+00	   1.0667597660374284e-04	   1.0000000000000000e+00	
   2.6200000000000001e+00	   1.0358276292898871e-04	   1.0000000000000000e+00	
   2.6299999999999999e+00	   1.0026258974105140e-04	   1.0000000000000000e+00	
   2.6400000000000001e+00	   9.6635005921275052e-05	   2.0000000000000000e+00	
   2.6499999999999999e+00	   9.3769388109121721e-05	   2.0000000000000000e+00	
   2.6600000000000001e+00	   9.0533080600474491e-05	   2.0000000000000000e+00	
   2.6699999999999999e+00	   8.6969846705420295e-05	   2.0000000000000000e+00	
   2.6800000000000002e+00	   8.3123760189929286e-05	   2.0000000000000000e+00	
   2.6899999999999999e+00	   7.9038868826097897e-05	   2.0000000000000000e+00	
   2.7000000000000002e+00	   7.5664376628648000e-05	   2.0000000000000000e+00	
   2.7100000000000000e+00	   7.2746100446163808e-05	   2.0000000000000000e+00	
   2.7200000000000002e+00	   6.9567145292159793e-05	   2.0000000000000000e+00	
   2.7300000000000000e+00	   6.6167778703940527e-05	   2.0000000000000000e+00	
   2.7400000000000002e+00	   6.2587934831714875e-05	   2.0000000000000000e+00	
   2.7500000000000000e+00	   5.8866936485602039e-05	   2.0000000000000000e+00	
   2.7600000000000002e+00	   5.6253775768455583e-05	   2.0000000000000000e+00	
   2.7700000000000000e+00	   5.3439753746609142e-05	   2.0000000000000000e+00	
   2.7800000000000002e+00	   5.0461302877780057e-05	   2.0000000000000000e+00	
   2.7900000000000000e+00	   4.7354284433032134e-05	   2.0000000000000000e+00	
   2.8000000000000003e+00	   4.4153748143926919e-05	   2.0000000000000000e+00	
   2.8100000000000001e+00	   4.1291782689745204e-05	   2.0000000000000000e+00	
   2.8199999999999998e+00	   3.8813741166654481e-05	   2.0000000000000000e+00	
   2.8300000000000001e+00	   3.6221109218637082e-05	   2.0000000000000000e+00	
   2.8399999999999999e+00	   3.3545795938838552e-05	   2.0000000000000000e+00	
   2.8500000000000001e+00	   3.0818750953898189e-05	   2.0000000000000000e+00	
   2.8599999999999999e+00	   2.8069771847993863e-05	   2.0000000000000000e+00	
   2.8700000000000001e+00	   2.5825423705327921e-05	   2.0000000000000000e+00	
   2.8799999999999999e+00	   2.3578597022622105e-05	   2.0000000000000000e+00	
   2.8900000000000001e+00	   2.1289302555960177e-05	   2.0000000000000000e+00	
   2.8999999999999999e+00	   1.8984611254824202e-05	   2.0000000000000000e+00	
   2.9100000000000001e+00	   1.6690364839089256e-05	   2.0000000000000000e+00	
   2.9199999999999999e+00	   1.4537163663730368e-05	   2.0000000000000000e+00	
   2.9300000000000002e+00	   1.2594495686801821e-05	   2.0000000000000000e+00	
   2.9399999999999999e+00	   1.0644225412637098e-05	   2.0000000000000000e+00	
   2.9500000000000002e+00	   8.7097993228812953e-06	   2.0000000000000000e+00	
   2.9600000000000000e+00	   6.8133880595233620e-06	   2.0000000000000000e+00	
   2.9700000000000002e+00	   4.9757608406864051e-06	   2.0000000000000000e+00	
   2.9800000000000000e+00	   3.2720064213620503e-06	   2.0000000000000000e+00	
   2.9900000000000002e+00	   1.6148422117279182e-06	   2.0000000000000000e+00	
   3.0000000000000000e+00	                      NaN	   1.0000000000000000e+00	
   3.0100000000000002e+00	   1.5537289241862595e-06	   2.0000000000000000e+00	
   3.0200000000000000e+00	   3.0290357395656997e-06	   2.0000000000000000e+00	
   3.0300000000000002e+00	   4.4319485412724902e-06	   2.0000000000000000e+00	
   3.0400000000000000e+00	   5.8390341060032824e-06	   2.0000000000000000e+00	
   3.0500000000000003e+00	   7.1816977609273636e-06	   2.0000000000000000e+00	
   3.0600000000000001e+00	   8.4444819827833584e-06	   2.0000000000000000e+00	
   3.0699999999999998e+00	   9.6134560401139879e-06	   2.0000000000000000e+00	
   3.0800000000000001e+00	   1.0676269647014180e-05	   2.0000000000000000e+00	
   3.0899999999999999e+00	   1.1793372458601681e-05	   2.0000000000000000e+00	
   3.1000000000000001e+00	   1.2906213422425594e-05	   2.0000000000000000e+00	
   3.1099999999999999e+00	   1.3924588807778804e-05	   2.0000000000000000e+00	
   3.1200000000000001e+00	   1.4837596532757402e-05	   2.0000000000000000e+00	
   3.1299999999999999e+00	   1.5635833165106305e-05	   2.0000000000000000e+00	
   3.1400000000000001e+00	   1.6350910936546725e-05	   2.0000000000000000e+00	
   3.1499999999999999e+00	   1.7270773489341806e-05	   2.0000000000000000e+00	
   3.1600000000000001e+00	   1.8085416989999104e-05	   2.0000000000000000e+00	
   3.1699999999999999e+00	   1.8786626066580325e-05	   2.0000000000000000e+00	
   3.1800000000000002e+00	   1.9367590768704090e-05	   2.0000000000000000e+00	
   3.1899999999999999e+00	   1.9822902831645450e-05	   2.0000000000000000e+00	
   3.2000000000000002e+00	   2.0391577472356204e-05	   2.0000000000000000e+00	
   3.2100000000000000e+00	   2.1037253130407052e-05	   2.0000000000000000e+00	
   3.2200000000000002e+00	   2.1564575161781008e-05	   2.0000000000000000e+00	
   3.2300000000000000e+00	   2.1968995298271565e-05	   2.0000000000000000e+00	
   3.2400000000000002e+00	   2.2247250572648980e-05	   2.0000000000000000e+00	
   3.2500000000000000e+00	   2.2397333548695997e-05	   2.0000000000000000e+00	
   3.2600000000000002e+00	   2.2903122843365153e-05	   2.0000000000000000e+00	
   3.2700000000000000e+00	   2.3288442031477175e-05	   2.0000000000000000e+00	
   3.2800000000000002e+00	   2.3550696080398836e-05	   2.0000000000000000e+00	
   3.2900000000000000e+00	   2.3688456445514205e-05	   2.0000000000000000e+00	
   3.3000000000000003e+00	   2.3701420807098472e-05	   2.0000000000000000e+00	
   3.3100000000000001e+00	   2.3813419782303669e-05	   2.0000000000000000e+00	
   3.3199999999999998e+00	   2.4083024405596731e-05	   2.0000000000000000e+00	
   3.3300000000000001e+00	   2.4231575773248082e-05	   2.0000000000000000e+00	
   3.3399999999999999e+00	   2.4259195104958664e-05	   2.0000000000000000e+00	
   3.3500000000000001e+00	   2.4167002595776310e-05	   2.0000000000000000e+00	
   3.3599999999999999e+00	   2.3957062783352967e-05	   2.0000000000000000e+00	
   3.3700000000000001e+00	   2.4076463950750693e-05	   2.0000000000000000e+00	
   3.3799999999999999e+00	   2.4134431149125390e-05	   2.0000000000000000e+00	
   3.3900000000000001e+00	   2.4076630723568471e-05	   2.0000000000000000e+00	
   3.3999999999999999e+00	   2.3905350054809205e-05	   2.0000000000000000e+00	
   3.4100000000000001e+00	   2.3623692759322523e-05	   2.0000000000000000e+00	
   3.4199999999999999e+00	   2.3396479393644753e-05	   2.0000000000000000e+00	
   3.4300000000000002e+00	   2.3382285649908852e-05	   2.0000000000000000e+00	
   3.4399999999999999e+00	   2.3258812288817765e-05	   2.0000000000000000e+00	
   3.4500000000000002e+00	   2.3029284546227657e-05	   2.0000000000000000e+00	
   3.4600000000000000e+00	   2.2697622251266480e-05	   2.0000000000000000e+00	
   3.4700000000000002e+00	   2.2268375909906268e-05	   2.0000000000000000e+00	
   3.4800000000000000e+00	   2.2095311443814936e-05	   2.0000000000000000e+00	
   3.4900000000000002e+00	   2.1921632425092596e-05	   2.0000000000000000e+00	
   3.5100000000000002e+00	   3.6433245873546127e-06	   3.0000000000000000e+00	
   3.5200000000000000e+00	   3.5436474150607467e-06	   3.0000000000000000e+00	
   3.5300000000000002e+00	   3.4466845315606065e-06	   3.0000000000000000e+00	
   3.5400000000000000e+00	   3.3937421286545089e-06	   3.0000000000000000e+00	
   3.5500000000000003e+00	   3.3252421720586511e-06	   3.0000000000000000e+00	
   3.5600000000000001e+00	   3.2422405744636507e-06	   3.0000000000000000e+00	
   3.5700000000000003e+00	   3.1458679286000546e-06	   3.0000000000000000e+00	
   3.5800000000000001e+00	   3.0373174371156608e-06	   3.0000000000000000e+00	
   3.5899999999999999e+00	   2.9612467598028047e-06	   3.0000000000000000e+00	
   3.6000000000000001e+00	   2.8939287153306736e-06	   3.0000000000000000e+00	
   3.6099999999999999e+00	   2.8140850605318235e-06	   3.0000000000000000e+00	
   3.6200000000000001e+00	   2.7228306720417095e-06	   3.0000000000000000e+00	
   3.6299999999999999e+00	   2.6213257526830347e-06	   3.0000000000000000e+00	
   3.6400000000000001e+00	   2.5169492929855153e-06	   3.0000000000000000e+00	
   3.6499999999999999e+00	   2.4520532102556558e-06	   3.0000000000000000e+00	
   3.6600000000000001e+00	   2.3765354364435609e-06	   3.0000000000000000e+00	
   3.6699999999999999e+00	   2.2914754254088621e-06	   3.0000000000000000e+00	
   3.6800000000000002e+00	   2.1979830420182367e-06	   3.0000000000000000e+00	
   3.6899999999999999e+00	   2.0971883507581168e-06	   3.0000000000000000e+00	
   3.7000000000000002e+00	   2.0148768051786448e-06	   3.0000000000000000e+00	
   3.7100000000000000e+00	   1.9442994834140137e-06	   3.0000000000000000e+00	
   3.7200000000000002e+00	   1.8659420730759990e-06	   3.0000000000000000e+00	
   3.7300000000000000e+00	   1.7808513255168634e-06	   3.0000000000000000e+00	
   3.7400000000000002e+00	   1.6900823760490624e-06	   3.0000000000000000e+00	
   3.7500000000000000e+00	   1.5946897653495995e-06	   3.0000000000000000e+00	
   3.7600000000000002e+00	   1.5292579425008057e-06	   3.0000000000000000e+00	
   3.7700000000000000e+00	   1.4576898834661733e-06	   3.0000000000000000e+00	
   3.7800000000000002e+00	   1.3809603143233318e-06	   3.0000000000000000e+00	
   3.7900000000000000e+00	   1.3000424377018760e-06	   3.0000000000000000e+00	
   3.8000000000000003e+00	   1.2158999427303030e-06	   3.0000000000000000e+00	
   3.8100000000000001e+00	   1.1406552926640501e-06	   3.0000000000000000e+00	
   3.8200000000000003e+00	   1.0756656874111314e-06	   3.0000000000000000e+00	
   3.8300000000000001e+00	   1.0069530940182148e-06	   3.0000000000000000e+00	
   3.8399999999999999e+00	   9.3540480339271426e-07	   3.0000000000000000e+00	
   3.8500000000000001e+00	   8.6189133119418671e-07	   3.0000000000000000e+00	
   3.8599999999999999e+00	   7.8725977714633188e-07	   3.0000000000000000e+00	
   3.8700000000000001e+00	   7.2650735760682039e-07	   3.0000000000000000e+00	
   3.8799999999999999e+00	   6.6526831399293940e-07	   3.0000000000000000e+00	
   3.8900000000000001e+00	   6.0240731403204961e-07	   3.0000000000000000e+00	
   3.8999999999999999e+00	   5.3870165617198040e-07	   3.0000000000000000e+00	
   3.9100000000000001e+00	   4.7490033816544042e-07	   3.0000000000000000e+00	
   3.9199999999999999e+00	   4.1477080925389487e-07	   3.0000000000000000e+00	
   3.9300000000000002e+00	   3.6034745809487845e-07	   3.0000000000000000e+00	
   3.9399999999999999e+00	   3.0537699591270950e-07	   3.0000000000000000e+00	
   3.9500000000000002e+00	   2.5054526942014377e-07	   3.0000000000000000e+00	
   3.9600000000000000e+00	   1.9650616378541486e-07	   3.0000000000000000e+00	
   3.9700000000000002e+00	   1.4387717350849982e-07	   3.0000000000000000e+00	
   3.9800000000000000e+00	   9.4857430132933018e-08	   3.0000000000000000e+00	
   3.9900000000000002e+00	   4.6934749642346674e-08	   3.0000000000000000e+00	
   4.0000000000000000e+00	                      NaN	   1.0000000000000000e+00	
   4.0099999999999998e+00	   4.5383818036981438e-08	   3.0000000000000000e+00	
   4.0199999999999996e+00	   8.8691963329168289e-08	   3.0000000000000000e+00	
   4.0300000000000002e+00	   1.3008012800241886e-07	   3.0000000000000000e+00	
   4.0400000000000000e+00	   1.7179122613342201e-07	   3.0000000000000000e+00	
   4.0500000000000007e+00	   2.1179525977466085e-07	   3.0000000000000000e+00	
   4.0600000000000005e+00	   2.4961514522026107e-07	   3.0000000000000000e+00	
   4.0700000000000003e+00	   2.8481305935912360e-07	   3.0000000000000000e+00	
   4.0800000000000001e+00	   3.1699291747067093e-07	   3.0000000000000000e+00	
   4.0899999999999999e+00	   3.5095038453114569e-07	   3.0000000000000000e+00	
   4.0999999999999996e+00	   3.8493928466998284e-07	   3.0000000000000000e+00	
   4.1099999999999994e+00	   4.1623017477121493e-07	   3.0000000000000000e+00	
   4.1200000000000001e+00	   4.4446561653366246e-07	   3.0000000000000000e+00	
   4.1299999999999999e+00	   4.6932949215872100e-07	   3.0000000000000000e+00	
   4.1400000000000006e+00	   4.9175721672511941e-07	   3.0000000000000000e+00	
   4.1500000000000004e+00	   5.2056869215277857e-07	   3.0000000000000000e+00	
   4.1600000000000001e+00	   5.4628096712860952e-07	   3.0000000000000000e+00	
   4.1699999999999999e+00	   5.6861018271625596e-07	   3.0000000000000000e+00	
   4.1799999999999997e+00	   5.8731283725244054e-07	   3.0000000000000000e+00	
   4.1899999999999995e+00	   6.0218668229694572e-07	   3.0000000000000000e+00	
   4.2000000000000002e+00	   6.2066390027482043e-07	   3.0000000000000000e+00	
   4.2100000000000000e+00	   6.4164578872372147e-07	   3.0000000000000000e+00	
   4.2200000000000006e+00	   6.5901536094870039e-07	   3.0000000000000000e+00	
   4.2300000000000004e+00	   6.7259439751055083e-07	   3.0000000000000000e+00	
   4.2400000000000002e+00	   6.8224405369576857e-07	   3.0000000000000000e+00	
   4.2500000000000000e+00	   6.8786493745420785e-07	   3.0000000000000000e+00	
   4.2599999999999998e+00	   7.0485354375371401e-07	   3.0000000000000000e+00	
   4.2699999999999996e+00	   7.1809094581709587e-07	   3.0000000000000000e+00	
   4.2799999999999994e+00	   7.2745701640286597e-07	   3.0000000000000000e+00	
   4.2900000000000000e+00	   7.3286883428558269e-07	   3.0000000000000000e+00	
   4.2999999999999998e+00	   7.3428038205314294e-07	   3.0000000000000000e+00	
   4.3100000000000005e+00	   7.3891929397440492e-07	   3.0000000000000000e+00	
   4.3200000000000003e+00	   7.4873051203461216e-07	   3.0000000000000000e+00	
   4.3300000000000001e+00	   7.5466466453733005e-07	   3.0000000000000000e+00	
   4.3399999999999999e+00	   7.5668759880187508e-07	   3.0000000000000000e+00	
   4.3499999999999996e+00	   7.5479934968925022e-07	   3.0000000000000000e+00	
   4.3599999999999994e+00	   7.4903325275599286e-07	   3.0000000000000000e+00	
   4.3700000000000001e+00	   7.5416577560716291e-07	   3.0000000000000000e+00	
   4.3799999999999999e+00	   7.5732247473148107e-07	   3.0000000000000000e+00	
   4.3900000000000006e+00	   7.5667097565457198e-07	   3.0000000000000000e+00	
   4.4000000000000004e+00	   7.5225050388816328e-07	   3.0000000000000000e+00	
   4.4100000000000001e+00	   7.4413052719712880e-07	   3.0000000000000000e+00	
   4.4199999999999999e+00	   7.3783437226637716e-07	   3.0000000000000000e+00	
   4.4299999999999997e+00	   7.3874885853086880e-07	   3.0000000000000000e+00	
   4.4399999999999995e+00	   7.3601018835134369e-07	   3.0000000000000000e+00	
   4.4499999999999993e+00	   7.2969040387782513e-07	   3.0000000000000000e+00	
   4.4600000000000000e+00	   7.1988872196726561e-07	   3.0000000000000000e+00	
   4.4699999999999998e+00	   7.0673003937926637e-07	   3.0000000000000000e+00	
   4.4800000000000004e+00	   6.9960236004362741e-07	   4.0000000000000000e+00	
   4.4900000000000002e+00	   6.9180995332374096e-07	   4.0000000000000000e+00	
   4.5099999999999998e+00	   1.0755550294838656e-07	   4.0000000000000000e+00	
   4.5199999999999996e+00	   1.0484008350353236e-07	   4.0000000000000000e+00	
   4.5299999999999994e+00	   1.0219087931417903e-07	   4.0000000000000000e+00	
   4.5400000000000000e+00	   1.0083681312167414e-07	   4.0000000000000000e+00	
   4.5499999999999998e+00	   9.9010958987122422e-08	   4.0000000000000000e+00	
   4.5600000000000005e+00	   9.6742001520766507e-08	   4.0000000000000000e+00	
   4.5700000000000003e+00	   9.4061171074244498e-08	   4.0000000000000000e+00	
   4.5800000000000001e+00	   9.1001893576247994e-08	   4.0000000000000000e+00	
   4.5899999999999999e+00	   8.8903821193753174e-08	   4.0000000000000000e+00	
   4.5999999999999996e+00	   8.7058668052364396e-08	   4.0000000000000000e+00	
   4.6099999999999994e+00	   8.4826236035340230e-08	   4.0000000000000000e+00	
   4.6200000000000001e+00	   8.2238071019702375e-08	   4.0000000000000000e+00	
   4.6299999999999999e+00	   7.9327395763328923e-08	   4.0000000000000000e+00	
   4.6400000000000006e+00	   7.6316432506828846e-08	   4.0000000000000000e+00	
   4.6500000000000004e+00	   7.4492345847332331e-08	   4.0000000000000000e+00	
   4.6600000000000001e+00	   7.2336073353440611e-08	   4.0000000000000000e+00	
   4.6699999999999999e+00	   6.9878817177126962e-08	   4.0000000000000000e+00	
   4.6799999999999997e+00	   6.7152984950524797e-08	   4.0000000000000000e+00	
   4.6899999999999995e+00	   6.4191884030506685e-08	   4.0000000000000000e+00	
   4.6999999999999993e+00	   6.1785621952026304e-08	   4.0000000000000000e+00	
   4.7100000000000000e+00	   5.9729942991637586e-08	   4.0000000000000000e+00	
   4.7199999999999998e+00	   5.7425957322720933e-08	   4.0000000000000000e+00	
   4.7300000000000004e+00	   5.4904781388032120e-08	   4.0000000000000000e+00	
   4.7400000000000002e+00	   5.2198037225892335e-08	   4.0000000000000000e+00	
   4.7500000000000000e+00	   4.9337576024655050e-08	   4.0000000000000000e+00	
   4.7599999999999998e+00	   4.7395208646605624e-08	   4.0000000000000000e+00	
   4.7699999999999996e+00	   4.5254562097696294e-08	   4.0000000000000000e+00	
   4.7799999999999994e+00	   4.2945093037261017e-08	   4.0000000000000000e+00	
   4.7900000000000000e+00	   4.0496427544667313e-08	   4.0000000000000000e+00	
   4.7999999999999998e+00	   3.7938111319135714e-08	   4.0000000000000000e+00	
   4.8100000000000005e+00	   3.5648794360909619e-08	   4.0000000000000000e+00	
   4.8200000000000003e+00	   3.3672434840426035e-08	   4.0000000000000000e+00	
   4.8300000000000001e+00	   3.1572219505449084e-08	   4.0000000000000000e+00	
   4.8399999999999999e+00	   2.9375561538813599e-08	   4.0000000000000000e+00	
   4.8499999999999996e+00	   2.7109531064439807e-08	   4.0000000000000000e+00	
   4.8599999999999994e+00	   2.4800635545219052e-08	   4.0000000000000000e+00	
   4.8700000000000001e+00	   2.2922140852088546e-08	   4.0000000000000000e+00	
   4.8799999999999999e+00	   2.1022045881835538e-08	   4.0000000000000000e+00	
   4.8900000000000006e+00	   1.9064426259873812e-08	   4.0000000000000000e+00	
   4.9000000000000004e+00	   1.7066813517985224e-08	   5.0000000000000000e+00	
   4.9100000000000001e+00	   1.5007629805552369e-08	   5.0000000000000000e+00	
   4.9199999999999999e+00	   1.3074356264297649e-08	   5.0000000000000000e+00	
   4.9299999999999997e+00	   1.1330094640271682e-08	   5.0000000000000000e+00	
   4.9399999999999995e+00	   9.5773298181001110e-09	   5.0000000000000000e+00	
   4.9499999999999993e+00	   7.8376640733068825e-09	   5.0000000000000000e+00	
   4.9600000000000000e+00	   6.1314803234679971e-09	   5.0000000000000000e+00	
   4.9699999999999998e+00	   4.4778163399428195e-09	   5.0000000000000000e+00	
   4.9800000000000004e+00	   2.9446111105002615e-09	   5.0000000000000000e+00	
   4.9900000000000002e+00	   1.4532147707413401e-09	   5.0000000000000000e+00	
   5.0000000000000000e+00	                      NaN	   1.0000000000000000e+00	
   5.0099999999999998e+00	   1.3979223334459334e-09	   5.0000000000000000e+00	
   5.0199999999999996e+00	   2.7247977207878193e-09	   5.0000000000000000e+00	
   5.0299999999999994e+00	   3.9858918388091524e-09	   5.0000000000000000e+00	
   5.0400000000000000e+00	   5.2502137082299782e-09	   5.0000000000000000e+00	
   5.0499999999999998e+00	   6.4558025592020840e-09	   5.0000000000000000e+00	
   5.0600000000000005e+00	   7.5885586703350327e-09	   5.0000000000000000e+00	
   5.0700000000000003e+00	   8.6357263562319986e-09	   5.0000000000000000e+00	
   5.0800000000000001e+00	   9.5859509219309302e-09	   5.0000000000000000e+00	
   5.0899999999999999e+00	   1.0584626286558318e-08	   5.0000000000000000e+00	
   5.0999999999999996e+00	   1.1578790815036655e-08	   5.0000000000000000e+00	
   5.1099999999999994e+00	   1.2486532918742910e-08	   5.0000000000000000e+00	
   5.1200000000000001e+00	   1.3297801526590547e-08	   5.0000000000000000e+00	
   5.1299999999999999e+00	   1.4003894044378740e-08	   5.0000000000000000e+00	
   5.1400000000000006e+00	   1.4633464662239248e-08	   5.0000000000000000e+00	
   5.1500000000000004e+00	   1.5448950341223622e-08	   5.0000000000000000e+00	
   5.1600000000000001e+00	   1.6168044680853200e-08	   5.0000000000000000e+00	
   5.1699999999999999e+00	   1.6783109346718561e-08	   5.0000000000000000e+00	
   5.1799999999999997e+00	   1.7287785869513073e-08	   5.0000000000000000e+00	
   5.1899999999999995e+00	   1.7677005414995506e-08	   5.0000000000000000e+00	
   5.1999999999999993e+00	   1.8169373783294418e-08	   5.0000000000000000e+00	
   5.2100000000000000e+00	   1.8731936002325256e-08	   5.0000000000000000e+00	
   5.2199999999999998e+00	   1.9185909305718951e-08	   5.0000000000000000e+00	
   5.2300000000000004e+00	   1.9526983585649305e-08	   5.0000000000000000e+00	
   5.2400000000000002e+00	   1.9752048663335131e-08	   5.0000000000000000e+00	
   5.2500000000000000e+00	   1.9859180744319360e-08	   5.0000000000000000e+00	
   5.2599999999999998e+00	   2.0292914015840324e-08	   5.0000000000000000e+00	
   5.2699999999999996e+00	   2.0616162332842691e-08	   5.0000000000000000e+00	
   5.2799999999999994e+00	   2.0826387059358353e-08	   5.0000000000000000e+00	
   5.2900000000000000e+00	   2.0922150234525816e-08	   5.0000000000000000e+00	
   5.2999999999999998e+00	   2.0903093478352730e-08	   5.0000000000000000e+00	
   5.3100000000000005e+00	   2.0975513104204424e-08	   5.0000000000000000e+00	
   5.3200000000000003e+00	   2.1193731658541992e-08	   5.0000000000000000e+00	
   5.3300000000000001e+00	   2.1300873953578048e-08	   5.0000000000000000e+00	
   5.3399999999999999e+00	   2.1296910901469346e-08	   5.0000000000000000e+00	
   5.3499999999999996e+00	   2.1182786191786818e-08	   5.0000000000000000e+00	
   5.3599999999999994e+00	   2.0960377655754314e-08	   5.0000000000000000e+00	
   5.3700000000000001e+00	   2.1043295772571469e-08	   5.0000000000000000e+00	
   5.3799999999999999e+00	   2.1070395206379544e-08	   5.0000000000000000e+00	
   5.3900000000000006e+00	   2.0991271165726744e-08	   5.0000000000000000e+00	
   5.4000000000000004e+00	   2.0807927159083306e-08	   5.0000000000000000e+00	
   5.4100000000000001e+00	   2.0523190036314531e-08	   5.0000000000000000e+00	
   5.4199999999999999e+00	   2.0289991908839511e-08	   5.0000000000000000e+00	
   5.4299999999999997e+00	   2.0255742860797454e-08	   5.0000000000000000e+00	
   5.4399999999999995e+00	   2.0121405319706298e-08	   5.0000000000000000e+00	
   5.4499999999999993e+00	   1.9889825564334274e-08	   5.0000000000000000e+00	
   5.4600000000000000e+00	   1.9564565079122076e-08	   5.0000000000000000e+00	
   5.4699999999999998e+00	   1.9149852814592805e-08	   5.0000000000000000e+00	
   5.4800000000000004e+00	   1.8975000015686305e-08	   5.0000000000000000e+00	
   5.4900000000000002e+00	   1.8801256995715221e-08	   5.0000000000000000e+00	
   5.5099999999999998e+00	   3.2029202623462538e-09	   6.0000000000000000e+00	
   5.5199999999999996e+00	   3.1161998537143631e-09	   6.0000000000000000e+00	
   5.5299999999999994e+00	   3.0317388599598871e-09	   6.0000000000000000e+00	
   5.5400000000000000e+00	   2.9859185124436749e-09	   6.0000000000000000e+00	
   5.5499999999999998e+00	   2.9262988698874892e-09	   6.0000000000000000e+00	
   5.5600000000000005e+00	   2.8538057472715650e-09	   6.0000000000000000e+00	
   5.5700000000000003e+00	   2.7694342374928738e-09	   6.0000000000000000e+00	
   5.5800000000000001e+00	   2.6742352776665257e-09	   6.0000000000000000e+00	
   5.5899999999999999e+00	   2.6075681613946244e-09	   6.0000000000000000e+00	
   5.5999999999999996e+00	   2.5485360488630704e-09	   6.0000000000000000e+00	
   5.6099999999999994e+00	   2.4783912699888333e-09	   6.0000000000000000e+00	
   5.6200000000000001e+00	   2.3981185925947557e-09	   6.0000000000000000e+00	
   5.6299999999999999e+00	   2.3087470824023626e-09	   6.0000000000000000e+00	
   5.6400000000000006e+00	   2.2167878643841732e-09	   6.0000000000000000e+00	
   5.6500000000000004e+00	   2.1595742971669551e-09	   6.0000000000000000e+00	
   5.6600000000000001e+00	   2.0929522559498537e-09	   6.0000000000000000e+00	
   5.6699999999999999e+00	   2.0178778648016760e-09	   6.0000000000000000e+00	
   5.6799999999999997e+00	   1.9353392222143384e-09	   6.0000000000000000e+00	
   5.6899999999999995e+00	   1.8463401918467071e-09	   6.0000000000000000e+00	
   5.6999999999999993e+00	   1.7736024870984579e-09	   6.0000000000000000e+00	
   5.7100000000000000e+00	   1.7111798644720011e-09	   6.0000000000000000e+00	
   5.7199999999999998e+00	   1.6418890691483057e-09	   6.0000000000000000e+00	
   5.7300000000000004e+00	   1.5666614672227297e-09	   6.0000000000000000e+00	
   5.7400000000000002e+00	   1.4864349751064765e-09	   6.0000000000000000e+00	
   5.7500000000000000e+00	   1.4021472871661445e-09	   6.0000000000000000e+00	
   5.7599999999999998e+00	   1.3442247315254008e-09	   6.0000000000000000e+00	
   5.7699999999999996e+00	   1.2809102667432626e-09	   6.0000000000000000e+00	
   5.7799999999999994e+00	   1.2130710880242646e-09	   6.0000000000000000e+00	
   5.7900000000000000e+00	   1.1415715039930774e-09	   6.0000000000000000e+00	
   5.7999999999999998e+00	   1.0672673855793846e-09	   6.0000000000000000e+00	
   5.8100000000000005e+00	   1.0008083251022981e-09	   6.0000000000000000e+00	
   5.8200000000000003e+00	   9.4337981870751264e-10	   6.0000000000000000e+00	
   5.8300000000000001e+00	   8.8271456810673499e-10	   6.0000000000000000e+00	
   5.8399999999999999e+00	   8.1960016551363424e-10	   6.0000000000000000e+00	
   5.8499999999999996e+00	   7.5480688366269533e-10	   6.0000000000000000e+00	
   5.8599999999999994e+00	   6.8908456718475009e-10	   6.0000000000000000e+00	
   5.8700000000000001e+00	   6.3556115925678114e-10	   6.0000000000000000e+00	
   5.8799999999999999e+00	   5.8165761096518054e-10	   6.0000000000000000e+00	
   5.8900000000000006e+00	   5.2638515768421712e-10	   6.0000000000000000e+00	
   5.9000000000000004e+00	   4.7043013928771416e-10	   6.0000000000000000e+00	
   5.9100000000000001e+00	   4.1445025189545959e-10	   6.0000000000000000e+00	
   5.9199999999999999e+00	   3.6173553041862760e-10	   6.0000000000000000e+00	
   5.9299999999999997e+00	   3.1405833489372981e-10	   6.0000000000000000e+00	
   5.9399999999999995e+00	   2.6596258528854833e-10	   6.0000000000000000e+00	
   5.9500000000000002e+00	   2.1804980043782507e-10	   6.0000000000000000e+00	
   5.9600000000000000e+00	   1.7089185622154446e-10	   6.0000000000000000e+00	
   5.9699999999999998e+00	   1.2502698876204477e-10	   6.0000000000000000e+00	
   5.9800000000000004e+00	   8.2364670639378801e-11	   6.0000000000000000e+00	
   5.9900000000000002e+00	   4.0720538052596567e-11	   6.0000000000000000e+00	
   6.0000000000000000e+00	                      NaN	   1.0000000000000000e+00	
   6.0099999999999998e+00	   3.9308778454483218e-11	   6.0000000000000000e+00	
   6.0199999999999996e+00	   7.6752271205293709e-11	   6.0000000000000000e+00	
   6.0300000000000002e+00	   1.1246770181827515e-10	   6.0000000000000000e+00	
   6.0400000000000000e+00	   1.4839474093975014e-10	   6.0000000000000000e+00	
   6.0499999999999998e+00	   1.8277956925771832e-10	   6.0000000000000000e+00	
   6.0600000000000005e+00	   2.1521140425306839e-10	   6.0000000000000000e+00	
   6.0700000000000003e+00	   2.4531709996722384e-10	   6.0000000000000000e+00	
   6.0800000000000001e+00	   2.7276092495753801e-10	   6.0000000000000000e+00	
   6.0899999999999999e+00	   3.0167224274180171e-10	   6.0000000000000000e+00	
   6.0999999999999996e+00	   3.3054425863099368e-10	   6.0000000000000000e+00	
   6.1099999999999994e+00	   3.5703351386473514e-10	   6.0000000000000000e+00	
   6.1200000000000001e+00	   3.8084024822637730e-10	   6.0000000000000000e+00	
   6.1299999999999999e+00	   4.0170022863605936e-10	   6.0000000000000000e+00	
   6.1399999999999997e+00	   4.2042191950031338e-10	   6.0000000000000000e+00	
   6.1500000000000004e+00	   4.4454551151318356e-10	   6.0000000000000000e+00	
   6.1600000000000001e+00	   4.6596060343517820e-10	   6.0000000000000000e+00	
   6.1699999999999999e+00	   4.8443182798507678e-10	   6.0000000000000000e+00	
   6.1799999999999997e+00	   4.9976200955370587e-10	   6.0000000000000000e+00	
   6.1899999999999995e+00	   5.1178838944565541e-10	   6.0000000000000000e+00	
   6.2000000000000002e+00	   5.2683502005379523e-10	   6.0000000000000000e+00	
   6.2100000000000000e+00	   5.4395732362877425e-10	   6.0000000000000000e+00	
   6.2199999999999998e+00	   5.5796522957507477e-10	   6.0000000000000000e+00	
   6.2300000000000004e+00	   5.6871762854626695e-10	   6.0000000000000000e+00	
   6.2400000000000002e+00	   5.7611060366724587e-10	   6.0000000000000000e+00	
   6.2500000000000000e+00	   5.8007199044141089e-10	   6.0000000000000000e+00	
   6.2599999999999998e+00	   5.9359006598924680e-10	   6.0000000000000000e+00	
   6.2699999999999996e+00	   6.0390248357578002e-10	   6.0000000000000000e+00	
   6.2800000000000002e+00	   6.1091975922522579e-10	   6.0000000000000000e+00	
   6.2900000000000000e+00	   6.1458682587556268e-10	   6.0000000000000000e+00	
   6.2999999999999998e+00	   6.1487825941952678e-10	   6.0000000000000000e+00	
   6.3100000000000005e+00	   6.1785643268308377e-10	   6.0000000000000000e+00	
   6.3200000000000003e+00	   6.2513483278792137e-10	   6.0000000000000000e+00	
   6.3300000000000001e+00	   6.2914440324135512e-10	   6.0000000000000000e+00	
   6.3399999999999999e+00	   6.2987082216636736e-10	   6.0000000000000000e+00	
   6.3499999999999996e+00	   6.2732763428385852e-10	   6.0000000000000000e+00	
   6.3599999999999994e+00	   6.2155880442560374e-10	   6.0000000000000000e+00	
   6.3700000000000001e+00	   6.2483296314752579e-10	   6.0000000000000000e+00	
   6.3799999999999999e+00	   6.2644822662605293e-10	   6.0000000000000000e+00	
   6.3899999999999997e+00	   6.2489724506065158e-10	   6.0000000000000000e+00	
   6.4000000000000004e+00	   6.2022742497447325e-10	   6.0000000000000000e+00	
   6.4100000000000001e+00	   6.1251226313174811e-10	   6.0000000000000000e+00	
   6.4199999999999999e+00	   6.0631011322698214e-10	   6.0000000000000000e+00	
   6.4299999999999997e+00	   6.0603788654134405e-10	   6.0000000000000000e+00	
   6.4399999999999995e+00	   6.0275784363739149e-10	   6.0000000000000000e+00	
   6.4500000000000002e+00	   5.9654658990382359e-10	   6.0000000000000000e+00	
   6.4600000000000000e+00	   5.8750027065457289e-10	   6.0000000000000000e+00	
   6.4699999999999998e+00	   5.7573523726262010e-10	   6.0000000000000000e+00	
   6.4800000000000004e+00	   5.7115534524143641e-10	   6.0000000000000000e+00	
   6.4900000000000002e+00	   5.6659033020878269e-10	   6.0000000000000000e+00	
   6.5099999999999998e+00	   9.1425755854857016e-11	   7.0000000000000000e+00	
   6.5199999999999996e+00	   8.9090956834070312e-11	   7.0000000000000000e+00	
   6.5300000000000002e+00	   8.6810447719187778e-11	   7.0000000000000000e+00	
   6.5400000000000000e+00	   8.5631057800128474e-11	   7.0000000000000000e+00	
   6.5499999999999998e+00	   8.4050433279969639e-11	   7.0000000000000000e+00	
   6.5600000000000005e+00	   8.2093887243672725e-11	   7.0000000000000000e+00	
   6.5700000000000003e+00	   7.9787954021526275e-11	   7.0000000000000000e+00	
   6.5800000000000001e+00	   7.7161499412170542e-11	   7.0000000000000000e+00	
   6.5899999999999999e+00	   7.5351058725914299e-11	   7.0000000000000000e+00	
   6.5999999999999996e+00	   7.3755113128015637e-11	   7.0000000000000000e+00	
   6.6099999999999994e+00	   7.1831429693247628e-11	   7.0000000000000000e+00	
   6.6200000000000001e+00	   6.9606764796503739e-11	   7.0000000000000000e+00	
   6.6299999999999999e+00	   6.7110983437146388e-11	   7.0000000000000000e+00	
   6.6399999999999997e+00	   6.4531713306337224e-11	   7.0000000000000000e+00	
   6.6500000000000004e+00	   6.2956639901301514e-11	   7.0000000000000000e+00	
   6.6600000000000001e+00	   6.1102123360967653e-11	   7.0000000000000000e+00	
   6.6699999999999999e+00	   5.8994586993321718e-11	   7.0000000000000000e+00	
   6.6799999999999997e+00	   5.6661786373979339e-11	   7.0000000000000000e+00	
   6.6899999999999995e+00	   5.4131588100858608e-11	   7.0000000000000000e+00	
   6.7000000000000002e+00	   5.2072235412481405e-11	   7.0000000000000000e+00	
   6.7100000000000000e+00	   5.0309312271679119e-11	   7.0000000000000000e+00	
   6.7199999999999998e+00	   4.8338999469876853e-11	   7.0000000000000000e+00	
   6.7300000000000004e+00	   4.6186832136640987e-11	   7.0000000000000000e+00	
   6.7400000000000002e+00	   4.3881343003704387e-11	   7.0000000000000000e+00	
   6.7500000000000000e+00	   4.1449399468262982e-11	   7.0000000000000000e+00	
   6.7599999999999998e+00	   3.9790615247170535e-11	   7.0000000000000000e+00	
   6.7699999999999996e+00	   3.7966962906921253e-11	   7.0000000000000000e+00	
   6.7800000000000002e+00	   3.6004088599383977e-11	   7.0000000000000000e+00	
   6.7900000000000000e+00	   3.3926306208797996e-11	   7.0000000000000000e+00	
   6.7999999999999998e+00	   3.1759705976242003e-11	   7.0000000000000000e+00	
   6.8100000000000005e+00	   2.9820812486036630e-11	   7.0000000000000000e+00	
   6.8200000000000003e+00	   2.8145707986482194e-11	   7.0000000000000000e+00	
   6.8300000000000001e+00	   2.6369351147081943e-11	   7.0000000000000000e+00	
   6.8399999999999999e+00	   2.4515611762865319e-11	   7.0000000000000000e+00	
   6.8499999999999996e+00	   2.2605917138207587e-11	   7.0000000000000000e+00	
   6.8599999999999994e+00	   2.0663470934323414e-11	   7.0000000000000000e+00	
   6.8700000000000001e+00	   1.9082291302652266e-11	   7.0000000000000000e+00	
   6.8799999999999999e+00	   1.7485457526333903e-11	   7.0000000000000000e+00	
   6.8899999999999997e+00	   1.5843548695215759e-11	   7.0000000000000000e+00	
   6.9000000000000004e+00	   1.4176659846043549e-11	   7.0000000000000000e+00	
   6.9100000000000001e+00	   1.2504663970958063e-11	   7.0000000000000000e+00	
   6.9199999999999999e+00	   1.0927481142175566e-11	   7.0000000000000000e+00	
   6.9299999999999997e+00	   9.4986241094829893e-12	   7.0000000000000000e+00	
   6.9399999999999995e+00	   8.0531137314210355e-12	   7.0000000000000000e+00	
   6.9500000000000002e+00	   6.6104899332231071e-12	   7.0000000000000000e+00	
   6.9600000000000000e+00	   5.1867399264438063e-12	   7.0000000000000000e+00	
   6.9699999999999998e+00	   3.7997383017795983e-12	   7.0000000000000000e+00	
   6.9800000000000004e+00	   2.5056623442765158e-12	   7.0000000000000000e+00	
   6.9900000000000002e+00	   1.2404521854136874e-12	   7.0000000000000000e+00	
   7.0000000000000000e+00	                      NaN	   1.0000000000000000e+00	
   7.0099999999999998e+00	   1.2001510896197942e-12	   7.0000000000000000e+00	
   7.0199999999999996e+00	   2.3454571618231057e-12	   7.0000000000000000e+00	
   7.0300000000000002e+00	   3.4411362648256727e-12	   7.0000000000000000e+00	
   7.0400000000000000e+00	   4.5449199959080033e-12	   7.0000000000000000e+00	
   7.0499999999999998e+00	   5.6046278729127152e-12	   7.0000000000000000e+00	
   7.0599999999999996e+00	   6.6058269965196814e-12	   7.0000000000000000e+00	
   7.0700000000000003e+00	   7.5384143372048129e-12	   7.0000000000000000e+00	
   7.0800000000000001e+00	   8.3906215309070831e-12	   7.0000000000000000e+00	
   7.0899999999999999e+00	   9.2896801362485348e-12	   7.0000000000000000e+00	
   7.0999999999999996e+00	   1.0190071009219537e-11	   7.0000000000000000e+00	
   7.1100000000000003e+00	   1.1018075340984979e-11	   7.0000000000000000e+00	
   7.1200000000000001e+00	   1.1764922369650321e-11	   7.0000000000000000e+00	
   7.1299999999999999e+00	   1.2422063377925951e-11	   7.0000000000000000e+00	
   7.1399999999999997e+00	   1.3014145316958547e-11	   7.0000000000000000e+00	
   7.1500000000000004e+00	   1.3741341398088025e-11	   8.0000000000000000e+00	
   7.1600000000000001e+00	   1.4376944079685927e-11	   8.0000000000000000e+00	
   7.1699999999999999e+00	   1.4919399049517779e-11	   8.0000000000000000e+00	
   7.1799999999999997e+00	   1.5363488259367841e-11	   8.0000000000000000e+00	
   7.1899999999999995e+00	   1.5703549571810527e-11	   8.0000000000000000e+00	
   7.2000000000000002e+00	   1.6135537350692175e-11	   8.0000000000000000e+00	
   7.2100000000000000e+00	   1.6629142507440520e-11	   8.0000000000000000e+00	
   7.2199999999999998e+00	   1.7025714171836626e-11	   8.0000000000000000e+00	
   7.2300000000000004e+00	   1.7321033496386917e-11	   8.0000000000000000e+00	
   7.2400000000000002e+00	   1.7513324124251994e-11	   8.0000000000000000e+00	
   7.2500000000000000e+00	   1.7601031743197382e-11	   8.0000000000000000e+00	
   7.2599999999999998e+00	   1.7977841437755160e-11	   8.0000000000000000e+00	
   7.2699999999999996e+00	   1.8255619238516374e-11	   8.0000000000000000e+00	
   7.2800000000000002e+00	   1.8432921855549012e-11	   8.0000000000000000e+00	
   7.2900000000000000e+00	   1.8508305998921060e-11	   8.0000000000000000e+00	
   7.2999999999999998e+00	   1.8482548824749756e-11	   8.0000000000000000e+00	
   7.3099999999999996e+00	   1.8537171797561314e-11	   8.0000000000000000e+00	
   7.3200000000000003e+00	   1.8719359395902302e-11	   8.0000000000000000e+00	
   7.3300000000000001e+00	   1.8803847368076276e-11	   8.0000000000000000e+00	
   7.3399999999999999e+00	   1.8789747535663537e-11	   8.0000000000000000e+00	
   7.3499999999999996e+00	   1.8678170121688709e-11	   8.0000000000000000e+00	
   7.3600000000000003e+00	   1.8470780460688729e-11	   8.0000000000000000e+00	
   7.3700000000000001e+00	   1.8532508860857888e-11	   8.0000000000000000e+00	
   7.3799999999999999e+00	   1.8544943358733690e-11	   8.0000000000000000e+00	
   7.3899999999999997e+00	   1.8463675033331128e-11	   8.0000000000000000e+00	
   7.4000000000000004e+00	   1.8290036152279754e-11	   8.0000000000000000e+00	
   7.4100000000000001e+00	   1.8027912496165754e-11	   8.0000000000000000e+00	
   7.4199999999999999e+00	   1.7810641850246611e-11	   8.0000000000000000e+00	
   7.4299999999999997e+00	   1.7768675419915780e-11	   8.0000000000000000e+00	
   7.4399999999999995e+00	   1.7637780125312474e-11	   8.0000000000000000e+00	
   7.4500000000000002e+00	   1.7421841747022881e-11	   8.0000000000000000e+00	
   7.4600000000000000e+00	   1.7124524021028265e-11	   8.0000000000000000e+00	
   7.4699999999999998e+00	   1.6748935571797574e-11	   8.0000000000000000e+00	
   7.4800000000000004e+00	   1.6583623363430888e-11	   8.0000000000000000e+00	
   7.4900000000000002e+00	   1.6417978088156815e-11	   8.0000000000000000e+00	
   7.5099999999999998e+00	   2.7982061112652445e-12	   8.0000000000000000e+00	
   7.5199999999999996e+00	   2.7307045513680350e-12	   8.0000000000000000e+00	
   7.5300000000000002e+00	   2.6630919691683630e-12	   8.0000000000000000e+00	
   7.5400000000000000e+00	   2.6296742561271458e-12	   8.0000000000000000e+00	
   7.5499999999999998e+00	   2.5834889783027393e-12	   8.0000000000000000e+00	
   7.5599999999999996e+00	   2.5263124925345437e-12	   8.0000000000000000e+00	
   7.5700000000000003e+00	   2.4584778657299466e-12	   8.0000000000000000e+00	
   7.5800000000000001e+00	   2.3795410086790980e-12	   8.0000000000000000e+00	
   7.5899999999999999e+00	   2.3262503034970905e-12	   8.0000000000000000e+00	
   7.5999999999999996e+00	   2.2791768472529839e-12	   8.0000000000000000e+00	
   7.6100000000000003e+00	   2.2224444506946384e-12	   8.0000000000000000e+00	
   7.6200000000000001e+00	   2.1553869800072789e-12	   8.0000000000000000e+00	
   7.6299999999999999e+00	   2.0801138589376933e-12	   8.0000000000000000e+00	
   7.6399999999999997e+00	   2.0023982472139323e-12	   8.0000000000000000e+00	
   7.6500000000000004e+00	   1.9557688801796758e-12	   8.0000000000000000e+00	
   7.6600000000000001e+00	   1.9001467066459554e-12	   8.0000000000000000e+00	
   7.6699999999999999e+00	   1.8359758158226214e-12	   8.0000000000000000e+00	
   7.6799999999999997e+00	   1.7654766537589239e-12	   8.0000000000000000e+00	
   7.6900000000000004e+00	   1.6884271758499381e-12	   8.0000000000000000e+00	
   7.7000000000000002e+00	   1.6255885526561542e-12	   8.0000000000000000e+00	
   7.7100000000000000e+00	   1.5720758028692217e-12	   8.0000000000000000e+00	
   7.7199999999999998e+00	   1.5121237595394632e-12	   8.0000000000000000e+00	
   7.7300000000000004e+00	   1.4459544672718039e-12	   8.0000000000000000e+00	
   7.7400000000000002e+00	   1.3753442829056439e-12	   8.0000000000000000e+00	
   7.7500000000000000e+00	   1.3000711618360583e-12	   8.0000000000000000e+00	
   7.7599999999999998e+00	   1.2490009027033011e-12	   8.0000000000000000e+00	
   7.7699999999999996e+00	   1.1928236176572682e-12	   8.0000000000000000e+00	
   7.7800000000000002e+00	   1.1326495297225847e-12	   8.0000000000000000e+00	
   7.7900000000000000e+00	   1.0680345496894006e-12	   8.0000000000000000e+00	
   7.7999999999999998e+00	   1.0007550343971161e-12	   8.0000000000000000e+00	
   7.8099999999999996e+00	   9.4058094646243262e-13	   8.0000000000000000e+00	
   7.8200000000000003e+00	   8.8884455351490033e-13	   8.0000000000000000e+00	
   7.8300000000000001e+00	   8.3333340228364250e-13	   8.0000000000000000e+00	
   7.8399999999999999e+00	   7.7537976039820933e-13	   8.0000000000000000e+00	
   7.8499999999999996e+00	   7.1564976167337591e-13	   8.0000000000000000e+00	
   7.8600000000000003e+00	   6.5480953992391733e-13	   8.0000000000000000e+00	
   7.8700000000000001e+00	   6.0518257072317283e-13	   8.0000000000000000e+00	
   7.8799999999999999e+00	   5.5500049001011575e-13	   8.0000000000000000e+00	
   7.8899999999999997e+00	   5.0304205245765843e-13	   8.0000000000000000e+00	
   7.9000000000000004e+00	   4.5119463720766362e-13	   8.0000000000000000e+00	
   7.9100000000000001e+00	   3.9834802123550617e-13	   8.0000000000000000e+00	
   7.9199999999999999e+00	   3.4816594052244909e-13	   8.0000000000000000e+00	
   7.9299999999999997e+00	   3.0286884111774270e-13	   8.0000000000000000e+00	
   7.9400000000000004e+00	   2.5701663020072374e-13	   8.0000000000000000e+00	
   7.9500000000000002e+00	   2.1116441928370477e-13	   8.0000000000000000e+00	
   7.9600000000000000e+00	   1.6586731987899839e-13	   8.0000000000000000e+00	
   7.9699999999999998e+00	   1.2201351040630470e-13	   8.0000000000000000e+00	
   7.9800000000000004e+00	   8.0602191587786365e-14	   8.0000000000000000e+00	
   7.9900000000000002e+00	   3.9968028886505635e-14	   8.0000000000000000e+00	
   8.0000000000000000e+00	                      NaN	   1.0000000000000000e+00	
