   5.1000000000000001e-01	   7.2256640284006690e-01	   1.0000000000000000e+00	
   5.2000000000000002e-01	   7.0207472063072518e-01	   1.0000000000000000e+00	
   5.3000000000000003e-01	   6.8259720099654064e-01	   1.0000000000000000e+00	
   5.4000000000000004e-01	   6.6956952363209954e-01	   1.0000000000000000e+00	
   5.5000000000000004e-01	   6.5510798911597368e-01	   1.0000000000000000e+00	
   5.6000000000000005e-01	   6.3932602920570791e-01	   1.0000000000000000e+00	
   5.7000000000000006e-01	   6.2233750791118325e-01	   1.0000000000000000e+00	
   5.7999999999999996e-01	   6.0425556863659313e-01	   1.0000000000000000e+00	
   5.8999999999999997e-01	   5.9074740633068412e-01	   1.0000000000000000e+00	
   5.9999999999999998e-01	   5.7881167015244595e-01	   1.0000000000000000e+00	
   6.0999999999999999e-01	   5.6562291570672296e-01	   1.0000000000000000e+00	
   6.2000000000000000e-01	   5.5127932663385426e-01	   1.0000000000000000e+00	
   6.3000000000000000e-01	   5.3587845175706650e-01	   1.0000000000000000e+00	
   6.4000000000000001e-01	   5.2030308352007704e-01	   1.0000000000000000e+00	
   6.5000000000000002e-01	   5.1018505663787805e-01	   1.0000000000000000e+00	
   6.6000000000000003e-01	   4.9888816290675742e-01	   1.0000000000000000e+00	
   6.7000000000000004e-01	   4.8649801873674092e-01	   1.0000000000000000e+00	
   6.7999999999999994e-01	   4.7310002396699313e-01	   1.0000000000000000e+00	
   6.8999999999999995e-01	   4.5877883872213010e-01	   1.0000000000000000e+00	
   6.9999999999999996e-01	   4.4707129461335882e-01	   1.0000000000000000e+00	
   7.0999999999999996e-01	   4.3713507145513653e-01	   1.0000000000000000e+00	
   7.1999999999999997e-01	   4.2617811710997611e-01	   1.0000000000000000e+00	
   7.2999999999999998e-01	   4.1427677585394185e-01	   1.0000000000000000e+00	
   7.3999999999999999e-01	   4.0150734811026001e-01	   1.0000000000000000e+00	
   7.5000000000000000e-01	   3.8794583098391122e-01	   1.0000000000000000e+00	
   7.6000000000000001e-01	   3.7898391683924815e-01	   1.0000000000000000e+00	
   7.7000000000000002e-01	   3.6909324987153003e-01	   1.0000000000000000e+00	
   7.8000000000000003e-01	   3.5833390249612984e-01	   1.0000000000000000e+00	
   7.9000000000000004e-01	   3.4677617766023427e-01	   1.0000000000000000e+00	
   8.0000000000000004e-01	   3.3449073726978074e-01	   1.0000000000000000e+00	
   8.1000000000000005e-01	   3.2361103370481525e-01	   1.0000000000000000e+00	
   8.2000000000000006e-01	   3.1454369205941446e-01	   1.0000000000000000e+00	
   8.3000000000000007e-01	   3.0469261437807615e-01	   1.0000000000000000e+00	
   8.4000000000000008e-01	   2.9412367395447281e-01	   1.0000000000000000e+00	
   8.5000000000000009e-01	   2.8290351865885910e-01	   1.0000000000000000e+00	
   8.5999999999999999e-01	   2.7109948880695711e-01	   1.0000000000000000e+00	
   8.7000000000000000e-01	   2.6225398629531904e-01	   1.0000000000000000e+00	
   8.8000000000000000e-01	   2.5316504612100288e-01	   1.0000000000000000e+00	
   8.9000000000000001e-01	   2.4344548580235736e-01	   1.0000000000000000e+00	
   9.0000000000000002e-01	   2.3315856118090661e-01	   1.0000000000000000e+00	
   9.1000000000000003e-01	   2.2236839862241009e-01	   1.0000000000000000e+00	
   9.1999999999999993e-01	   2.1225255619670724e-01	   1.0000000000000000e+00	
   9.2999999999999994e-01	   2.0383656358262559e-01	   1.0000000000000000e+00	
   9.3999999999999995e-01	   1.9488014688883726e-01	   1.0000000000000000e+00	
   9.4999999999999996e-01	   1.8544303540514218e-01	   1.0000000000000000e+00	
   9.5999999999999996e-01	   1.7558556134363190e-01	   1.0000000000000000e+00	
   9.6999999999999997e-01	   1.6536848252098935e-01	   1.0000000000000000e+00	
   9.7999999999999998e-01	   1.5694406580577902e-01	   1.0000000000000000e+00	
   9.8999999999999999e-01	   1.4868740225739763e-01	   1.0000000000000000e+00	
   1.0000000000000000e+00	   1.4003345259993738e-01	   1.0000000000000000e+00	
   1.0100000000000000e+00	   1.3103802549437371e-01	   1.0000000000000000e+00	
   1.0200000000000000e+00	   1.2175718910078004e-01	   1.0000000000000000e+00	
   1.0300000000000000e+00	   1.1273186207524755e-01	   1.0000000000000000e+00	
   1.0400000000000000e+00	   1.0511314086798906e-01	   1.0000000000000000e+00	
   1.0500000000000000e+00	   9.7176031145711050e-02	   1.0000000000000000e+00	
   1.0600000000000001e+00	   8.8971784922514896e-02	   1.0000000000000000e+00	
   1.0700000000000001e+00	   8.0551791834240216e-02	   1.0000000000000000e+00	
   1.0800000000000001e+00	   7.1967452781916519e-02	   1.0000000000000000e+00	
   1.0899999999999999e+00	   6.4350720757211377e-02	   1.0000000000000000e+00	
   1.1000000000000001e+00	   5.7066149483138817e-02	   1.0000000000000000e+00	
   1.1099999999999999e+00	   4.9584339586415505e-02	   1.0000000000000000e+00	
   1.1200000000000001e+00	   4.1952077789835673e-02	   1.0000000000000000e+00	
   1.1299999999999999e+00	   3.4216096108145022e-02	   1.0000000000000000e+00	
   1.1400000000000001e+00	   2.6547844732234926e-02	   1.0000000000000000e+00	
   1.1499999999999999e+00	   1.9855547937327689e-02	   1.0000000000000000e+00	
   1.1600000000000001e+00	   1.3031618952280555e-02	   1.0000000000000000e+00	
   1.1699999999999999e+00	   6.3889206232239371e-03	   1.0000000000000000e+00	
   1.1800000000000002e+00	   6.4827237941340599e-03	   1.0000000000000000e+00	
   1.1899999999999999e+00	   6.5312920264923857e-03	   1.0000000000000000e+00	
   1.2000000000000002e+00	   6.6305712608443201e-03	   1.0000000000000000e+00	
   1.2100000000000000e+00	   6.7380514289412385e-03	   1.0000000000000000e+00	
   1.2200000000000000e+00	   6.8045932113187657e-03	   1.0000000000000000e+00	
   1.2300000000000000e+00	   6.8305461415201219e-03	   1.0000000000000000e+00	
   1.2400000000000000e+00	   6.8166411994441400e-03	   1.0000000000000000e+00	
   1.2500000000000000e+00	   6.7783314979397158e-03	   1.0000000000000000e+00	
   1.2600000000000000e+00	   6.8369207394156639e-03	   1.0000000000000000e+00	
   1.2700000000000000e+00	   6.8586517294815241e-03	   1.0000000000000000e+00	
   1.2800000000000000e+00	   6.8442480343609002e-03	   1.0000000000000000e+00	
   1.2900000000000000e+00	   6.7947182983005838e-03	   1.0000000000000000e+00	
   1.3000000000000000e+00	   6.7113245474914596e-03	   1.0000000000000000e+00	
   1.3100000000000001e+00	   6.6729683357660274e-03	   1.0000000000000000e+00	
   1.3200000000000001e+00	   6.6703018230471756e-03	   1.0000000000000000e+00	
   1.3300000000000001e+00	   6.6354938685537768e-03	   1.0000000000000000e+00	
   1.3399999999999999e+00	   6.5696757210573775e-03	   1.0000000000000000e+00	
   1.3500000000000001e+00	   6.4741618292900593e-03	   1.0000000000000000e+00	
   1.3599999999999999e+00	   6.3504241598482114e-03	   1.0000000000000000e+00	
   1.3700000000000001e+00	   6.3321974271468573e-03	   1.0000000000000000e+00	
   1.3799999999999999e+00	   6.2909227379659427e-03	   1.0000000000000000e+00	
   1.3900000000000001e+00	   6.2221614050146368e-03	   1.0000000000000000e+00	
   1.3999999999999999e+00	   6.1271831925193698e-03	   1.0000000000000000e+00	
   1.4100000000000001e+00	   6.0073676828091838e-03	   1.0000000000000000e+00	
   1.4199999999999999e+00	   5.9134708348376197e-03	   1.0000000000000000e+00	
   1.4300000000000002e+00	   5.8748825449652653e-03	   1.0000000000000000e+00	
   1.4399999999999999e+00	   5.8117606645475828e-03	   1.0000000000000000e+00	
   1.4500000000000002e+00	   5.7252646841474686e-03	   1.0000000000000000e+00	
   1.4600000000000000e+00	   5.6166305898361912e-03	   1.0000000000000000e+00	
   1.4700000000000000e+00	   5.4871558341715865e-03	   1.0000000000000000e+00	
   1.4800000000000000e+00	   5.4321402598853652e-03	   1.0000000000000000e+00	
   1.4900000000000000e+00	   5.3794488930862805e-03	   1.0000000000000000e+00	
   1.5100000000000000e+00	   5.2117872525321296e-03	   1.0000000000000000e+00	
   1.5200000000000000e+00	   5.0989849234017726e-03	   1.0000000000000000e+00	
   1.5300000000000000e+00	   4.9905177396483147e-03	   1.0000000000000000e+00	
   1.5400000000000000e+00	   4.9500229707990506e-03	   1.0000000000000000e+00	
   1.5500000000000000e+00	   4.8901277577109159e-03	   1.0000000000000000e+00	
   1.5600000000000001e+00	   4.8117214076273118e-03	   1.0000000000000000e+00	
   1.5700000000000001e+00	   4.7157319213495530e-03	   1.0000000000000000e+00	
   1.5800000000000001e+00	   4.6031204504892731e-03	   1.0000000000000000e+00	
   1.5900000000000001e+00	   4.5344339415032131e-03	   1.0000000000000000e+00	
   1.6000000000000001e+00	   4.4683725299050625e-03	   2.0000000000000000e+00	
   1.6100000000000001e+00	   4.1660398816361077e-03	   2.0000000000000000e+00	
   1.6200000000000001e+00	   3.8641218821482415e-03	   2.0000000000000000e+00	
   1.6300000000000001e+00	   3.5653581907335585e-03	   2.0000000000000000e+00	
   1.6400000000000001e+00	   3.2811368284040299e-03	   2.0000000000000000e+00	
   1.6500000000000001e+00	   3.0622250162890552e-03	   2.0000000000000000e+00	
   1.6599999999999999e+00	   2.8424335745491636e-03	   2.0000000000000000e+00	
   1.6699999999999999e+00	   2.6240388346456811e-03	   2.0000000000000000e+00	
   1.6799999999999999e+00	   2.4090593813157479e-03	   2.0000000000000000e+00	
   1.6899999999999999e+00	   2.1992610408583246e-03	   2.0000000000000000e+00	
   1.7000000000000000e+00	   2.0221147763559433e-03	   2.0000000000000000e+00	
   1.7100000000000000e+00	   1.8657312731400477e-03	   2.0000000000000000e+00	
   1.7200000000000000e+00	   1.7113376596518126e-03	   2.0000000000000000e+00	
   1.7300000000000000e+00	   1.5603752939286064e-03	   2.0000000000000000e+00	
   1.7400000000000000e+00	   1.4140822630814842e-03	   2.0000000000000000e+00	
   1.7500000000000000e+00	   1.2748342909096877e-03	   2.0000000000000000e+00	
   1.7600000000000000e+00	   1.1664560533650725e-03	   2.0000000000000000e+00	
   1.7700000000000000e+00	   1.0603360818615126e-03	   2.0000000000000000e+00	
   1.7800000000000000e+00	   9.5746201308188894e-04	   2.0000000000000000e+00	
   1.7900000000000000e+00	   8.5866120266020474e-04	   2.0000000000000000e+00	
   1.8000000000000000e+00	   7.6460856420590417e-04	   2.0000000000000000e+00	
   1.8100000000000001e+00	   6.8389394965007178e-04	   2.0000000000000000e+00	
   1.8200000000000001e+00	   6.1346763900749224e-04	   2.0000000000000000e+00	
   1.8300000000000001e+00	   5.4594692059839467e-04	   2.0000000000000000e+00	
   1.8400000000000001e+00	   4.8184782415661154e-04	   2.0000000000000000e+00	
   1.8500000000000001e+00	   4.2157096769779301e-04	   2.0000000000000000e+00	
   1.8600000000000001e+00	   3.6572234726683917e-04	   2.0000000000000000e+00	
   1.8700000000000001e+00	   3.2099697773002589e-04	   2.0000000000000000e+00	
   1.8800000000000001e+00	   2.7872855064559054e-04	   2.0000000000000000e+00	
   1.8900000000000001e+00	   2.3920547592459762e-04	   2.0000000000000000e+00	
   1.9000000000000001e+00	   2.0263219284477607e-04	   2.0000000000000000e+00	
   1.9099999999999999e+00	   1.6913693956976950e-04	   2.0000000000000000e+00	
   1.9199999999999999e+00	   1.4066444125049316e-04	   2.0000000000000000e+00	
   1.9299999999999999e+00	   1.1570023734353008e-04	   2.0000000000000000e+00	
   1.9399999999999999e+00	   9.2811535701065040e-05	   2.0000000000000000e+00	
   1.9500000000000000e+00	   7.2071321901345797e-05	   2.0000000000000000e+00	
   1.9600000000000000e+00	   5.3501971422953432e-05	   2.0000000000000000e+00	
   1.9700000000000000e+00	   3.7268984510951952e-05	   2.0000000000000000e+00	
   1.9800000000000000e+00	   2.3406250794666406e-05	   2.0000000000000000e+00	
   1.9900000000000000e+00	   1.0985115403094881e-05	   2.0000000000000000e+00	
   2.0000000000000000e+00	   2.2204460492503131e-16	   2.0000000000000000e+00	
   2.0099999999999998e+00	   1.0055881659143395e-05	   2.0000000000000000e+00	
   2.0200000000000000e+00	   4.6039792058749640e-06	   3.0000000000000000e+00	
   2.0300000000000002e+00	   6.3445700511088887e-06	   3.0000000000000000e+00	
   2.0400000000000000e+00	   7.8239094249976660e-06	   3.0000000000000000e+00	
   2.0499999999999998e+00	   8.9888729868370376e-06	   3.0000000000000000e+00	
   2.0600000000000001e+00	   9.8507819643600669e-06	   3.0000000000000000e+00	
   2.0700000000000003e+00	   1.0425842670080954e-05	   3.0000000000000000e+00	
   2.0800000000000001e+00	   1.0734261349787388e-05	   3.0000000000000000e+00	
   2.0899999999999999e+00	   1.1035738287645813e-05	   3.0000000000000000e+00	
   2.1000000000000001e+00	   1.1131748155035481e-05	   3.0000000000000000e+00	
   2.1100000000000003e+00	   1.1027836375188116e-05	   3.0000000000000000e+00	
   2.1200000000000001e+00	   1.0742906370708738e-05	   3.0000000000000000e+00	
   2.1299999999999999e+00	   1.0297938628944792e-05	   3.0000000000000000e+00	
   2.1400000000000001e+00	   9.8382517199624431e-06	   3.0000000000000000e+00	
   2.1500000000000004e+00	   9.3473489823914235e-06	   3.0000000000000000e+00	
   2.1600000000000001e+00	   8.7361562837173778e-06	   3.0000000000000000e+00	
   2.1699999999999999e+00	   8.0236735215954980e-06	   3.0000000000000000e+00	
   2.1799999999999997e+00	   7.2296561914875213e-06	   3.0000000000000000e+00	
   2.1899999999999999e+00	   6.4219933897380344e-06	   3.0000000000000000e+00	
   2.2000000000000002e+00	   5.6576613942649345e-06	   3.0000000000000000e+00	
   2.2100000000000000e+00	   4.8335705324920042e-06	   3.0000000000000000e+00	
   2.2199999999999998e+00	   3.9671944069841203e-06	   3.0000000000000000e+00	
   2.2300000000000000e+00	   3.0758941311770371e-06	   3.0000000000000000e+00	
   2.2400000000000002e+00	   2.2397180188260535e-06	   3.0000000000000000e+00	
   2.2500000000000000e+00	   1.3964685938727683e-06	   3.0000000000000000e+00	
   2.2599999999999998e+00	   5.9387353013029553e-07	   3.0000000000000000e+00	
   2.2700000000000000e+00	   4.5439413498549186e-07	   3.0000000000000000e+00	
   2.2800000000000002e+00	   1.1908064525556483e-06	   3.0000000000000000e+00	
   2.2900000000000000e+00	   1.9771156134495982e-06	   3.0000000000000000e+00	
   2.2999999999999998e+00	   2.7511448776884606e-06	   3.0000000000000000e+00	
   2.3100000000000001e+00	   3.4730471316635203e-06	   3.0000000000000000e+00	
   2.3200000000000003e+00	   4.1714232763556680e-06	   3.0000000000000000e+00	
   2.3300000000000001e+00	   4.8922858948419190e-06	   3.0000000000000000e+00	
   2.3399999999999999e+00	   5.5617268979180068e-06	   3.0000000000000000e+00	
   2.3500000000000001e+00	   6.1706624190360770e-06	   3.0000000000000000e+00	
   2.3600000000000003e+00	   6.7112371615607458e-06	   3.0000000000000000e+00	
   2.3700000000000001e+00	   7.2454618087469669e-06	   3.0000000000000000e+00	
   2.3799999999999999e+00	   7.8165167280985770e-06	   3.0000000000000000e+00	
   2.3900000000000001e+00	   8.3226799769686721e-06	   3.0000000000000000e+00	
   2.4000000000000004e+00	   8.7578938561261310e-06	   3.0000000000000000e+00	
   2.4100000000000001e+00	   9.1172834817410120e-06	   3.0000000000000000e+00	
   2.4199999999999999e+00	   9.4191307500324228e-06	   3.0000000000000000e+00	
   2.4299999999999997e+00	   9.8407764426156064e-06	   3.0000000000000000e+00	
   2.4399999999999999e+00	   1.0191153818173149e-05	   3.0000000000000000e+00	
   2.4500000000000002e+00	   1.0466740766323923e-05	   3.0000000000000000e+00	
   2.4600000000000000e+00	   1.0665087223804548e-05	   3.0000000000000000e+00	
   2.4699999999999998e+00	   1.0784791595996879e-05	   3.0000000000000000e+00	
   2.4800000000000000e+00	   1.1001465793913923e-05	   3.0000000000000000e+00	
   2.4900000000000002e+00	   1.1216731246266320e-05	   3.0000000000000000e+00	
   2.5100000000000002e+00	   1.1424360262690669e-05	   3.0000000000000000e+00	
   2.5200000000000000e+00	   1.1416487901927397e-05	   3.0000000000000000e+00	
   2.5300000000000002e+00	   1.1409702818765410e-05	   3.0000000000000000e+00	
   2.5400000000000000e+00	   1.1515450445642728e-05	   3.0000000000000000e+00	
   2.5499999999999998e+00	   1.1550684229755248e-05	   3.0000000000000000e+00	
   2.5600000000000001e+00	   1.1516239034392584e-05	   3.0000000000000000e+00	
   2.5699999999999998e+00	   1.1413677641902709e-05	   3.0000000000000000e+00	
   2.5800000000000001e+00	   1.1245236905876865e-05	   3.0000000000000000e+00	
   2.5899999999999999e+00	   1.1231243346676578e-05	   3.0000000000000000e+00	
   2.6000000000000001e+00	   1.1187457076289320e-05	   3.0000000000000000e+00	
   2.6099999999999999e+00	   1.1080277956043716e-05	   3.0000000000000000e+00	
   2.6200000000000001e+00	   1.0912100511184519e-05	   3.0000000000000000e+00	
   2.6299999999999999e+00	   1.0685847161129303e-05	   3.0000000000000000e+00	
   2.6400000000000001e+00	   1.0508753487847855e-05	   3.0000000000000000e+00	
   2.6499999999999999e+00	   1.0408334277345332e-05	   3.0000000000000000e+00	
   2.6600000000000001e+00	   1.0251282365647540e-05	   3.0000000000000000e+00	
   2.6699999999999999e+00	   1.0040506707387209e-05	   3.0000000000000000e+00	
   2.6800000000000002e+00	   9.7793235389609379e-06	   3.0000000000000000e+00	
   2.6899999999999999e+00	   9.4756553004060606e-06	   3.0000000000000000e+00	
   2.7000000000000002e+00	   9.3350186423091230e-06	   3.0000000000000000e+00	
   2.7100000000000000e+00	   9.1444294259002135e-06	   3.0000000000000000e+00	
   2.7200000000000002e+00	   8.9070822095749236e-06	   3.0000000000000000e+00	
   2.7300000000000000e+00	   8.2051326717458295e-06	   4.0000000000000000e+00	
   2.7400000000000002e+00	   7.1755435442355520e-06	   4.0000000000000000e+00	
   2.7500000000000000e+00	   6.2330246215491769e-06	   4.0000000000000000e+00	
   2.7600000000000002e+00	   5.4840404306588653e-06	   4.0000000000000000e+00	
   2.7700000000000000e+00	   4.7835225507331103e-06	   4.0000000000000000e+00	
   2.7800000000000002e+00	   4.1348994612722123e-06	   4.0000000000000000e+00	
   2.7900000000000000e+00	   3.5402287381636199e-06	   4.0000000000000000e+00	
   2.8000000000000003e+00	   3.0003612569995397e-06	   4.0000000000000000e+00	
   2.8100000000000001e+00	   2.5476005929281342e-06	   4.0000000000000000e+00	
   2.8199999999999998e+00	   2.1589203973437776e-06	   4.0000000000000000e+00	
   2.8300000000000001e+00	   1.8065033928760243e-06	   4.0000000000000000e+00	
   2.8399999999999999e+00	   1.4907716845424801e-06	   4.0000000000000000e+00	
   2.8500000000000001e+00	   1.2113818890213679e-06	   4.0000000000000000e+00	
   2.8599999999999999e+00	   9.7168186630192110e-07	   4.0000000000000000e+00	
   2.8700000000000001e+00	   7.7875242743274953e-07	   4.0000000000000000e+00	
   2.8799999999999999e+00	   6.1002505735707757e-07	   4.0000000000000000e+00	
   2.8900000000000001e+00	   4.6501100348095292e-07	   4.0000000000000000e+00	
   2.8999999999999999e+00	   3.4277079996591908e-07	   4.0000000000000000e+00	
   2.9100000000000001e+00	   2.4349872274065376e-07	   4.0000000000000000e+00	
   2.9199999999999999e+00	   1.6698454952113195e-07	   4.0000000000000000e+00	
   2.9300000000000002e+00	   1.0555709994974904e-07	   4.0000000000000000e+00	
   2.9399999999999999e+00	   5.8313219364336533e-08	   4.0000000000000000e+00	
   2.9500000000000002e+00	   2.6065216873760733e-08	   4.0000000000000000e+00	
   2.9600000000000000e+00	   7.8470305808764351e-09	   4.0000000000000000e+00	
   2.9700000000000002e+00	   1.1268745270243130e-08	   4.0000000000000000e+00	
   2.9800000000000000e+00	   1.3808903576162379e-08	   4.0000000000000000e+00	
   2.9900000000000002e+00	   9.8153911665121996e-09	   4.0000000000000000e+00	
   3.0000000000000000e+00	   2.2204460492503131e-16	   1.0000000000000000e+00	
   3.0100000000000002e+00	   6.5129546200637378e-09	   5.0000000000000000e+00	
   3.0200000000000000e+00	   1.1346690476088384e-08	   5.0000000000000000e+00	
   3.0300000000000002e+00	   1.4867166608922844e-08	   5.0000000000000000e+00	
   3.0400000000000000e+00	   1.7310718858354335e-08	   5.0000000000000000e+00	
   3.0500000000000003e+00	   1.8677764002106301e-08	   5.0000000000000000e+00	
   3.0600000000000001e+00	   1.9097007974977487e-08	   5.0000000000000000e+00	
   3.0699999999999998e+00	   1.8703830484412265e-08	   5.0000000000000000e+00	
   3.0800000000000001e+00	   1.7771605742566976e-08	   5.0000000000000000e+00	
   3.0899999999999999e+00	   1.6561747084864464e-08	   5.0000000000000000e+00	
   3.1000000000000001e+00	   1.4867226560966174e-08	   5.0000000000000000e+00	
   3.1099999999999999e+00	   1.2791330883388241e-08	   5.0000000000000000e+00	
   3.1200000000000001e+00	   1.0435986519397034e-08	   5.0000000000000000e+00	
   3.1299999999999999e+00	   8.1128250783990552e-09	   5.0000000000000000e+00	
   3.1400000000000001e+00	   5.6727464947670114e-09	   5.0000000000000000e+00	
   3.1499999999999999e+00	   3.2095841540069614e-09	   5.0000000000000000e+00	
   3.1600000000000001e+00	   1.2628040835238608e-09	   5.0000000000000000e+00	
   3.1699999999999999e+00	   2.3409307825517089e-09	   5.0000000000000000e+00	
   3.1800000000000002e+00	   4.5714612095792972e-09	   5.0000000000000000e+00	
   3.1899999999999999e+00	   6.8950103404574747e-09	   5.0000000000000000e+00	
   3.2000000000000002e+00	   9.0439951083709502e-09	   5.0000000000000000e+00	
   3.2100000000000000e+00	   1.0960851337671329e-08	   5.0000000000000000e+00	
   3.2200000000000002e+00	   1.2894329604051791e-08	   5.0000000000000000e+00	
   3.2300000000000000e+00	   1.4678664728151603e-08	   5.0000000000000000e+00	
   3.2400000000000002e+00	   1.6219471543621466e-08	   5.0000000000000000e+00	
   3.2500000000000000e+00	   1.7496293081009640e-08	   5.0000000000000000e+00	
   3.2600000000000002e+00	   1.8495870612866838e-08	   5.0000000000000000e+00	
   3.2700000000000000e+00	   1.9648310978226391e-08	   5.0000000000000000e+00	
   3.2800000000000002e+00	   2.0571729875129563e-08	   5.0000000000000000e+00	
   3.2900000000000000e+00	   2.1235585290213521e-08	   5.0000000000000000e+00	
   3.3000000000000003e+00	   2.1638251412881004e-08	   5.0000000000000000e+00	
   3.3100000000000001e+00	   2.1783561510169136e-08	   5.0000000000000000e+00	
   3.3199999999999998e+00	   2.2006795052931238e-08	   5.0000000000000000e+00	
   3.3300000000000001e+00	   2.2166293467407172e-08	   5.0000000000000000e+00	
   3.3399999999999999e+00	   2.2095590801463061e-08	   5.0000000000000000e+00	
   3.3500000000000001e+00	   2.1804923200363646e-08	   5.0000000000000000e+00	
   3.3599999999999999e+00	   2.1308214304127659e-08	   5.0000000000000000e+00	
   3.3700000000000001e+00	   2.0738182504587144e-08	   5.0000000000000000e+00	
   3.3799999999999999e+00	   2.0336256900677085e-08	   5.0000000000000000e+00	
   3.3900000000000001e+00	   1.9754544888783698e-08	   5.0000000000000000e+00	
   3.3999999999999999e+00	   1.9009648966061832e-08	   5.0000000000000000e+00	
   3.4100000000000001e+00	   1.8120271505495111e-08	   5.0000000000000000e+00	
   3.4199999999999999e+00	   1.7106709826464339e-08	   5.0000000000000000e+00	
   3.4300000000000002e+00	   1.6301447525179924e-08	   5.0000000000000000e+00	
   3.4399999999999999e+00	   1.5435179800959986e-08	   5.0000000000000000e+00	
   3.4500000000000002e+00	   1.4463990449797848e-08	   5.0000000000000000e+00	
   3.4600000000000000e+00	   1.3407562837741693e-08	   5.0000000000000000e+00	
   3.4700000000000002e+00	   1.2285970907299770e-08	   5.0000000000000000e+00	
   3.4800000000000000e+00	   1.1263670884886778e-08	   5.0000000000000000e+00	
   3.4900000000000002e+00	   1.0302808828299703e-08	   5.0000000000000000e+00	
   3.5100000000000002e+00	   8.2397888512275586e-09	   5.0000000000000000e+00	
   3.5200000000000000e+00	   7.1734720386018580e-09	   5.0000000000000000e+00	
   3.5300000000000002e+00	   6.2098248765352082e-09	   5.0000000000000000e+00	
   3.5400000000000000e+00	   5.2930040350673835e-09	   5.0000000000000000e+00	
   3.5500000000000003e+00	   4.3644807767861948e-09	   5.0000000000000000e+00	
   3.5600000000000001e+00	   3.4394134207360594e-09	   5.0000000000000000e+00	
   3.5700000000000003e+00	   2.6226931737483028e-09	   5.0000000000000000e+00	
   3.5800000000000001e+00	   1.8312187322067075e-09	   5.0000000000000000e+00	
   3.5899999999999999e+00	   1.1440841607424090e-09	   5.0000000000000000e+00	
   3.6000000000000001e+00	   7.0220829151423914e-10	   5.0000000000000000e+00	
   3.6099999999999999e+00	   8.6266238596977018e-10	   5.0000000000000000e+00	
   3.6200000000000001e+00	   1.3500633944119045e-09	   5.0000000000000000e+00	
   3.6299999999999999e+00	   1.9122836647511576e-09	   5.0000000000000000e+00	
   3.6400000000000001e+00	   2.4125705877509063e-09	   5.0000000000000000e+00	
   3.6499999999999999e+00	   2.9264697332109790e-09	   5.0000000000000000e+00	
   3.6600000000000001e+00	   3.3881679684100163e-09	   5.0000000000000000e+00	
   3.6699999999999999e+00	   3.7792458051910671e-09	   5.0000000000000000e+00	
   3.6800000000000002e+00	   4.0978624937793029e-09	   5.0000000000000000e+00	
   3.6899999999999999e+00	   4.4525538811512888e-09	   5.0000000000000000e+00	
   3.7000000000000002e+00	   4.7477284326191693e-09	   5.0000000000000000e+00	
   3.7100000000000000e+00	   4.9777830746222662e-09	   5.0000000000000000e+00	
   3.7200000000000002e+00	   5.1425117497672090e-09	   5.0000000000000000e+00	
   3.7300000000000000e+00	   5.2428181795960427e-09	   5.0000000000000000e+00	
   3.7400000000000002e+00	   5.3833995039553884e-09	   5.0000000000000000e+00	
   3.7500000000000000e+00	   5.4826865270030112e-09	   5.0000000000000000e+00	
   3.7600000000000002e+00	   5.5244155916511772e-09	   5.0000000000000000e+00	
   3.7700000000000000e+00	   5.5104871776734399e-09	   5.0000000000000000e+00	
   3.7800000000000002e+00	   5.4436124496959337e-09	   5.0000000000000000e+00	
   3.7900000000000000e+00	   5.3541240330190476e-09	   5.0000000000000000e+00	
   3.8000000000000003e+00	   5.3029434177176427e-09	   5.0000000000000000e+00	
   3.8100000000000001e+00	   5.2043802600820754e-09	   5.0000000000000000e+00	
   3.8200000000000003e+00	   5.0616015823123917e-09	   5.0000000000000000e+00	
   3.8300000000000001e+00	   4.8783062034374325e-09	   5.0000000000000000e+00	
   3.8399999999999999e+00	   4.6586281499116922e-09	   5.0000000000000000e+00	
   3.8500000000000001e+00	   4.4222534523186141e-09	   6.0000000000000000e+00	
   3.8599999999999999e+00	   3.4604135112914491e-09	   6.0000000000000000e+00	
   3.8700000000000001e+00	   2.7055513385221275e-09	   6.0000000000000000e+00	
   3.8799999999999999e+00	   2.0674957301736185e-09	   6.0000000000000000e+00	
   3.8900000000000001e+00	   1.5378249784703257e-09	   6.0000000000000000e+00	
   3.8999999999999999e+00	   1.1068963523541697e-09	   6.0000000000000000e+00	
   3.9100000000000001e+00	   7.7077588755969373e-10	   6.0000000000000000e+00	
   3.9199999999999999e+00	   5.1942006251692874e-10	   6.0000000000000000e+00	
   3.9300000000000002e+00	   3.2534552829588392e-10	   6.0000000000000000e+00	
   3.9399999999999999e+00	   1.8181767202918309e-10	   6.0000000000000000e+00	
   3.9500000000000002e+00	   8.8734131153955786e-11	   6.0000000000000000e+00	
   3.9600000000000000e+00	   3.3408165123205436e-11	   6.0000000000000000e+00	
   3.9700000000000002e+00	   2.3268276194698956e-11	   6.0000000000000000e+00	
   3.9800000000000000e+00	   2.7151503267930366e-11	   6.0000000000000000e+00	
   3.9900000000000002e+00	   1.9027446285235783e-11	   6.0000000000000000e+00	
   4.0000000000000000e+00	   2.2204460492503131e-16	   1.0000000000000000e+00	
   4.0099999999999998e+00	   1.6532997193507981e-11	   7.0000000000000000e+00	
   4.0199999999999996e+00	   2.7751578812740263e-11	   7.0000000000000000e+00	
   4.0300000000000002e+00	   3.5057956537798418e-11	   7.0000000000000000e+00	
   4.0400000000000000e+00	   3.9092618031588700e-11	   7.0000000000000000e+00	
   4.0500000000000007e+00	   4.0207170926009894e-11	   7.0000000000000000e+00	
   4.0600000000000005e+00	   3.8947622904572654e-11	   7.0000000000000000e+00	
   4.0700000000000003e+00	   3.5839109457924678e-11	   7.0000000000000000e+00	
   4.0800000000000001e+00	   3.2079672251938973e-11	   7.0000000000000000e+00	
   4.0899999999999999e+00	   2.7418955994562566e-11	   7.0000000000000000e+00	
   4.0999999999999996e+00	   2.1999513322157327e-11	   7.0000000000000000e+00	
   4.1099999999999994e+00	   1.6300516492151473e-11	   7.0000000000000000e+00	
   4.1200000000000001e+00	   1.0963341345870958e-11	   7.0000000000000000e+00	
   4.1299999999999999e+00	   6.0320637373934005e-12	   7.0000000000000000e+00	
   4.1400000000000006e+00	   3.9381831129503553e-12	   7.0000000000000000e+00	
   4.1500000000000004e+00	   6.9209082909083008e-12	   7.0000000000000000e+00	
   4.1600000000000001e+00	   1.0891176849270323e-11	   7.0000000000000000e+00	
   4.1699999999999999e+00	   1.4662049352409667e-11	   7.0000000000000000e+00	
   4.1799999999999997e+00	   1.7751577985336553e-11	   7.0000000000000000e+00	
   4.1899999999999995e+00	   2.0667467737212064e-11	   7.0000000000000000e+00	
   4.2000000000000002e+00	   2.2861268433871373e-11	   7.0000000000000000e+00	
   4.2100000000000000e+00	   2.4327317937888893e-11	   7.0000000000000000e+00	
   4.2200000000000006e+00	   2.5085489241405412e-11	   7.0000000000000000e+00	
   4.2300000000000004e+00	   2.5593083208264034e-11	   7.0000000000000000e+00	
   4.2400000000000002e+00	   2.5633273281755464e-11	   7.0000000000000000e+00	
   4.2500000000000000e+00	   2.5075941323393636e-11	   7.0000000000000000e+00	
   4.2599999999999998e+00	   2.3976820529014731e-11	   7.0000000000000000e+00	
   4.2699999999999996e+00	   2.2404633703843047e-11	   7.0000000000000000e+00	
   4.2799999999999994e+00	   2.0436430325787569e-11	   7.0000000000000000e+00	
   4.2900000000000000e+00	   1.8303580873180181e-11	   7.0000000000000000e+00	
   4.2999999999999998e+00	   1.5972889677584590e-11	   7.0000000000000000e+00	
   4.3100000000000005e+00	   1.3374634733054336e-11	   7.0000000000000000e+00	
   4.3200000000000003e+00	   1.0587752896640268e-11	   7.0000000000000000e+00	
   4.3300000000000001e+00	   7.6940676052572599e-12	   7.0000000000000000e+00	
   4.3399999999999999e+00	   5.1185722327318217e-12	   7.0000000000000000e+00	
   4.3499999999999996e+00	   3.3897329387855279e-12	   7.0000000000000000e+00	
   4.3599999999999994e+00	   4.2381653742040726e-12	   7.0000000000000000e+00	
   4.3700000000000001e+00	   6.7612582199672033e-12	   7.0000000000000000e+00	
   4.3799999999999999e+00	   9.6419539019620970e-12	   7.0000000000000000e+00	
   4.3900000000000006e+00	   1.2604361998569402e-11	   7.0000000000000000e+00	
   4.4000000000000004e+00	   1.5586421042712573e-11	   7.0000000000000000e+00	
   4.4100000000000001e+00	   1.8526291611919987e-11	   7.0000000000000000e+00	
   4.4199999999999999e+00	   2.1366464153516063e-11	   7.0000000000000000e+00	
   4.4299999999999997e+00	   2.4052537739294166e-11	   7.0000000000000000e+00	
   4.4399999999999995e+00	   2.6536106645380642e-11	   7.0000000000000000e+00	
   4.4499999999999993e+00	   2.8772983995395407e-11	   7.0000000000000000e+00	
   4.4600000000000000e+00	   3.0727420607945533e-11	   7.0000000000000000e+00	
   4.4699999999999998e+00	   3.2469915645094716e-11	   7.0000000000000000e+00	
   4.4800000000000004e+00	   3.4438674134662506e-11	   7.0000000000000000e+00	
   4.4900000000000002e+00	   3.6122216329204093e-11	   7.0000000000000000e+00	
   4.5099999999999998e+00	   3.8547720571102673e-11	   7.0000000000000000e+00	
   4.5199999999999996e+00	   3.9263037265868661e-11	   7.0000000000000000e+00	
   4.5299999999999994e+00	   3.9640180027333827e-11	   7.0000000000000000e+00	
   4.5400000000000000e+00	   4.0421666014367474e-11	   7.0000000000000000e+00	
   4.5499999999999998e+00	   4.0952685687045687e-11	   7.0000000000000000e+00	
   4.5600000000000005e+00	   4.1167957931520505e-11	   7.0000000000000000e+00	
   4.5700000000000003e+00	   4.1073366929822441e-11	   7.0000000000000000e+00	
   4.5800000000000001e+00	   4.0678571622265736e-11	   7.0000000000000000e+00	
   4.5899999999999999e+00	   3.9999004108892677e-11	   7.0000000000000000e+00	
   4.5999999999999996e+00	   3.9679148855498170e-11	   7.0000000000000000e+00	
   4.6099999999999994e+00	   3.9251046857202709e-11	   7.0000000000000000e+00	
   4.6200000000000001e+00	   3.8565373117194213e-11	   7.0000000000000000e+00	
   4.6299999999999999e+00	   3.7641445516101157e-11	   7.0000000000000000e+00	
   4.6400000000000006e+00	   3.6501246469811122e-11	   7.0000000000000000e+00	
   4.6500000000000004e+00	   3.5169755996378171e-11	   7.0000000000000000e+00	
   4.6600000000000001e+00	   3.4027447526341348e-11	   7.0000000000000000e+00	
   4.6699999999999999e+00	   3.3001046340075391e-11	   7.0000000000000000e+00	
   4.6799999999999997e+00	   3.1805669209461485e-11	   7.0000000000000000e+00	
   4.6899999999999995e+00	   3.0465741041041383e-11	   7.0000000000000000e+00	
   4.6999999999999993e+00	   2.9005464696751915e-11	   7.0000000000000000e+00	
   4.7100000000000000e+00	   2.7450264283856995e-11	   7.0000000000000000e+00	
   4.7199999999999998e+00	   2.5825341865015616e-11	   7.0000000000000000e+00	
   4.7300000000000004e+00	   2.4550139698931162e-11	   7.0000000000000000e+00	
   4.7400000000000002e+00	   2.3228308165812450e-11	   7.0000000000000000e+00	
   4.7500000000000000e+00	   2.1846968678573830e-11	   7.0000000000000000e+00	
   4.7599999999999998e+00	   2.0428214675405343e-11	   7.0000000000000000e+00	
   4.7699999999999996e+00	   1.8991475059237928e-11	   7.0000000000000000e+00	
   4.7799999999999994e+00	   1.7556955889119763e-11	   7.0000000000000000e+00	
   4.7900000000000000e+00	   1.6140422332000526e-11	   7.0000000000000000e+00	
   4.7999999999999998e+00	   1.4808376747055263e-11	   7.0000000000000000e+00	
   4.8100000000000005e+00	   1.3648415730926899e-11	   7.0000000000000000e+00	
   4.8200000000000003e+00	   1.2505108060167913e-11	   7.0000000000000000e+00	
   4.8300000000000001e+00	   1.1390222098839331e-11	   7.0000000000000000e+00	
   4.8399999999999999e+00	   1.0314415987977554e-11	   7.0000000000000000e+00	
   4.8499999999999996e+00	   9.2865715117795844e-12	   7.0000000000000000e+00	
   4.8599999999999994e+00	   8.3135720529980972e-12	   7.0000000000000000e+00	
   4.8700000000000001e+00	   7.3989703253118932e-12	   7.0000000000000000e+00	
   4.8799999999999999e+00	   6.5458749531899230e-12	   7.0000000000000000e+00	
   4.8900000000000006e+00	   5.7551741150518865e-12	   7.0000000000000000e+00	
   4.9000000000000004e+00	   4.7082338028303639e-12	   8.0000000000000000e+00	
   4.9100000000000001e+00	   3.4476865806709611e-12	   8.0000000000000000e+00	
   4.9199999999999999e+00	   2.5248692026025310e-12	   8.0000000000000000e+00	
   4.9299999999999997e+00	   1.7996715229173788e-12	   8.0000000000000000e+00	
   4.9399999999999995e+00	   1.2418954753457001e-12	   8.0000000000000000e+00	
   4.9499999999999993e+00	   8.2445161808664125e-13	   8.0000000000000000e+00	
   4.9600000000000000e+00	   5.3512749786932545e-13	   8.0000000000000000e+00	
   4.9699999999999998e+00	   3.2640556923979602e-13	   8.0000000000000000e+00	
   4.9800000000000004e+00	   1.7674750552032492e-13	   8.0000000000000000e+00	
   4.9900000000000002e+00	   7.4162898044960457e-14	   8.0000000000000000e+00	
   5.0000000000000000e+00	   2.2204460492503131e-16	   1.0000000000000000e+00	
   5.0099999999999998e+00	   6.5725203057809267e-14	   8.0000000000000000e+00	
   5.0199999999999996e+00	   1.3311574065255627e-13	   8.0000000000000000e+00	
   5.0299999999999994e+00	   2.0194956817931597e-13	   8.0000000000000000e+00	
   5.0400000000000000e+00	   2.7378099787256360e-13	   8.0000000000000000e+00	
   5.0499999999999998e+00	   3.4827696282491161e-13	   8.0000000000000000e+00	
   5.0600000000000005e+00	   4.2388315080188477e-13	   8.0000000000000000e+00	
   5.0700000000000003e+00	   4.9937831647639541e-13	   8.0000000000000000e+00	
   5.0800000000000001e+00	   5.7354121452135587e-13	   8.0000000000000000e+00	
   5.0899999999999999e+00	   6.4548366651706601e-13	   8.0000000000000000e+00	
   5.0999999999999996e+00	   7.1409544943890069e-13	   8.0000000000000000e+00	
   5.1099999999999994e+00	   7.9403150721191196e-13	   8.0000000000000000e+00	
   5.1200000000000001e+00	   8.7130302972582285e-13	   8.0000000000000000e+00	
   5.1299999999999999e+00	   9.4491081625847073e-13	   8.0000000000000000e+00	
   5.1400000000000006e+00	   1.0145217999024680e-12	   8.0000000000000000e+00	
   5.1500000000000004e+00	   1.0789147353307271e-12	   8.0000000000000000e+00	
   5.1600000000000001e+00	   1.1368683772161603e-12	   8.0000000000000000e+00	
   5.1699999999999999e+00	   1.2057022047429200e-12	   8.0000000000000000e+00	
   5.1799999999999997e+00	   1.2750911437819923e-12	   8.0000000000000000e+00	
   5.1899999999999995e+00	   1.3382628338831637e-12	   8.0000000000000000e+00	
   5.1999999999999993e+00	   1.3944401189291966e-12	   8.0000000000000000e+00	
   5.2100000000000000e+00	   1.4424017535930034e-12	   8.0000000000000000e+00	
   5.2199999999999998e+00	   1.4827028493868966e-12	   8.0000000000000000e+00	
   5.2300000000000004e+00	   1.5336620862171912e-12	   8.0000000000000000e+00	
   5.2400000000000002e+00	   1.5876189252139739e-12	   8.0000000000000000e+00	
   5.2500000000000000e+00	   1.6333601138285303e-12	   8.0000000000000000e+00	
   5.2599999999999998e+00	   1.6704415628510105e-12	   8.0000000000000000e+00	
   5.2699999999999996e+00	   1.6984191830715645e-12	   8.0000000000000000e+00	
   5.2799999999999994e+00	   1.7172929744901921e-12	   8.0000000000000000e+00	
   5.2900000000000000e+00	   1.7468249069452213e-12	   8.0000000000000000e+00	
   5.2999999999999998e+00	   1.7821299991283013e-12	   8.0000000000000000e+00	
   5.3100000000000005e+00	   1.8081092179045299e-12	   8.0000000000000000e+00	
   5.3200000000000003e+00	   1.8249846078788323e-12	   8.0000000000000000e+00	
   5.3300000000000001e+00	   1.8323120798413584e-12	   8.0000000000000000e+00	
   5.3399999999999999e+00	   1.8300916337921080e-12	   8.0000000000000000e+00	
   5.3499999999999996e+00	   1.8378631949644841e-12	   8.0000000000000000e+00	
   5.3599999999999994e+00	   1.8542944957289365e-12	   8.0000000000000000e+00	
   5.3700000000000001e+00	   1.8611778784816124e-12	   8.0000000000000000e+00	
   5.3799999999999999e+00	   1.8589574324323621e-12	   8.0000000000000000e+00	
   5.3900000000000006e+00	   1.8480772467910356e-12	   8.0000000000000000e+00	
   5.4000000000000004e+00	   1.8287593661625579e-12	   8.0000000000000000e+00	
   5.4100000000000001e+00	   1.8154366898670560e-12	   8.0000000000000000e+00	
   5.4199999999999999e+00	   1.8149926006572059e-12	   8.0000000000000000e+00	
   5.4299999999999997e+00	   1.7361667659088198e-12	   7.0000000000000000e+00	
   5.4399999999999995e+00	   1.4818146709671964e-12	   7.0000000000000000e+00	
   5.4499999999999993e+00	   1.2382317393644371e-12	   7.0000000000000000e+00	
   5.4600000000000000e+00	   1.0347278589506459e-12	   7.0000000000000000e+00	
   5.4699999999999998e+00	   9.2470475721029288e-13	   7.0000000000000000e+00	
   5.4800000000000004e+00	   9.3791641120333225e-13	   7.0000000000000000e+00	
   5.4900000000000002e+00	   1.0758061108617767e-12	   7.0000000000000000e+00	
   5.5099999999999998e+00	   1.5842882561400984e-12	   7.0000000000000000e+00	
   5.5199999999999996e+00	   1.5709655798445965e-12	   8.0000000000000000e+00	
   5.5299999999999994e+00	   1.5278889264891404e-12	   8.0000000000000000e+00	
   5.5400000000000000e+00	   1.5007994846882866e-12	   8.0000000000000000e+00	
   5.5499999999999998e+00	   1.4750423105169830e-12	   8.0000000000000000e+00	
   5.5600000000000005e+00	   1.4444001550373287e-12	   8.0000000000000000e+00	
   5.5700000000000003e+00	   1.4090950628542487e-12	   8.0000000000000000e+00	
   5.5800000000000001e+00	   1.3693490785726681e-12	   8.0000000000000000e+00	
   5.5899999999999999e+00	   1.3260503806122870e-12	   8.0000000000000000e+00	
   5.5999999999999996e+00	   1.2808643035100431e-12	   8.0000000000000000e+00	
   5.6099999999999994e+00	   1.2538858840116518e-12	   8.0000000000000000e+00	
   5.6200000000000001e+00	   1.2229106616246099e-12	   8.0000000000000000e+00	
   5.6299999999999999e+00	   1.1882717032563050e-12	   8.0000000000000000e+00	
   5.6400000000000006e+00	   1.1513012765362873e-12	   8.0000000000000000e+00	
   5.6500000000000004e+00	   1.1117773368596318e-12	   8.0000000000000000e+00	
   5.6600000000000001e+00	   1.0700329511337259e-12	   8.0000000000000000e+00	
   5.6699999999999999e+00	   1.0262901639634947e-12	   8.0000000000000000e+00	
   5.6799999999999997e+00	   9.9742436532324064e-13	   8.0000000000000000e+00	
   5.6899999999999995e+00	   9.6700425444851135e-13	   8.0000000000000000e+00	
   5.6999999999999993e+00	   9.3425267522206923e-13	   8.0000000000000000e+00	
   5.7100000000000000e+00	   8.9983576145868938e-13	   8.0000000000000000e+00	
   5.7199999999999998e+00	   8.6375351315837179e-13	   8.0000000000000000e+00	
   5.7300000000000004e+00	   8.2711615334574162e-13	   8.0000000000000000e+00	
   5.7400000000000002e+00	   7.8914652590356127e-13	   8.0000000000000000e+00	
   5.7500000000000000e+00	   7.5539574595495651e-13	   8.0000000000000000e+00	
   5.7599999999999998e+00	   7.2741812573440257e-13	   8.0000000000000000e+00	
   5.7699999999999996e+00	   6.9788619327937340e-13	   8.0000000000000000e+00	
   5.7799999999999994e+00	   6.6768812700956914e-13	   8.0000000000000000e+00	
   5.7900000000000000e+00	   6.3615779311021470e-13	   8.0000000000000000e+00	
   5.7999999999999998e+00	   6.0418337000101019e-13	   8.0000000000000000e+00	
   5.8100000000000005e+00	   5.7120974616964304e-13	   8.0000000000000000e+00	
   5.8200000000000003e+00	   5.3801407773335086e-13	   8.0000000000000000e+00	
   5.8300000000000001e+00	   5.0826010067339666e-13	   8.0000000000000000e+00	
   5.8399999999999999e+00	   4.8161474808239291e-13	   8.0000000000000000e+00	
   5.8499999999999996e+00	   4.5341508325691393e-13	   8.0000000000000000e+00	
   5.8599999999999994e+00	   4.2477132922158489e-13	   8.0000000000000000e+00	
   5.8700000000000001e+00	   3.9523939676655573e-13	   8.0000000000000000e+00	
   5.8799999999999999e+00	   3.6504133049675147e-13	   8.0000000000000000e+00	
   5.8900000000000006e+00	   3.3428815271463463e-13	   8.0000000000000000e+00	
   5.9000000000000004e+00	   3.0320190802513025e-13	   8.0000000000000000e+00	
   5.9100000000000001e+00	   2.7444713168733870e-13	   8.0000000000000000e+00	
   5.9199999999999999e+00	   2.4646951146678475e-13	   8.0000000000000000e+00	
   5.9299999999999997e+00	   2.1715962361668062e-13	   8.0000000000000000e+00	
   5.9399999999999995e+00	   1.8762769116165146e-13	   8.0000000000000000e+00	
   5.9500000000000002e+00	   1.5698553568199713e-13	   8.0000000000000000e+00	
   5.9600000000000000e+00	   1.2589929099249275e-13	   8.0000000000000000e+00	
   5.9699999999999998e+00	   9.4591001698063337e-14	   8.0000000000000000e+00	
   5.9800000000000004e+00	   6.3060667798708891e-14	   8.0000000000000000e+00	
   5.9900000000000002e+00	   3.1974423109204508e-14	   8.0000000000000000e+00	
   6.0000000000000000e+00	   2.2204460492503131e-16	   1.0000000000000000e+00	
   6.0099999999999998e+00	   3.1752378504279477e-14	   8.0000000000000000e+00	
   6.0199999999999996e+00	   6.1950444774083735e-14	   8.0000000000000000e+00	
   6.0300000000000002e+00	   9.0039087297100195e-14	   8.0000000000000000e+00	
   6.0400000000000000e+00	   1.1635137298071641e-13	   8.0000000000000000e+00	
   6.0499999999999998e+00	   1.4299672557172016e-13	   8.0000000000000000e+00	
   6.0600000000000005e+00	   1.6853185513809876e-13	   8.0000000000000000e+00	
   6.0700000000000003e+00	   1.9184653865522705e-13	   8.0000000000000000e+00	
   6.0800000000000001e+00	   2.1360690993788012e-13	   8.0000000000000000e+00	
   6.0899999999999999e+00	   2.3248070135650778e-13	   8.0000000000000000e+00	
   6.0999999999999996e+00	   2.5213164889237305e-13	   8.0000000000000000e+00	
   6.1099999999999994e+00	   2.7200464103316335e-13	   8.0000000000000000e+00	
   6.1200000000000001e+00	   2.8999025403209089e-13	   8.0000000000000000e+00	
   6.1299999999999999e+00	   3.0542235407438056e-13	   8.0000000000000000e+00	
   6.1399999999999997e+00	   3.1830094116003238e-13	   8.0000000000000000e+00	
   6.1500000000000004e+00	   3.3184566206045929e-13	   8.0000000000000000e+00	
   6.1600000000000001e+00	   3.4772185131259903e-13	   8.0000000000000000e+00	
   6.1699999999999999e+00	   3.6071146070071336e-13	   8.0000000000000000e+00	
   6.1799999999999997e+00	   3.7114755713218983e-13	   8.0000000000000000e+00	
   6.1899999999999995e+00	   3.7836400679225335e-13	   8.0000000000000000e+00	
   6.2000000000000002e+00	   3.8924419243357988e-13	   8.0000000000000000e+00	
   6.2100000000000000e+00	   4.0101255649460654e-13	   8.0000000000000000e+00	
   6.2199999999999998e+00	   4.0989434069160779e-13	   8.0000000000000000e+00	
   6.2300000000000004e+00	   4.1544545581473358e-13	   8.0000000000000000e+00	
   6.2400000000000002e+00	   4.1933123640092163e-13	   8.0000000000000000e+00	
   6.2500000000000000e+00	   4.3054448894963571e-13	   8.0000000000000000e+00	
   6.2599999999999998e+00	   4.3876013933186186e-13	   8.0000000000000000e+00	
   6.2699999999999996e+00	   4.4375614294267507e-13	   8.0000000000000000e+00	
   6.2800000000000002e+00	   4.4519943287468777e-13	   8.0000000000000000e+00	
   6.2900000000000000e+00	   4.5419223937415154e-13	   8.0000000000000000e+00	
   6.2999999999999998e+00	   4.6251891205884021e-13	   8.0000000000000000e+00	
   6.3100000000000005e+00	   4.6718184876226587e-13	   8.0000000000000000e+00	
   6.3200000000000003e+00	   4.6818104948442851e-13	   8.0000000000000000e+00	
   6.3300000000000001e+00	   4.7650772216911719e-13	   8.0000000000000000e+00	
   6.3399999999999999e+00	   4.8516746176119341e-13	   8.0000000000000000e+00	
   6.3499999999999996e+00	   4.9027448767446913e-13	   8.0000000000000000e+00	
   6.3599999999999994e+00	   4.9116266609416925e-13	   8.0000000000000000e+00	
   6.3700000000000001e+00	   5.0104365101333315e-13	   8.0000000000000000e+00	
   6.3799999999999999e+00	   5.1059156902510949e-13	   8.0000000000000000e+00	
   6.3899999999999997e+00	   5.1647575105562282e-13	   8.0000000000000000e+00	
   6.4000000000000004e+00	   5.1780801868517301e-13	   8.0000000000000000e+00	
   6.4100000000000001e+00	   5.3035353886343728e-13	   8.0000000000000000e+00	
   6.4199999999999999e+00	   5.4112270220230130e-13	   8.0000000000000000e+00	
   6.4299999999999997e+00	   5.4756199574512721e-13	   8.0000000000000000e+00	
   6.4399999999999995e+00	   5.4967141949191500e-13	   8.0000000000000000e+00	
   6.4500000000000002e+00	   5.6554760874405474e-13	   8.0000000000000000e+00	
   6.4600000000000000e+00	   5.7731597280508140e-13	   8.0000000000000000e+00	
   6.4699999999999998e+00	   5.8486548937253247e-13	   8.0000000000000000e+00	
   6.4800000000000004e+00	   5.8830718074887045e-13	   8.0000000000000000e+00	
   6.4900000000000002e+00	   6.0529359302563535e-13	   8.0000000000000000e+00	
   6.5099999999999998e+00	   6.2672089740090087e-13	   8.0000000000000000e+00	
   6.5199999999999996e+00	   6.3060667798708891e-13	   8.0000000000000000e+00	
   6.5300000000000002e+00	   6.4726002335646626e-13	   8.0000000000000000e+00	
   6.5400000000000000e+00	   6.6102678886181820e-13	   8.0000000000000000e+00	
   6.5499999999999998e+00	   6.7024163996620700e-13	   8.0000000000000000e+00	
   6.5600000000000005e+00	   6.7479355436717015e-13	   8.0000000000000000e+00	
   6.5700000000000003e+00	   6.8722805224297190e-13	   8.0000000000000000e+00	
   6.5800000000000001e+00	   7.0143890695817390e-13	   8.0000000000000000e+00	
   6.5899999999999999e+00	   7.1098682496995025e-13	   8.0000000000000000e+00	
   6.5999999999999996e+00	   7.1587180627830094e-13	   8.0000000000000000e+00	
   6.6099999999999994e+00	   7.1986860916695150e-13	   8.0000000000000000e+00	
   6.6200000000000001e+00	   7.3441253078954105e-13	   8.0000000000000000e+00	
   6.6299999999999999e+00	   7.4396044880131740e-13	   8.0000000000000000e+00	
   6.6399999999999997e+00	   7.4873440780720557e-13	   8.0000000000000000e+00	
   6.6500000000000004e+00	   7.4806827399243048e-13	   8.0000000000000000e+00	
   6.6600000000000001e+00	   7.5384143372048129e-13	   8.0000000000000000e+00	
   6.6699999999999999e+00	   7.6305628482487009e-13	   8.0000000000000000e+00	
   6.6799999999999997e+00	   7.6683104310859562e-13	   8.0000000000000000e+00	
   6.6899999999999995e+00	   7.6538775317658292e-13	   8.0000000000000000e+00	
   6.7000000000000002e+00	   7.5905948193621953e-13	   8.0000000000000000e+00	
   6.7100000000000000e+00	   7.6239015101009500e-13	   8.0000000000000000e+00	
   6.7199999999999998e+00	   7.6472161936180783e-13	   8.0000000000000000e+00	
   6.7300000000000004e+00	   7.6183503949778242e-13	   8.0000000000000000e+00	
   6.7400000000000002e+00	   7.5384143372048129e-13	   8.0000000000000000e+00	
   6.7500000000000000e+00	   7.4085182433236696e-13	   8.0000000000000000e+00	
   6.7599999999999998e+00	   7.3741013295602897e-13	   8.0000000000000000e+00	
   6.7699999999999996e+00	   7.3219208474029074e-13	   8.0000000000000000e+00	
   6.7800000000000002e+00	   7.2175598830881427e-13	   8.0000000000000000e+00	
   6.7900000000000000e+00	   7.0610184366159956e-13	   8.0000000000000000e+00	
   6.7999999999999998e+00	   6.8589578461342171e-13	   8.0000000000000000e+00	
   6.8100000000000005e+00	   6.7257310831791983e-13	   8.0000000000000000e+00	
   6.8200000000000003e+00	   6.5836225360271783e-13	   8.0000000000000000e+00	
   6.8300000000000001e+00	   6.3926641757916514e-13	   8.0000000000000000e+00	
   6.8399999999999999e+00	   6.1572968945711182e-13	   8.0000000000000000e+00	
   6.8499999999999996e+00	   5.8764104693409536e-13	   8.0000000000000000e+00	
   6.8599999999999994e+00	   5.6232796197264179e-13	   8.0000000000000000e+00	
   6.8700000000000001e+00	   5.3868021154812595e-13	   8.0000000000000000e+00	
   6.8799999999999999e+00	   5.1036952442018446e-13	   8.0000000000000000e+00	
   6.8899999999999997e+00	   4.7795101210112989e-13	   8.0000000000000000e+00	
   6.9000000000000004e+00	   4.4142467459096224e-13	   8.0000000000000000e+00	
   6.9100000000000001e+00	   4.0434322556848201e-13	   8.0000000000000000e+00	
   6.9199999999999999e+00	   3.7014835641002719e-13	   8.0000000000000000e+00	
   6.9299999999999997e+00	   3.3217872896784684e-13	   8.0000000000000000e+00	
   6.9399999999999995e+00	   2.9021229863701592e-13	   8.0000000000000000e+00	
   6.9500000000000002e+00	   2.4547031074462211e-13	   8.0000000000000000e+00	
   6.9600000000000000e+00	   1.9850787680297799e-13	   8.0000000000000000e+00	
   6.9699999999999998e+00	   1.5321077739827160e-13	   8.0000000000000000e+00	
   6.9800000000000004e+00	   1.0436096431476471e-13	   8.0000000000000000e+00	
   6.9900000000000002e+00	   5.3290705182007514e-14	   8.0000000000000000e+00	
   7.0000000000000000e+00	   2.2204460492503131e-16	   1.0000000000000000e+00	
   7.0099999999999998e+00	   5.2624571367232420e-14	   8.0000000000000000e+00	
   7.0199999999999996e+00	   1.0302869668521453e-13	   8.0000000000000000e+00	
   7.0300000000000002e+00	   1.5254464358349651e-13	   8.0000000000000000e+00	
   7.0400000000000000e+00	   2.0006218903745321e-13	   8.0000000000000000e+00	
   7.0499999999999998e+00	   2.4502622153477205e-13	   8.0000000000000000e+00	
   7.0599999999999996e+00	   2.8643754035329039e-13	   8.0000000000000000e+00	
   7.0700000000000003e+00	   3.2485125700532080e-13	   8.0000000000000000e+00	
   7.0800000000000001e+00	   3.6526337510167650e-13	   8.0000000000000000e+00	
   7.0899999999999999e+00	   4.0434322556848201e-13	   8.0000000000000000e+00	
   7.0999999999999996e+00	   4.4031445156633708e-13	   8.0000000000000000e+00	
   7.1100000000000003e+00	   4.7306603079277920e-13	   8.0000000000000000e+00	
   7.1200000000000001e+00	   5.0170978482810824e-13	   8.0000000000000000e+00	
   7.1299999999999999e+00	   5.2646775827724923e-13	   8.0000000000000000e+00	
   7.1399999999999997e+00	   5.5766502526921613e-13	   8.0000000000000000e+00	
   7.1500000000000004e+00	   5.8664184621193272e-13	   8.0000000000000000e+00	
   7.1600000000000001e+00	   6.1173288656846125e-13	   8.0000000000000000e+00	
   7.1699999999999999e+00	   6.3282712403633923e-13	   8.0000000000000000e+00	
   7.1799999999999997e+00	   6.5025762552295419e-13	   8.0000000000000000e+00	
   7.1899999999999995e+00	   6.6391336872584361e-13	   8.0000000000000000e+00	
   7.2000000000000002e+00	   6.8589578461342171e-13	   8.0000000000000000e+00	
   7.2100000000000000e+00	   7.0521366524189943e-13	   8.0000000000000000e+00	
   7.2199999999999998e+00	   7.2131189909896420e-13	   8.0000000000000000e+00	
   7.2300000000000004e+00	   7.3341333006737841e-13	   8.0000000000000000e+00	
   7.2400000000000002e+00	   7.4140693584467954e-13	   8.0000000000000000e+00	
   7.2500000000000000e+00	   7.4618089485056771e-13	   8.0000000000000000e+00	
   7.2599999999999998e+00	   7.5761619200420682e-13	   8.0000000000000000e+00	
   7.2699999999999996e+00	   7.6971762297262103e-13	   8.0000000000000000e+00	
   7.2800000000000002e+00	   7.7871042947208480e-13	   8.0000000000000000e+00	
   7.2900000000000000e+00	   7.8381745538536052e-13	   8.0000000000000000e+00	
   7.2999999999999998e+00	   7.8581585682968580e-13	   8.0000000000000000e+00	
   7.3099999999999996e+00	   7.8459461150259813e-13	   8.0000000000000000e+00	
   7.3200000000000003e+00	   7.8359541078043549e-13	   8.0000000000000000e+00	
   7.3300000000000001e+00	   7.9081186044049900e-13	   8.0000000000000000e+00	
   7.3399999999999999e+00	   7.9491968563161208e-13	   8.0000000000000000e+00	
   7.3499999999999996e+00	   7.9625195326116227e-13	   8.0000000000000000e+00	
   7.3600000000000003e+00	   7.9503070793407460e-13	   8.0000000000000000e+00	
   7.3700000000000001e+00	   7.9081186044049900e-13	   8.0000000000000000e+00	
   7.3799999999999999e+00	   7.8437256689767310e-13	   8.0000000000000000e+00	
   7.3899999999999997e+00	   7.7982065249670995e-13	   8.0000000000000000e+00	
   7.4000000000000004e+00	   7.8204109854596027e-13	   8.0000000000000000e+00	
   7.4100000000000001e+00	   7.8181905394103524e-13	   8.0000000000000000e+00	
   7.4199999999999999e+00	   7.7937656328685989e-13	   8.0000000000000000e+00	
   7.4299999999999997e+00	   7.7493567118835927e-13	   8.0000000000000000e+00	
   7.4399999999999995e+00	   7.6871842225045839e-13	   8.0000000000000000e+00	
   7.4500000000000002e+00	   7.6050277186823223e-13	   8.0000000000000000e+00	
   7.4600000000000000e+00	   7.5073280925153085e-13	   8.0000000000000000e+00	
   7.4699999999999998e+00	   7.4984463083183073e-13	   8.0000000000000000e+00	
   7.4800000000000004e+00	   7.4873440780720557e-13	   8.0000000000000000e+00	
   7.4900000000000002e+00	   7.4595885024564268e-13	   8.0000000000000000e+00	
   7.5099999999999998e+00	   7.3552275381416621e-13	   8.0000000000000000e+00	
   7.5199999999999996e+00	   7.2808425954917766e-13	   8.0000000000000000e+00	
   7.5300000000000002e+00	   7.1942451995710144e-13	   8.0000000000000000e+00	
   7.5400000000000000e+00	   7.0965455734040006e-13	   8.0000000000000000e+00	
   7.5499999999999998e+00	   7.0898842352562497e-13	   8.0000000000000000e+00	
   7.5599999999999996e+00	   7.0732308898868723e-13	   8.0000000000000000e+00	
   7.5700000000000003e+00	   7.0454753142712434e-13	   8.0000000000000000e+00	
   7.5800000000000001e+00	   6.9977357242123617e-13	   8.0000000000000000e+00	
   7.5899999999999999e+00	   6.9377836808826032e-13	   8.0000000000000000e+00	
   7.5999999999999996e+00	   6.8678396303312184e-13	   8.0000000000000000e+00	
   7.6100000000000003e+00	   6.7834626804597065e-13	   8.0000000000000000e+00	
   7.6200000000000001e+00	   6.6846528312680675e-13	   8.0000000000000000e+00	
   7.6299999999999999e+00	   6.6746608240464411e-13	   8.0000000000000000e+00	
   7.6399999999999997e+00	   6.6524563635539380e-13	   8.0000000000000000e+00	
   7.6500000000000004e+00	   6.6147087807166827e-13	   8.0000000000000000e+00	
   7.6600000000000001e+00	   6.5591976294854248e-13	   8.0000000000000000e+00	
   7.6699999999999999e+00	   6.4870331328847897e-13	   8.0000000000000000e+00	
   7.6799999999999997e+00	   6.4004357369640275e-13	   8.0000000000000000e+00	
   7.6900000000000004e+00	   6.2971849956738879e-13	   8.0000000000000000e+00	
   7.7000000000000002e+00	   6.2128080458023760e-13	   8.0000000000000000e+00	
   7.7100000000000000e+00	   6.1750604629651207e-13	   8.0000000000000000e+00	
   7.7199999999999998e+00	   6.1173288656846125e-13	   8.0000000000000000e+00	
   7.7300000000000004e+00	   6.0440541460593522e-13	   8.0000000000000000e+00	
   7.7400000000000002e+00	   5.9463545198923384e-13	   8.0000000000000000e+00	
   7.7500000000000000e+00	   5.8275606562574467e-13	   8.0000000000000000e+00	
   7.7599999999999998e+00	   5.6887827781793021e-13	   8.0000000000000000e+00	
   7.7699999999999996e+00	   5.5555560152242833e-13	   8.0000000000000000e+00	
   7.7800000000000002e+00	   5.4767301804758972e-13	   8.0000000000000000e+00	
   7.7900000000000000e+00	   5.3690385470872570e-13	   8.0000000000000000e+00	
   7.7999999999999998e+00	   5.2380322301814886e-13	   8.0000000000000000e+00	
   7.8099999999999996e+00	   5.0826010067339666e-13	   8.0000000000000000e+00	
   7.8200000000000003e+00	   4.9049653227939416e-13	   8.0000000000000000e+00	
   7.8300000000000001e+00	   4.7051251783614134e-13	   8.0000000000000000e+00	
   7.8399999999999999e+00	   4.5408121707168903e-13	   8.0000000000000000e+00	
   7.8499999999999996e+00	   4.3787196091216174e-13	   8.0000000000000000e+00	
   7.8600000000000003e+00	   4.1910919179599659e-13	   8.0000000000000000e+00	
   7.8700000000000001e+00	   3.9779290972319359e-13	   8.0000000000000000e+00	
   7.8799999999999999e+00	   3.7403413699621524e-13	   8.0000000000000000e+00	
   7.8899999999999997e+00	   3.4816594052244909e-13	   8.0000000000000000e+00	
   7.9000000000000004e+00	   3.2285285556099552e-13	   8.0000000000000000e+00	
   7.9100000000000001e+00	   2.9909408283401717e-13	   8.0000000000000000e+00	
   7.9199999999999999e+00	   2.7244873024301342e-13	   8.0000000000000000e+00	
   7.9299999999999997e+00	   2.4336088699783431e-13	   8.0000000000000000e+00	
   7.9400000000000004e+00	   2.1227464230832993e-13	   8.0000000000000000e+00	
   7.9500000000000002e+00	   1.7918999617450027e-13	   8.0000000000000000e+00	
   7.9600000000000000e+00	   1.4610535004067060e-13	   8.0000000000000000e+00	
   7.9699999999999998e+00	   1.1257661469699087e-13	   8.0000000000000000e+00	
   7.9800000000000004e+00	   7.7049477908985864e-14	   8.0000000000000000e+00	
   7.9900000000000002e+00	   3.9301895071730542e-14	   8.0000000000000000e+00	
   8.0000000000000000e+00	   2.2204460492503131e-16	   1.0000000000000000e+00	
