   2.5100000000000002e+00	   8.6495267034081280e-05	   2.0000000000000000e+00	
   2.5200000000000000e+00	   8.2157966142304417e-05	   2.0000000000000000e+00	
   2.5300000000000002e+00	   7.7994773089784530e-05	   2.0000000000000000e+00	
   2.5400000000000000e+00	   7.4899999153998920e-05	   2.0000000000000000e+00	
   2.5499999999999998e+00	   7.1537383304232094e-05	   2.0000000000000000e+00	
   2.5600000000000001e+00	   6.7953888017058262e-05	   2.0000000000000000e+00	
   2.5699999999999998e+00	   6.4195571728209444e-05	   2.0000000000000000e+00	
   2.5800000000000001e+00	   6.0307183520791341e-05	   2.0000000000000000e+00	
   2.5899999999999999e+00	   5.7158148762503913e-05	   2.0000000000000000e+00	
   2.6000000000000001e+00	   5.4256961077303600e-05	   2.0000000000000000e+00	
   2.6099999999999999e+00	   5.1206768012068693e-05	   2.0000000000000000e+00	
   2.6200000000000001e+00	   4.8047093681446995e-05	   2.0000000000000000e+00	
   2.6299999999999999e+00	   4.4815775809503577e-05	   2.0000000000000000e+00	
   2.6400000000000001e+00	   4.1649525747811111e-05	   2.0000000000000000e+00	
   2.6499999999999999e+00	   3.9222335324939905e-05	   2.0000000000000000e+00	
   2.6600000000000001e+00	   3.6705245944013143e-05	   2.0000000000000000e+00	
   2.6699999999999999e+00	   3.4131231727130285e-05	   2.0000000000000000e+00	
   2.6800000000000002e+00	   3.1531651770499991e-05	   2.0000000000000000e+00	
   2.6899999999999999e+00	   2.8934563009119785e-05	   2.0000000000000000e+00	
   2.7000000000000002e+00	   2.6690228995818188e-05	   2.0000000000000000e+00	
   2.7100000000000000e+00	   2.4683766719046929e-05	   2.0000000000000000e+00	
   2.7200000000000002e+00	   2.2661378371591212e-05	   2.0000000000000000e+00	
   2.7300000000000000e+00	   2.0648022584612846e-05	   2.0000000000000000e+00	
   2.7400000000000002e+00	   1.8666030578984305e-05	   2.0000000000000000e+00	
   2.7500000000000000e+00	   1.6734040459098765e-05	   2.0000000000000000e+00	
   2.7600000000000002e+00	   1.5201879454806999e-05	   2.0000000000000000e+00	
   2.7700000000000000e+00	   1.3684744398556603e-05	   2.0000000000000000e+00	
   2.7800000000000002e+00	   1.2200874894396918e-05	   2.0000000000000000e+00	
   2.7900000000000000e+00	   1.0767643853881737e-05	   2.0000000000000000e+00	
   2.8000000000000003e+00	   9.3979231818863695e-06	   2.0000000000000000e+00	
   2.8100000000000001e+00	   8.1822928890140645e-06	   2.0000000000000000e+00	
   2.8199999999999998e+00	   7.1180652927438359e-06	   2.0000000000000000e+00	
   2.8300000000000001e+00	   6.1029571258863768e-06	   2.0000000000000000e+00	
   2.8399999999999999e+00	   5.1484133907209184e-06	   2.0000000000000000e+00	
   2.8500000000000001e+00	   4.2633773742473124e-06	   2.0000000000000000e+00	
   2.8599999999999999e+00	   3.4544933718017035e-06	   2.0000000000000000e+00	
   2.8700000000000001e+00	   2.7796898613985377e-06	   2.0000000000000000e+00	
   2.8799999999999999e+00	   2.1719098781680657e-06	   2.0000000000000000e+00	
   2.8900000000000001e+00	   1.6278701662209016e-06	   2.0000000000000000e+00	
   2.8999999999999999e+00	   1.1524482501634736e-06	   2.0000000000000000e+00	
   2.9100000000000001e+00	   7.4797368654344609e-07	   2.0000000000000000e+00	
   2.9199999999999999e+00	   4.1797441774349409e-07	   2.0000000000000000e+00	
   2.9300000000000002e+00	   1.5864938296417108e-07	   2.0000000000000000e+00	
   2.9399999999999999e+00	   3.9322359146609642e-08	   2.0000000000000000e+00	
   2.9500000000000002e+00	   1.7508664340581959e-07	   2.0000000000000000e+00	
   2.9600000000000000e+00	   2.4967777489948162e-07	   2.0000000000000000e+00	
   2.9700000000000002e+00	   2.6529384955509272e-07	   2.0000000000000000e+00	
   2.9800000000000000e+00	   2.2945602973223345e-07	   2.0000000000000000e+00	
   2.9900000000000002e+00	   1.4058084651935587e-07	   2.0000000000000000e+00	
   3.0000000000000000e+00	   8.8817841970012523e-16	   1.0000000000000000e+00	
   3.0100000000000002e+00	   1.8849208149873675e-07	   2.0000000000000000e+00	
   3.0200000000000000e+00	   4.1997641853086520e-07	   2.0000000000000000e+00	
   3.0300000000000002e+00	   6.9178837414085592e-07	   2.0000000000000000e+00	
   3.0400000000000000e+00	   1.0141830544263541e-06	   2.0000000000000000e+00	
   3.0500000000000003e+00	   1.3747418630138952e-06	   2.0000000000000000e+00	
   3.0600000000000001e+00	   1.7673784253879887e-06	   2.0000000000000000e+00	
   3.0699999999999998e+00	   2.1852110543285619e-06	   2.0000000000000000e+00	
   3.0800000000000001e+00	   2.6205700862647063e-06	   2.0000000000000000e+00	
   3.0899999999999999e+00	   3.1092554158007601e-06	   2.0000000000000000e+00	
   3.1000000000000001e+00	   3.6405341812262293e-06	   2.0000000000000000e+00	
   3.1099999999999999e+00	   4.1861838080414771e-06	   2.0000000000000000e+00	
   3.1200000000000001e+00	   4.7383026657854543e-06	   2.0000000000000000e+00	
   3.1299999999999999e+00	   5.2879102154790303e-06	   2.0000000000000000e+00	
   3.1400000000000001e+00	   5.8364419461831574e-06	   2.0000000000000000e+00	
   3.1499999999999999e+00	   6.1809249740640837e-06	   3.0000000000000000e+00	
   3.1600000000000001e+00	   6.0587581085513875e-06	   3.0000000000000000e+00	
   3.1699999999999999e+00	   5.8700896232721789e-06	   3.0000000000000000e+00	
   3.1800000000000002e+00	   5.6211519980919888e-06	   3.0000000000000000e+00	
   3.1899999999999999e+00	   5.3189373754314317e-06	   3.0000000000000000e+00	
   3.2000000000000002e+00	   5.0326317411197863e-06	   3.0000000000000000e+00	
   3.2100000000000000e+00	   4.7468084938273591e-06	   3.0000000000000000e+00	
   3.2200000000000002e+00	   4.4157339700312548e-06	   3.0000000000000000e+00	
   3.2300000000000000e+00	   4.0463543538038493e-06	   3.0000000000000000e+00	
   3.2400000000000002e+00	   3.6460126837667417e-06	   3.0000000000000000e+00	
   3.2500000000000000e+00	   3.2223097976569193e-06	   3.0000000000000000e+00	
   3.2600000000000002e+00	   2.8454100848840369e-06	   3.0000000000000000e+00	
   3.2700000000000000e+00	   2.4421491593429323e-06	   3.0000000000000000e+00	
   3.2800000000000002e+00	   2.0196050707355084e-06	   3.0000000000000000e+00	
   3.2900000000000000e+00	   1.5849697843073329e-06	   3.0000000000000000e+00	
   3.3000000000000003e+00	   1.1454340929084594e-06	   3.0000000000000000e+00	
   3.3100000000000001e+00	   7.1509218502185945e-07	   3.0000000000000000e+00	
   3.3199999999999998e+00	   2.8890833148054185e-07	   3.0000000000000000e+00	
   3.3300000000000001e+00	   1.4035871931383781e-07	   3.0000000000000000e+00	
   3.3399999999999999e+00	   5.6602144660189424e-07	   3.0000000000000000e+00	
   3.3500000000000001e+00	   9.8159984895929142e-07	   3.0000000000000000e+00	
   3.3599999999999999e+00	   1.3808910410695319e-06	   3.0000000000000000e+00	
   3.3700000000000001e+00	   1.7930528399823231e-06	   3.0000000000000000e+00	
   3.3799999999999999e+00	   2.1981829227968319e-06	   3.0000000000000000e+00	
   3.3900000000000001e+00	   2.5869678550449748e-06	   3.0000000000000000e+00	
   3.3999999999999999e+00	   2.9538247097171677e-06	   3.0000000000000000e+00	
   3.4100000000000001e+00	   3.2935713853987636e-06	   3.0000000000000000e+00	
   3.4199999999999999e+00	   3.6281826099049397e-06	   3.0000000000000000e+00	
   3.4300000000000002e+00	   3.9897533921084971e-06	   3.0000000000000000e+00	
   3.4399999999999999e+00	   4.3249660133248824e-06	   3.0000000000000000e+00	
   3.4500000000000002e+00	   4.6292500330835651e-06	   3.0000000000000000e+00	
   3.4600000000000000e+00	   4.8985134997181490e-06	   3.0000000000000000e+00	
   3.4700000000000002e+00	   5.1291827838362281e-06	   3.0000000000000000e+00	
   3.4800000000000000e+00	   5.4107418678839281e-06	   3.0000000000000000e+00	
   3.4900000000000002e+00	   5.6836431903128926e-06	   3.0000000000000000e+00	
   3.5100000000000002e+00	   7.0633493276517356e-07	   4.0000000000000000e+00	
   3.5200000000000000e+00	   6.9395054991261418e-07	   4.0000000000000000e+00	
   3.5300000000000002e+00	   6.8132123143271883e-07	   4.0000000000000000e+00	
   3.5400000000000000e+00	   6.7674395953787325e-07	   4.0000000000000000e+00	
   3.5500000000000003e+00	   6.6848360225080228e-07	   4.0000000000000000e+00	
   3.5600000000000001e+00	   6.5670579774135263e-07	   4.0000000000000000e+00	
   3.5700000000000003e+00	   6.4160705193216927e-07	   4.0000000000000000e+00	
   3.5800000000000001e+00	   6.2341142070820865e-07	   4.0000000000000000e+00	
   3.5899999999999999e+00	   6.1133649653655198e-07	   4.0000000000000000e+00	
   3.6000000000000001e+00	   6.0059853268512597e-07	   4.0000000000000000e+00	
   3.6099999999999999e+00	   5.8681011738670463e-07	   4.0000000000000000e+00	
   3.6200000000000001e+00	   5.7019571464422825e-07	   4.0000000000000000e+00	
   3.6299999999999999e+00	   5.5099995943663771e-07	   4.0000000000000000e+00	
   3.6400000000000001e+00	   5.3078934580952364e-07	   4.0000000000000000e+00	
   3.6499999999999999e+00	   5.1855480931450870e-07	   4.0000000000000000e+00	
   3.6600000000000001e+00	   5.0375996796248046e-07	   4.0000000000000000e+00	
   3.6699999999999999e+00	   4.8664292595645975e-07	   4.0000000000000000e+00	
   3.6800000000000002e+00	   4.6745527138014609e-07	   4.0000000000000000e+00	
   3.6899999999999999e+00	   4.4645880015181660e-07	   4.0000000000000000e+00	
   3.7000000000000002e+00	   4.2917514564422277e-07	   4.0000000000000000e+00	
   3.7100000000000000e+00	   4.1419695451239136e-07	   4.0000000000000000e+00	
   3.7200000000000002e+00	   3.9738766588470753e-07	   4.0000000000000000e+00	
   3.7300000000000000e+00	   3.7899465121782328e-07	   4.0000000000000000e+00	
   3.7400000000000002e+00	   3.5926988894985357e-07	   4.0000000000000000e+00	
   3.7500000000000000e+00	   3.3846703706430503e-07	   4.0000000000000000e+00	
   3.7600000000000002e+00	   3.2394718951778145e-07	   4.0000000000000000e+00	
   3.7700000000000000e+00	   3.0805858974858324e-07	   4.0000000000000000e+00	
   3.7800000000000002e+00	   2.9103557119825041e-07	   4.0000000000000000e+00	
   3.7900000000000000e+00	   2.7311242911665090e-07	   4.0000000000000000e+00	
   3.8000000000000003e+00	   2.5452083862731456e-07	   4.0000000000000000e+00	
   3.8100000000000001e+00	   2.3781859370686220e-07	   4.0000000000000000e+00	
   3.8200000000000003e+00	   2.2328465476562087e-07	   4.0000000000000000e+00	
   3.8300000000000001e+00	   2.0801857392171996e-07	   4.0000000000000000e+00	
   3.8399999999999999e+00	   1.8867056894578127e-07	   5.0000000000000000e+00	
   3.8500000000000001e+00	   1.6147285775147679e-07	   5.0000000000000000e+00	
   3.8599999999999999e+00	   1.3669893172973957e-07	   5.0000000000000000e+00	
   3.8700000000000001e+00	   1.1664017218748768e-07	   5.0000000000000000e+00	
   3.8799999999999999e+00	   9.8493925904108437e-08	   5.0000000000000000e+00	
   3.8900000000000001e+00	   8.2000530809978045e-08	   5.0000000000000000e+00	
   3.8999999999999999e+00	   6.7195581099355195e-08	   5.0000000000000000e+00	
   3.9100000000000001e+00	   5.4078727718120945e-08	   5.0000000000000000e+00	
   3.9199999999999999e+00	   4.2934466648603120e-08	   5.0000000000000000e+00	
   3.9300000000000002e+00	   3.3741452742930278e-08	   5.0000000000000000e+00	
   3.9399999999999999e+00	   2.5719150364977850e-08	   5.0000000000000000e+00	
   3.9500000000000002e+00	   1.8853751004854757e-08	   5.0000000000000000e+00	
   3.9600000000000000e+00	   1.3108577778808694e-08	   5.0000000000000000e+00	
   3.9700000000000002e+00	   8.4278162226780751e-09	   5.0000000000000000e+00	
   3.9800000000000000e+00	   4.8225303750371040e-09	   5.0000000000000000e+00	
   3.9900000000000002e+00	   2.0408594814114167e-09	   5.0000000000000000e+00	
   4.0000000000000000e+00	   4.4408920985006262e-16	   2.0000000000000000e+00	
   4.0099999999999998e+00	   1.3547607480290935e-09	   5.0000000000000000e+00	
   4.0199999999999996e+00	   2.0886163909494826e-09	   5.0000000000000000e+00	
   4.0300000000000002e+00	   2.2858186454755014e-09	   5.0000000000000000e+00	
   4.0400000000000000e+00	   2.0458390537214655e-09	   5.0000000000000000e+00	
   4.0500000000000007e+00	   1.3865797399148505e-09	   5.0000000000000000e+00	
   4.0600000000000005e+00	   3.6816949489093531e-10	   5.0000000000000000e+00	
   4.0700000000000003e+00	   9.4485130830435082e-10	   5.0000000000000000e+00	
   4.0800000000000001e+00	   2.4854358571246848e-09	   5.0000000000000000e+00	
   4.0899999999999999e+00	   4.2481396178573050e-09	   5.0000000000000000e+00	
   4.0999999999999996e+00	   6.2048304272366295e-09	   5.0000000000000000e+00	
   4.1099999999999994e+00	   8.2799438416714111e-09	   5.0000000000000000e+00	
   4.1200000000000001e+00	   1.0415876161573578e-08	   5.0000000000000000e+00	
   4.1299999999999999e+00	   1.2556017559006705e-08	   5.0000000000000000e+00	
   4.1400000000000006e+00	   1.4682047577707635e-08	   5.0000000000000000e+00	
   4.1500000000000004e+00	   1.7049769596155784e-08	   5.0000000000000000e+00	
   4.1600000000000001e+00	   1.9364629011420220e-08	   5.0000000000000000e+00	
   4.1699999999999999e+00	   2.1579454667630671e-08	   5.0000000000000000e+00	
   4.1799999999999997e+00	   2.3650181368850554e-08	   5.0000000000000000e+00	
   4.1899999999999995e+00	   2.5536602166198463e-08	   5.0000000000000000e+00	
   4.2000000000000002e+00	   2.7540046687590802e-08	   5.0000000000000000e+00	
   4.2100000000000000e+00	   2.9625446984482551e-08	   5.0000000000000000e+00	
   4.2200000000000006e+00	   3.1507215503268071e-08	   5.0000000000000000e+00	
   4.2300000000000004e+00	   3.3154289091896771e-08	   5.0000000000000000e+00	
   4.2400000000000002e+00	   3.4540224014278920e-08	   5.0000000000000000e+00	
   4.2500000000000000e+00	   3.5643474838309430e-08	   5.0000000000000000e+00	
   4.2599999999999998e+00	   3.7265318830748129e-08	   5.0000000000000000e+00	
   4.2699999999999996e+00	   3.8624489384631033e-08	   5.0000000000000000e+00	
   4.2799999999999994e+00	   3.9702248599837731e-08	   5.0000000000000000e+00	
   4.2900000000000000e+00	   4.0484598784473746e-08	   5.0000000000000000e+00	
   4.2999999999999998e+00	   4.0962332192862050e-08	   5.0000000000000000e+00	
   4.3100000000000005e+00	   4.1538164907706232e-08	   5.0000000000000000e+00	
   4.3200000000000003e+00	   4.2327808813524825e-08	   5.0000000000000000e+00	
   4.3300000000000001e+00	   4.2822090762228981e-08	   5.0000000000000000e+00	
   4.3399999999999999e+00	   4.3017633011288581e-08	   5.0000000000000000e+00	
   4.3499999999999996e+00	   4.2915374365293246e-08	   5.0000000000000000e+00	
   4.3599999999999994e+00	   4.0669678291749278e-08	   4.0000000000000000e+00	
   4.3700000000000001e+00	   3.7544203301820289e-08	   4.0000000000000000e+00	
   4.3799999999999999e+00	   3.4242026991648800e-08	   4.0000000000000000e+00	
   4.3900000000000006e+00	   3.0715559873328857e-08	   4.0000000000000000e+00	
   4.4000000000000004e+00	   2.7019377846215775e-08	   4.0000000000000000e+00	
   4.4100000000000001e+00	   2.3209466348816932e-08	   4.0000000000000000e+00	
   4.4199999999999999e+00	   1.9485918656414469e-08	   4.0000000000000000e+00	
   4.4299999999999997e+00	   1.5939945363641073e-08	   4.0000000000000000e+00	
   4.4399999999999995e+00	   1.2285518380394933e-08	   4.0000000000000000e+00	
   4.4499999999999993e+00	   8.5777012159837795e-09	   4.0000000000000000e+00	
   4.4600000000000000e+00	   4.8714285938444846e-09	   4.0000000000000000e+00	
   4.4699999999999998e+00	   1.2207719279899720e-09	   4.0000000000000000e+00	
   4.4800000000000004e+00	   2.3621433697940120e-09	   4.0000000000000000e+00	
   4.4900000000000002e+00	   5.9361520143852431e-09	   4.0000000000000000e+00	
   4.5099999999999998e+00	   1.2446070840610446e-09	   6.0000000000000000e+00	
   4.5199999999999996e+00	   1.2818945904768952e-09	   6.0000000000000000e+00	
   4.5299999999999994e+00	   1.3169536572377183e-09	   6.0000000000000000e+00	
   4.5400000000000000e+00	   1.3664571696381245e-09	   6.0000000000000000e+00	
   4.5499999999999998e+00	   1.4077672361167970e-09	   6.0000000000000000e+00	
   4.5600000000000005e+00	   1.4402772308130807e-09	   6.0000000000000000e+00	
   4.5700000000000003e+00	   1.4634986555961405e-09	   6.0000000000000000e+00	
   4.5800000000000001e+00	   1.4770709100275781e-09	   6.0000000000000000e+00	
   4.5899999999999999e+00	   1.5028120969873271e-09	   6.0000000000000000e+00	
   4.5999999999999996e+00	   1.5301502287456969e-09	   6.0000000000000000e+00	
   4.6099999999999994e+00	   1.5478605064345174e-09	   6.0000000000000000e+00	
   4.6200000000000001e+00	   1.5557235499841227e-09	   6.0000000000000000e+00	
   4.6299999999999999e+00	   1.5536372188762471e-09	   6.0000000000000000e+00	
   4.6400000000000006e+00	   1.5454331148134770e-09	   6.0000000000000000e+00	
   4.6500000000000004e+00	   1.5578098810919982e-09	   6.0000000000000000e+00	
   4.6600000000000001e+00	   1.5603411895881436e-09	   6.0000000000000000e+00	
   4.6699999999999999e+00	   1.5530536856545041e-09	   6.0000000000000000e+00	
   4.6799999999999997e+00	   1.5360956950871696e-09	   6.0000000000000000e+00	
   4.6899999999999995e+00	   1.5097345595904699e-09	   6.0000000000000000e+00	
   4.6999999999999993e+00	   1.4926211377996879e-09	   6.0000000000000000e+00	
   4.7100000000000000e+00	   1.4807737258593079e-09	   6.0000000000000000e+00	
   4.7199999999999998e+00	   1.4596430730762222e-09	   6.0000000000000000e+00	
   4.7300000000000004e+00	   1.4295977734946064e-09	   6.0000000000000000e+00	
   4.7400000000000002e+00	   1.3911067853200620e-09	   6.0000000000000000e+00	
   4.7500000000000000e+00	   1.3447376545627776e-09	   6.0000000000000000e+00	
   4.7599999999999998e+00	   1.3201146842334310e-09	   6.0000000000000000e+00	
   4.7699999999999996e+00	   1.2871579357920382e-09	   6.0000000000000000e+00	
   4.7799999999999994e+00	   1.2464100862530358e-09	   6.0000000000000000e+00	
   4.7900000000000000e+00	   1.1985017422944111e-09	   6.0000000000000000e+00	
   4.7999999999999998e+00	   1.1441398939382452e-09	   6.0000000000000000e+00	
   4.8100000000000005e+00	   1.0948264517196549e-09	   6.0000000000000000e+00	
   4.8200000000000003e+00	   1.0524363602826270e-09	   6.0000000000000000e+00	
   4.8300000000000001e+00	   1.0036433906179809e-09	   6.0000000000000000e+00	
   4.8399999999999999e+00	   9.4919094806300564e-10	   6.0000000000000000e+00	
   4.8499999999999996e+00	   8.2306161885981055e-10	   7.0000000000000000e+00	
   4.8599999999999994e+00	   6.9255801093959235e-10	   7.0000000000000000e+00	
   4.8700000000000001e+00	   5.8803895086612101e-10	   7.0000000000000000e+00	
   4.8799999999999999e+00	   4.9481041486387767e-10	   7.0000000000000000e+00	
   4.8900000000000006e+00	   4.1117953486491388e-10	   7.0000000000000000e+00	
   4.9000000000000004e+00	   3.3696778700686991e-10	   7.0000000000000000e+00	
   4.9100000000000001e+00	   2.7183943984709913e-10	   7.0000000000000000e+00	
   4.9199999999999999e+00	   2.1694201990385409e-10	   7.0000000000000000e+00	
   4.9299999999999997e+00	   1.7195400658920335e-10	   7.0000000000000000e+00	
   4.9399999999999995e+00	   1.3273648846734432e-10	   7.0000000000000000e+00	
   4.9499999999999993e+00	   9.9034558331823064e-11	   7.0000000000000000e+00	
   4.9600000000000000e+00	   7.0518701988930843e-11	   7.0000000000000000e+00	
   4.9699999999999998e+00	   4.6795456398740498e-11	   7.0000000000000000e+00	
   4.9800000000000004e+00	   2.7915447731174936e-11	   7.0000000000000000e+00	
   4.9900000000000002e+00	   1.2476242261527659e-11	   7.0000000000000000e+00	
   5.0000000000000000e+00	   8.8817841970012523e-16	   1.0000000000000000e+00	
   5.0099999999999998e+00	   9.7939434340332809e-12	   7.0000000000000000e+00	
   5.0199999999999996e+00	   1.7203127811171726e-11	   7.0000000000000000e+00	
   5.0299999999999994e+00	   2.2647661523933493e-11	   7.0000000000000000e+00	
   5.0400000000000000e+00	   2.6818547382845281e-11	   7.0000000000000000e+00	
   5.0499999999999998e+00	   2.9623414832258277e-11	   7.0000000000000000e+00	
   5.0600000000000005e+00	   3.1267433087123209e-11	   7.0000000000000000e+00	
   5.0700000000000003e+00	   3.1953106827131705e-11	   7.0000000000000000e+00	
   5.0800000000000001e+00	   3.1879388018296595e-11	   7.0000000000000000e+00	
   5.0899999999999999e+00	   3.1694646906998969e-11	   7.0000000000000000e+00	
   5.0999999999999996e+00	   3.1305624759170314e-11	   7.0000000000000000e+00	
   5.1099999999999994e+00	   3.0604851986026915e-11	   7.0000000000000000e+00	
   5.1200000000000001e+00	   2.9712232674228289e-11	   7.0000000000000000e+00	
   5.1299999999999999e+00	   2.8730795520459651e-11	   7.0000000000000000e+00	
   5.1400000000000006e+00	   2.7813307212909422e-11	   7.0000000000000000e+00	
   5.1500000000000004e+00	   2.7488233911299176e-11	   7.0000000000000000e+00	
   5.1600000000000001e+00	   2.7259083879016544e-11	   7.0000000000000000e+00	
   5.1699999999999999e+00	   2.7170266037046531e-11	   7.0000000000000000e+00	
   5.1799999999999997e+00	   2.7251090273239242e-11	   7.0000000000000000e+00	
   5.1899999999999995e+00	   2.7512214728631079e-11	   7.0000000000000000e+00	
   5.1999999999999993e+00	   2.8302693522164191e-11	   7.0000000000000000e+00	
   5.2100000000000000e+00	   2.9576341376014170e-11	   7.0000000000000000e+00	
   5.2199999999999998e+00	   3.1053382087975478e-11	   7.0000000000000000e+00	
   5.2300000000000004e+00	   3.2708946662296512e-11	   7.0000000000000000e+00	
   5.2400000000000002e+00	   3.4513725211127166e-11	   7.0000000000000000e+00	
   5.2500000000000000e+00	   3.6425085170321836e-11	   7.0000000000000000e+00	
   5.2599999999999998e+00	   3.9252157080227335e-11	   7.0000000000000000e+00	
   5.2699999999999996e+00	   4.2192027649434749e-11	   7.0000000000000000e+00	
   5.2799999999999994e+00	   4.5193182529601472e-11	   7.0000000000000000e+00	
   5.2900000000000000e+00	   4.8192561052928795e-11	   7.0000000000000000e+00	
   5.2999999999999998e+00	   5.1128878908457409e-11	   7.0000000000000000e+00	
   5.3100000000000005e+00	   5.4469317944949580e-11	   7.0000000000000000e+00	
   5.3200000000000003e+00	   5.8385296597407432e-11	   7.0000000000000000e+00	
   5.3300000000000001e+00	   6.2182259341625468e-11	   7.0000000000000000e+00	
   5.3399999999999999e+00	   6.5791816439286777e-11	   7.0000000000000000e+00	
   5.3499999999999996e+00	   6.9145578152074449e-11	   7.0000000000000000e+00	
   5.3599999999999994e+00	   7.2171602027992776e-11	   7.0000000000000000e+00	
   5.3700000000000001e+00	   7.6290973538561957e-11	   7.0000000000000000e+00	
   5.3799999999999999e+00	   8.0288664605632221e-11	   7.0000000000000000e+00	
   5.3900000000000006e+00	   8.3914208914848132e-11	   7.0000000000000000e+00	
   5.4000000000000004e+00	   8.7104545798410982e-11	   7.0000000000000000e+00	
   5.4100000000000001e+00	   8.9798390945361461e-11	   7.0000000000000000e+00	
   5.4199999999999999e+00	   9.2626351033686660e-11	   7.0000000000000000e+00	
   5.4299999999999997e+00	   9.6306962404923979e-11	   7.0000000000000000e+00	
   5.4399999999999995e+00	   9.9467101222217025e-11	   7.0000000000000000e+00	
   5.4499999999999993e+00	   1.0204814770986559e-10	   7.0000000000000000e+00	
   5.4600000000000000e+00	   1.0401279837424227e-10	   7.0000000000000000e+00	
   5.4699999999999998e+00	   1.0532374972171965e-10	   7.0000000000000000e+00	
   5.4800000000000004e+00	   1.0779999115584360e-10	   7.0000000000000000e+00	
   5.4900000000000002e+00	   1.1015988121698683e-10	   7.0000000000000000e+00	
   5.5099999999999998e+00	   1.9673151996357774e-12	   8.0000000000000000e+00	
   5.5199999999999996e+00	   1.8944845692203671e-12	   8.0000000000000000e+00	
   5.5299999999999994e+00	   1.8154366898670560e-12	   8.0000000000000000e+00	
   5.5400000000000000e+00	   1.7550405573274475e-12	   8.0000000000000000e+00	
   5.5499999999999998e+00	   1.6813217484923371e-12	   8.0000000000000000e+00	
   5.5600000000000005e+00	   1.5942802633617248e-12	   8.0000000000000000e+00	
   5.5700000000000003e+00	   1.4921397450962104e-12	   8.0000000000000000e+00	
   5.5800000000000001e+00	   1.3837819778927951e-12	   8.0000000000000000e+00	
   5.5899999999999999e+00	   1.2887468869848817e-12	   8.0000000000000000e+00	
   5.5999999999999996e+00	   1.1910472608178679e-12	   8.0000000000000000e+00	
   5.6099999999999994e+00	   1.0853540288735530e-12	   8.0000000000000000e+00	
   5.6200000000000001e+00	   9.7344354799133725e-13	   8.0000000000000000e+00	
   5.6299999999999999e+00	   8.5886853185002110e-13	   8.0000000000000000e+00	
   5.6400000000000006e+00	   7.4340533728900482e-13	   8.0000000000000000e+00	
   5.6500000000000004e+00	   6.3771210534468992e-13	   8.0000000000000000e+00	
   5.6600000000000001e+00	   5.2846615972157451e-13	   8.0000000000000000e+00	
   5.6699999999999999e+00	   4.2099657093785936e-13	   8.0000000000000000e+00	
   5.6799999999999997e+00	   3.1175062531474396e-13	   8.0000000000000000e+00	
   5.6899999999999995e+00	   2.0428103653102880e-13	   8.0000000000000000e+00	
   5.6999999999999993e+00	   1.0391687510491465e-13	   8.0000000000000000e+00	
   5.7100000000000000e+00	   5.3290705182007514e-15	   8.0000000000000000e+00	
   5.7199999999999998e+00	   9.2370555648813024e-14	   8.0000000000000000e+00	
   5.7300000000000004e+00	   1.8118839761882555e-13	   8.0000000000000000e+00	
   5.7400000000000002e+00	   2.6467716907063732e-13	   8.0000000000000000e+00	
   5.7500000000000000e+00	   3.4106051316484809e-13	   8.0000000000000000e+00	
   5.7599999999999998e+00	   4.1566750041965861e-13	   8.0000000000000000e+00	
   5.7699999999999996e+00	   4.8672177399566863e-13	   8.0000000000000000e+00	
   5.7799999999999994e+00	   5.4711790653527714e-13	   8.0000000000000000e+00	
   5.7900000000000000e+00	   5.9952043329758453e-13	   8.0000000000000000e+00	
   5.7999999999999998e+00	   6.4037664060379029e-13	   8.0000000000000000e+00	
   5.8100000000000005e+00	   6.8034466949029593e-13	   8.0000000000000000e+00	
   5.8200000000000003e+00	   7.1764816311770119e-13	   8.0000000000000000e+00	
   5.8300000000000001e+00	   7.4251715886930469e-13	   8.0000000000000000e+00	
   5.8399999999999999e+00	   7.5939254884360707e-13	   8.0000000000000000e+00	
   5.8499999999999996e+00	   7.6560979778150795e-13	   8.0000000000000000e+00	
   5.8599999999999994e+00	   7.5939254884360707e-13	   8.0000000000000000e+00	
   5.8700000000000001e+00	   7.5761619200420682e-13	   8.0000000000000000e+00	
   5.8799999999999999e+00	   7.4606987254810520e-13	   8.0000000000000000e+00	
   5.8900000000000006e+00	   7.2652994731470244e-13	   8.0000000000000000e+00	
   5.9000000000000004e+00	   6.9277916736609768e-13	   8.0000000000000000e+00	
   5.9100000000000001e+00	   6.5014660322049167e-13	   8.0000000000000000e+00	
   5.9199999999999999e+00	   6.0307314697638503e-13	   8.0000000000000000e+00	
   5.9299999999999997e+00	   5.5511151231257827e-13	   8.0000000000000000e+00	
   5.9399999999999995e+00	   4.9915627187147038e-13	   8.0000000000000000e+00	
   5.9500000000000002e+00	   4.2987835513486061e-13	   8.0000000000000000e+00	
   5.9600000000000000e+00	   3.5527136788005009e-13	   8.0000000000000000e+00	
   5.9699999999999998e+00	   2.7267077484793845e-13	   8.0000000000000000e+00	
   5.9800000000000004e+00	   1.9007018181582680e-13	   8.0000000000000000e+00	
   5.9900000000000002e+00	   9.8587804586713901e-14	   8.0000000000000000e+00	
   6.0000000000000000e+00	   8.8817841970012523e-16	   1.0000000000000000e+00	
   6.0099999999999998e+00	   1.0391687510491465e-13	   8.0000000000000000e+00	
   6.0199999999999996e+00	   2.1049828546892968e-13	   8.0000000000000000e+00	
   6.0300000000000002e+00	   3.1885605267234496e-13	   8.0000000000000000e+00	
   6.0400000000000000e+00	   4.3876013933186186e-13	   8.0000000000000000e+00	
   6.0499999999999998e+00	   5.6132876125047915e-13	   8.0000000000000000e+00	
   6.0600000000000005e+00	   6.8656191842819680e-13	   8.0000000000000000e+00	
   6.0700000000000003e+00	   8.0824236192711396e-13	   8.0000000000000000e+00	
   6.0800000000000001e+00	   9.3081098384573124e-13	   8.0000000000000000e+00	
   6.0899999999999999e+00	   1.0658141036401503e-12	   8.0000000000000000e+00	
   6.0999999999999996e+00	   1.2061462939527701e-12	   8.0000000000000000e+00	
   6.1099999999999994e+00	   1.3438139490062895e-12	   8.0000000000000000e+00	
   6.1200000000000001e+00	   1.4770407119613083e-12	   8.0000000000000000e+00	
   6.1299999999999999e+00	   1.6058265828178264e-12	   8.0000000000000000e+00	
   6.1399999999999997e+00	   1.7310597399955441e-12	   8.0000000000000000e+00	
   6.1500000000000004e+00	   1.8829382497642655e-12	   8.0000000000000000e+00	
   6.1600000000000001e+00	   2.0268231537556858e-12	   8.0000000000000000e+00	
   6.1699999999999999e+00	   2.1653789872289053e-12	   8.0000000000000000e+00	
   6.1799999999999997e+00	   2.2932766796657233e-12	   8.0000000000000000e+00	
   6.1899999999999995e+00	   2.4087398742267396e-12	   8.0000000000000000e+00	
   6.2000000000000002e+00	   2.5401902803423582e-12	   8.0000000000000000e+00	
   6.2100000000000000e+00	   2.6876278980125790e-12	   8.0000000000000000e+00	
   6.2199999999999998e+00	   2.8235191962266981e-12	   8.0000000000000000e+00	
   6.2300000000000004e+00	   2.9443114613059151e-12	   8.0000000000000000e+00	
   6.2400000000000002e+00	   3.0482283364108298e-12	   8.0000000000000000e+00	
   6.2500000000000000e+00	   3.1370461783808423e-12	   8.0000000000000000e+00	
   6.2599999999999998e+00	   3.2773783686934621e-12	   8.0000000000000000e+00	
   6.2699999999999996e+00	   3.4043878827105800e-12	   8.0000000000000000e+00	
   6.2800000000000002e+00	   3.5145220067533955e-12	   8.0000000000000000e+00	
   6.2900000000000000e+00	   3.6033398487234081e-12	   8.0000000000000000e+00	
   6.2999999999999998e+00	   3.6743941222994181e-12	   8.0000000000000000e+00	
   6.3100000000000005e+00	   3.7623237858497305e-12	   8.0000000000000000e+00	
   6.3200000000000003e+00	   3.8760106235713465e-12	   8.0000000000000000e+00	
   6.3300000000000001e+00	   3.9692693576398597e-12	   8.0000000000000000e+00	
   6.3399999999999999e+00	   4.0429881664749701e-12	   8.0000000000000000e+00	
   6.3499999999999996e+00	   4.0927261579781771e-12	   8.0000000000000000e+00	
   6.3599999999999994e+00	   4.1211478674085811e-12	   8.0000000000000000e+00	
   6.3700000000000001e+00	   4.2090775309588935e-12	   8.0000000000000000e+00	
   6.3799999999999999e+00	   4.2836845182137040e-12	   8.0000000000000000e+00	
   6.3899999999999997e+00	   4.3378634018154116e-12	   8.0000000000000000e+00	
   6.4000000000000004e+00	   4.3698378249246161e-12	   8.0000000000000000e+00	
   6.4100000000000001e+00	   4.3760550738625170e-12	   8.0000000000000000e+00	
   6.4199999999999999e+00	   4.3902659285777190e-12	   8.0000000000000000e+00	
   6.4299999999999997e+00	   4.4462211690188269e-12	   8.0000000000000000e+00	
   6.4399999999999995e+00	   4.4817483058068319e-12	   8.0000000000000000e+00	
   6.4500000000000002e+00	   4.4888537331644329e-12	   8.0000000000000000e+00	
   6.4600000000000000e+00	   4.4746428784492309e-12	   8.0000000000000000e+00	
   6.4699999999999998e+00	   4.4373393848218257e-12	   8.0000000000000000e+00	
   6.4800000000000004e+00	   4.4515502395370277e-12	   8.0000000000000000e+00	
   6.4900000000000002e+00	   4.4639847374128294e-12	   8.0000000000000000e+00	
   6.5099999999999998e+00	   4.0678571622265736e-13	   7.0000000000000000e+00	
   6.5199999999999996e+00	   2.1582735598713043e-13	   7.0000000000000000e+00	
   6.5300000000000002e+00	   2.7533531010703882e-14	   7.0000000000000000e+00	
   6.5400000000000000e+00	   1.5543122344752192e-13	   7.0000000000000000e+00	
   6.5499999999999998e+00	   3.3750779948604759e-13	   7.0000000000000000e+00	
   6.5600000000000005e+00	   5.1247894816697226e-13	   7.0000000000000000e+00	
   6.5700000000000003e+00	   6.4925842480079154e-13	   8.0000000000000000e+00	
   6.5800000000000001e+00	   6.5991656583719305e-13	   8.0000000000000000e+00	
   6.5899999999999999e+00	   6.7768013423119555e-13	   8.0000000000000000e+00	
   6.5999999999999996e+00	   6.9633188104489818e-13	   8.0000000000000000e+00	
   6.6099999999999994e+00	   7.0876637892069994e-13	   8.0000000000000000e+00	
   6.6200000000000001e+00	   7.1764816311770119e-13	   8.0000000000000000e+00	
   6.6299999999999999e+00	   7.2208905521620181e-13	   8.0000000000000000e+00	
   6.6399999999999997e+00	   7.2652994731470244e-13	   8.0000000000000000e+00	
   6.6500000000000004e+00	   7.3718808835110394e-13	   8.0000000000000000e+00	
   6.6600000000000001e+00	   7.4429351570870494e-13	   8.0000000000000000e+00	
   6.6699999999999999e+00	   7.4873440780720557e-13	   8.0000000000000000e+00	
   6.6799999999999997e+00	   7.4695805096780532e-13	   8.0000000000000000e+00	
   6.6899999999999995e+00	   7.4074080202990444e-13	   8.0000000000000000e+00	
   6.7000000000000002e+00	   7.3807626677080407e-13	   8.0000000000000000e+00	
   6.7100000000000000e+00	   7.3807626677080407e-13	   8.0000000000000000e+00	
   6.7199999999999998e+00	   7.3629990993140382e-13	   8.0000000000000000e+00	
   6.7300000000000004e+00	   7.2741812573440257e-13	   8.0000000000000000e+00	
   6.7400000000000002e+00	   7.1320727101920056e-13	   8.0000000000000000e+00	
   6.7500000000000000e+00	   6.9722005946459831e-13	   8.0000000000000000e+00	
   6.7599999999999998e+00	   6.9100281052669743e-13	   8.0000000000000000e+00	
   6.7699999999999996e+00	   6.8212102632969618e-13	   8.0000000000000000e+00	
   6.7800000000000002e+00	   6.6702199319479405e-13	   8.0000000000000000e+00	
   6.7900000000000000e+00	   6.4659388954169117e-13	   8.0000000000000000e+00	
   6.7999999999999998e+00	   6.2350125062948791e-13	   8.0000000000000000e+00	
   6.8100000000000005e+00	   6.0396132539608516e-13	   8.0000000000000000e+00	
   6.8200000000000003e+00	   5.8530957858238253e-13	   8.0000000000000000e+00	
   6.8300000000000001e+00	   5.6488147492927965e-13	   8.0000000000000000e+00	
   6.8399999999999999e+00	   5.3912430075797602e-13	   8.0000000000000000e+00	
   6.8499999999999996e+00	   5.1336712658667238e-13	   8.0000000000000000e+00	
   6.8599999999999994e+00	   4.8139270347746788e-13	   8.0000000000000000e+00	
   6.8700000000000001e+00	   4.5563552930616424e-13	   8.0000000000000000e+00	
   6.8799999999999999e+00	   4.2899017671516049e-13	   8.0000000000000000e+00	
   6.8899999999999997e+00	   4.0145664570445661e-13	   8.0000000000000000e+00	
   6.9000000000000004e+00	   3.6681768733615172e-13	   8.0000000000000000e+00	
   6.9100000000000001e+00	   3.3217872896784684e-13	   8.0000000000000000e+00	
   6.9199999999999999e+00	   2.9665159217984183e-13	   8.0000000000000000e+00	
   6.9299999999999997e+00	   2.6467716907063732e-13	   8.0000000000000000e+00	
   6.9399999999999995e+00	   2.3092638912203256e-13	   8.0000000000000000e+00	
   6.9500000000000002e+00	   1.9362289549462730e-13	   8.0000000000000000e+00	
   6.9600000000000000e+00	   1.5631940186722204e-13	   8.0000000000000000e+00	
   6.9699999999999998e+00	   1.1723955140041653e-13	   8.0000000000000000e+00	
   6.9800000000000004e+00	   8.0824236192711396e-14	   8.0000000000000000e+00	
   6.9900000000000002e+00	   3.9968028886505635e-14	   8.0000000000000000e+00	
   7.0000000000000000e+00	   8.8817841970012523e-16	   1.0000000000000000e+00	
   7.0099999999999998e+00	   4.3520742565306136e-14	   8.0000000000000000e+00	
   7.0199999999999996e+00	   8.2600593032111647e-14	   8.0000000000000000e+00	
   7.0300000000000002e+00	   1.2079226507921703e-13	   8.0000000000000000e+00	
   7.0400000000000000e+00	   1.6253665080512292e-13	   8.0000000000000000e+00	
   7.0499999999999998e+00	   2.0428103653102880e-13	   8.0000000000000000e+00	
   7.0599999999999996e+00	   2.4868995751603507e-13	   8.0000000000000000e+00	
   7.0700000000000003e+00	   2.8688162956314045e-13	   8.0000000000000000e+00	
   7.0800000000000001e+00	   3.2507330161024584e-13	   8.0000000000000000e+00	
   7.0899999999999999e+00	   3.6859404417555197e-13	   8.0000000000000000e+00	
   7.0999999999999996e+00	   4.1211478674085811e-13	   8.0000000000000000e+00	
   7.1100000000000003e+00	   4.5385917246676399e-13	   8.0000000000000000e+00	
   7.1200000000000001e+00	   4.9382720135326963e-13	   8.0000000000000000e+00	
   7.1299999999999999e+00	   5.3201887340037501e-13	   8.0000000000000000e+00	
   7.1399999999999997e+00	   5.6754601018838002e-13	   8.0000000000000000e+00	
   7.1500000000000004e+00	   6.1284310959308641e-13	   8.0000000000000000e+00	
   7.1600000000000001e+00	   6.5458749531899230e-13	   8.0000000000000000e+00	
   7.1699999999999999e+00	   6.9366734578579781e-13	   8.0000000000000000e+00	
   7.1799999999999997e+00	   7.3185901783290319e-13	   8.0000000000000000e+00	
   7.1899999999999995e+00	   7.6294526252240757e-13	   8.0000000000000000e+00	
   7.2000000000000002e+00	   7.9936057773011271e-13	   8.0000000000000000e+00	
   7.2100000000000000e+00	   8.4110496345601860e-13	   8.0000000000000000e+00	
   7.2199999999999998e+00	   8.8018481392282411e-13	   8.0000000000000000e+00	
   7.2300000000000004e+00	   9.1304741545172874e-13	   8.0000000000000000e+00	
   7.2400000000000002e+00	   9.4058094646243262e-13	   8.0000000000000000e+00	
   7.2500000000000000e+00	   9.6633812063373625e-13	   8.0000000000000000e+00	
   7.2599999999999998e+00	   1.0054179711005418e-12	   8.0000000000000000e+00	
   7.2699999999999996e+00	   1.0427214647279470e-12	   8.0000000000000000e+00	
   7.2800000000000002e+00	   1.0729195309977513e-12	   8.0000000000000000e+00	
   7.2900000000000000e+00	   1.0977885267493548e-12	   8.0000000000000000e+00	
   7.2999999999999998e+00	   1.1173284519827575e-12	   8.0000000000000000e+00	
   7.3099999999999996e+00	   1.1430856261540612e-12	   8.0000000000000000e+00	
   7.3200000000000003e+00	   1.1750600492632657e-12	   8.0000000000000000e+00	
   7.3300000000000001e+00	   1.2025935802739696e-12	   8.0000000000000000e+00	
   7.3399999999999999e+00	   1.2247980407664727e-12	   8.0000000000000000e+00	
   7.3499999999999996e+00	   1.2407852523210749e-12	   8.0000000000000000e+00	
   7.3600000000000003e+00	   1.2487788580983761e-12	   8.0000000000000000e+00	
   7.3700000000000001e+00	   1.2763123891090800e-12	   8.0000000000000000e+00	
   7.3799999999999999e+00	   1.2994050280212832e-12	   8.0000000000000000e+00	
   7.3899999999999997e+00	   1.3171685964152857e-12	   8.0000000000000000e+00	
   7.4000000000000004e+00	   1.3287149158713873e-12	   8.0000000000000000e+00	
   7.4100000000000001e+00	   1.3331558079698880e-12	   8.0000000000000000e+00	
   7.4199999999999999e+00	   1.3393730569077889e-12	   8.0000000000000000e+00	
   7.4299999999999997e+00	   1.3598011605608917e-12	   8.0000000000000000e+00	
   7.4399999999999995e+00	   1.3749001936957939e-12	   8.0000000000000000e+00	
   7.4500000000000002e+00	   1.3793410857942945e-12	   8.0000000000000000e+00	
   7.4600000000000000e+00	   1.3784529073745944e-12	   8.0000000000000000e+00	
   7.4699999999999998e+00	   1.3731238368563936e-12	   8.0000000000000000e+00	
   7.4800000000000004e+00	   1.3828937994730950e-12	   8.0000000000000000e+00	
   7.4900000000000002e+00	   1.3908874052503961e-12	   8.0000000000000000e+00	
   7.5099999999999998e+00	   6.1017857433398603e-13	   8.0000000000000000e+00	
   7.5199999999999996e+00	   5.9952043329758453e-13	   8.0000000000000000e+00	
   7.5300000000000002e+00	   5.8619775700208265e-13	   8.0000000000000000e+00	
   7.5400000000000000e+00	   5.7998050806418178e-13	   8.0000000000000000e+00	
   7.5499999999999998e+00	   5.7287508070658077e-13	   8.0000000000000000e+00	
   7.5599999999999996e+00	   5.6488147492927965e-13	   8.0000000000000000e+00	
   7.5700000000000003e+00	   5.4889426337467739e-13	   8.0000000000000000e+00	
   7.5800000000000001e+00	   5.3290705182007514e-13	   8.0000000000000000e+00	
   7.5899999999999999e+00	   5.2402526762307389e-13	   8.0000000000000000e+00	
   7.5999999999999996e+00	   5.1514348342607263e-13	   8.0000000000000000e+00	
   7.6100000000000003e+00	   5.0359716396997101e-13	   8.0000000000000000e+00	
   7.6200000000000001e+00	   4.9027448767446913e-13	   8.0000000000000000e+00	
   7.6299999999999999e+00	   4.7428727611986687e-13	   8.0000000000000000e+00	
   7.6399999999999997e+00	   4.5918824298496475e-13	   8.0000000000000000e+00	
   7.6500000000000004e+00	   4.5030645878796349e-13	   8.0000000000000000e+00	
   7.6600000000000001e+00	   4.3698378249246161e-13	   8.0000000000000000e+00	
   7.6699999999999999e+00	   4.2543746303635999e-13	   8.0000000000000000e+00	
   7.6799999999999997e+00	   4.0945025148175773e-13	   8.0000000000000000e+00	
   7.6900000000000004e+00	   3.9346303992715548e-13	   8.0000000000000000e+00	
   7.7000000000000002e+00	   3.7836400679225335e-13	   8.0000000000000000e+00	
   7.7100000000000000e+00	   3.6681768733615172e-13	   8.0000000000000000e+00	
   7.7199999999999998e+00	   3.5527136788005009e-13	   8.0000000000000000e+00	
   7.7300000000000004e+00	   3.4106051316484809e-13	   8.0000000000000000e+00	
   7.7400000000000002e+00	   3.2240876635114546e-13	   8.0000000000000000e+00	
   7.7500000000000000e+00	   3.0642155479654321e-13	   8.0000000000000000e+00	
   7.7599999999999998e+00	   2.9487523534044158e-13	   8.0000000000000000e+00	
   7.7699999999999996e+00	   2.8332891588433995e-13	   8.0000000000000000e+00	
   7.7800000000000002e+00	   2.6822988274943782e-13	   8.0000000000000000e+00	
   7.7900000000000000e+00	   2.5313084961453569e-13	   8.0000000000000000e+00	
   7.7999999999999998e+00	   2.3714363805993344e-13	   8.0000000000000000e+00	
   7.8099999999999996e+00	   2.2559731860383181e-13	   8.0000000000000000e+00	
   7.8200000000000003e+00	   2.1227464230832993e-13	   8.0000000000000000e+00	
   7.8300000000000001e+00	   1.9717560917342780e-13	   8.0000000000000000e+00	
   7.8399999999999999e+00	   1.8385293287792592e-13	   8.0000000000000000e+00	
   7.8499999999999996e+00	   1.7230661342182430e-13	   8.0000000000000000e+00	
   7.8600000000000003e+00	   1.5631940186722204e-13	   8.0000000000000000e+00	
   7.8700000000000001e+00	   1.4388490399142029e-13	   8.0000000000000000e+00	
   7.8799999999999999e+00	   1.3322676295501878e-13	   8.0000000000000000e+00	
   7.8899999999999997e+00	   1.2256862191861728e-13	   8.0000000000000000e+00	
   7.9000000000000004e+00	   1.0746958878371515e-13	   8.0000000000000000e+00	
   7.9100000000000001e+00	   9.5035090907913400e-14	   8.0000000000000000e+00	
   7.9199999999999999e+00	   8.3488771451811772e-14	   8.0000000000000000e+00	
   7.9299999999999997e+00	   7.2830630415410269e-14	   8.0000000000000000e+00	
   7.9400000000000004e+00	   6.2172489379008766e-14	   8.0000000000000000e+00	
   7.9500000000000002e+00	   5.0626169922907138e-14	   8.0000000000000000e+00	
   7.9600000000000000e+00	   3.9079850466805510e-14	   8.0000000000000000e+00	
   7.9699999999999998e+00	   2.9309887850104133e-14	   8.0000000000000000e+00	
   7.9800000000000004e+00	   2.1316282072803006e-14	   8.0000000000000000e+00	
   7.9900000000000002e+00	   1.0658141036401503e-14	   8.0000000000000000e+00	
   8.0000000000000000e+00	   8.8817841970012523e-16	   4.0000000000000000e+00	
