   5.1000000000000001e-01	   1.3020683280954186e+00	   1.0000000000000000e+00	
   5.2000000000000002e-01	   1.3036214155735990e+00	   1.0000000000000000e+00	
   5.3000000000000003e-01	   1.3051203487948073e+00	   1.0000000000000000e+00	
   5.4000000000000004e-01	   1.3077869439102918e+00	   1.0000000000000000e+00	
   5.5000000000000004e-01	   1.3099543466104100e+00	   1.0000000000000000e+00	
   5.6000000000000005e-01	   1.3116073015897511e+00	   1.0000000000000000e+00	
   5.7000000000000006e-01	   1.3127301510184268e+00	   1.0000000000000000e+00	
   5.7999999999999996e-01	   1.3133068618041961e+00	   1.0000000000000000e+00	
   5.8999999999999997e-01	   1.3148850116572064e+00	   1.0000000000000000e+00	
   5.9999999999999998e-01	   1.3167181555215723e+00	   1.0000000000000000e+00	
   6.0999999999999999e-01	   1.3180213821299473e+00	   1.0000000000000000e+00	
   6.2000000000000000e-01	   1.3187814869881311e+00	   1.0000000000000000e+00	
   6.3000000000000000e-01	   1.3189850515190602e+00	   1.0000000000000000e+00	
   6.4000000000000001e-01	   1.3188941875182496e+00	   1.0000000000000000e+00	
   6.5000000000000002e-01	   1.3204535019607690e+00	   1.0000000000000000e+00	
   6.6000000000000003e-01	   1.3214691644189596e+00	   1.0000000000000000e+00	
   6.7000000000000004e-01	   1.3219307103407560e+00	   1.0000000000000000e+00	
   6.7999999999999994e-01	   1.3218275956595731e+00	   1.0000000000000000e+00	
   6.8999999999999995e-01	   1.3211492943140493e+00	   1.0000000000000000e+00	
   6.9999999999999996e-01	   1.3213371339703692e+00	   1.0000000000000000e+00	
   7.0999999999999996e-01	   1.3221223388527561e+00	   1.0000000000000000e+00	
   7.1999999999999997e-01	   1.3223446667571186e+00	   1.0000000000000000e+00	
   7.2999999999999998e-01	   1.3219965971131931e+00	   1.0000000000000000e+00	
   7.3999999999999999e-01	   1.3210707511431392e+00	   1.0000000000000000e+00	
   7.5000000000000000e-01	   1.3195600101641720e+00	   1.0000000000000000e+00	
   7.6000000000000001e-01	   1.3201655523682025e+00	   1.0000000000000000e+00	
   7.7000000000000002e-01	   1.3202019221188059e+00	   1.0000000000000000e+00	
   7.8000000000000003e-01	   1.3196646706709680e+00	   1.0000000000000000e+00	
   7.9000000000000004e-01	   1.3185495860585910e+00	   1.0000000000000000e+00	
   8.0000000000000004e-01	   1.3168528151520817e+00	   1.0000000000000000e+00	
   8.1000000000000005e-01	   1.3157955862290440e+00	   1.0000000000000000e+00	
   8.2000000000000006e-01	   1.3156922759727441e+00	   1.0000000000000000e+00	
   8.3000000000000007e-01	   1.3150147709653963e+00	   1.0000000000000000e+00	
   8.4000000000000008e-01	   1.3137619614583276e+00	   1.0000000000000000e+00	
   8.5000000000000009e-01	   1.3119331650510306e+00	   1.0000000000000000e+00	
   8.5999999999999999e-01	   1.3095282459249804e+00	   1.0000000000000000e+00	
   8.7000000000000000e-01	   1.3090156392410572e+00	   1.0000000000000000e+00	
   8.8000000000000000e-01	   1.3082393995591697e+00	   1.0000000000000000e+00	
   8.9000000000000001e-01	   1.3068930224591631e+00	   1.0000000000000000e+00	
   9.0000000000000002e-01	   1.3049788364710349e+00	   1.0000000000000000e+00	
   9.1000000000000003e-01	   1.3024997510588761e+00	   1.0000000000000000e+00	
   9.1999999999999993e-01	   1.3003803400074370e+00	   1.0000000000000000e+00	
   9.2999999999999994e-01	   1.2995392374920258e+00	   1.0000000000000000e+00	
   9.3999999999999995e-01	   1.2981358377706631e+00	   1.0000000000000000e+00	
   9.4999999999999996e-01	   1.2961752702197762e+00	   1.0000000000000000e+00	
   9.5999999999999996e-01	   1.2936632554902778e+00	   1.0000000000000000e+00	
   9.6999999999999997e-01	   1.2906061974953755e+00	   1.0000000000000000e+00	
   9.7999999999999998e-01	   1.2891212903293816e+00	   1.0000000000000000e+00	
   9.8999999999999999e-01	   1.2876898372917844e+00	   1.0000000000000000e+00	
   1.0000000000000000e+00	   1.2857142857142856e+00	   1.0000000000000000e+00	
   1.0100000000000000e+00	   3.6475146323011809e-01	   1.0000000000000000e+00	
   1.0200000000000000e+00	   3.3126250816927927e-01	   1.0000000000000000e+00	
   1.0300000000000000e+00	   3.1131007875582051e-01	   1.0000000000000000e+00	
   1.0400000000000000e+00	   3.3339663185028234e-01	   1.0000000000000000e+00	
   1.0500000000000000e+00	   3.5525505060821594e-01	   1.0000000000000000e+00	
   1.0600000000000001e+00	   3.5272170399146052e-01	   1.0000000000000000e+00	
   1.0700000000000001e+00	   3.2110840790850603e-01	   1.0000000000000000e+00	
   1.0800000000000001e+00	   2.9103007280880311e-01	   1.0000000000000000e+00	
   1.0899999999999999e+00	   2.9459072502171324e-01	   1.0000000000000000e+00	
   1.1000000000000001e+00	   3.1426996428510146e-01	   1.0000000000000000e+00	
   1.1099999999999999e+00	   3.3366640717824736e-01	   1.0000000000000000e+00	
   1.1200000000000001e+00	   3.0942529312449274e-01	   1.0000000000000000e+00	
   1.1299999999999999e+00	   2.8108186552294834e-01	   1.0000000000000000e+00	
   1.1400000000000001e+00	   2.5900880769155554e-01	   1.0000000000000000e+00	
   1.1499999999999999e+00	   2.7671246077787770e-01	   1.0000000000000000e+00	
   1.1600000000000001e+00	   2.9412511867602298e-01	   1.0000000000000000e+00	
   1.1699999999999999e+00	   2.9639522282172859e-01	   1.0000000000000000e+00	
   1.1800000000000002e+00	   2.6977307047266352e-01	   1.0000000000000000e+00	
   1.1899999999999999e+00	   2.4440112597951646e-01	   1.0000000000000000e+00	
   1.2000000000000002e+00	   2.4231277176044319e-01	   1.0000000000000000e+00	
   1.2100000000000000e+00	   2.5791690207816442e-01	   1.0000000000000000e+00	
   1.2200000000000000e+00	   2.7319517664988235e-01	   1.0000000000000000e+00	
   1.2300000000000000e+00	   2.5726171874321269e-01	   1.0000000000000000e+00	
   1.2400000000000000e+00	   2.3349660350709356e-01	   1.0000000000000000e+00	
   1.2500000000000000e+00	   2.1547059818584891e-01	   1.0000000000000000e+00	
   1.2600000000000000e+00	   2.2479428124736489e-01	   1.0000000000000000e+00	
   1.2700000000000000e+00	   2.3841397103983053e-01	   1.0000000000000000e+00	
   1.2800000000000000e+00	   2.4369308199218831e-01	   1.0000000000000000e+00	
   1.2900000000000000e+00	   2.2151665577144763e-01	   1.0000000000000000e+00	
   1.3000000000000000e+00	   2.0037778127251360e-01	   1.0000000000000000e+00	
   1.3100000000000001e+00	   1.9702718417084286e-01	   1.0000000000000000e+00	
   1.3200000000000001e+00	   2.0664301730511214e-01	   1.0000000000000000e+00	
   1.3300000000000001e+00	   2.1838814304474763e-01	   1.0000000000000000e+00	
   1.3399999999999999e+00	   2.0859052600408234e-01	   1.0000000000000000e+00	
   1.3500000000000001e+00	   1.8894424686472444e-01	   1.0000000000000000e+00	
   1.3599999999999999e+00	   1.8071717878740556e-01	   1.0000000000000000e+00	
   1.3700000000000001e+00	   1.7804669263627271e-01	   1.0000000000000000e+00	
   1.3799999999999999e+00	   1.8802775743405920e-01	   1.0000000000000000e+00	
   1.3900000000000001e+00	   1.9483916464664941e-01	   1.0000000000000000e+00	
   1.3999999999999999e+00	   1.7666418030188913e-01	   1.0000000000000000e+00	
   1.4100000000000001e+00	   1.6494242636250256e-01	   1.0000000000000000e+00	
   1.4199999999999999e+00	   1.6148275302738013e-01	   1.0000000000000000e+00	
   1.4300000000000002e+00	   1.6042237230926504e-01	   1.0000000000000000e+00	
   1.4399999999999999e+00	   1.6910051158126049e-01	   1.0000000000000000e+00	
   1.4500000000000002e+00	   1.6364776090274180e-01	   1.0000000000000000e+00	
   1.4600000000000000e+00	   1.4899755929620029e-01	   1.0000000000000000e+00	
   1.4700000000000000e+00	   1.4523924587493542e-01	   1.0000000000000000e+00	
   1.4800000000000000e+00	   1.3541609812569977e-01	   1.0000000000000000e+00	
   1.4900000000000000e+00	   1.4288828233999218e-01	   1.0000000000000000e+00	
   1.5100000000000000e+00	   1.3545108239032611e-01	   1.0000000000000000e+00	
   1.5200000000000000e+00	   1.2164646795256928e-01	   1.0000000000000000e+00	
   1.5300000000000000e+00	   1.2256717589390620e-02	   1.0000000000000000e+00	
   1.5400000000000000e+00	   1.2138640415030100e-02	   1.0000000000000000e+00	
   1.5500000000000000e+00	   1.1961891249330892e-02	   1.0000000000000000e+00	
   1.5600000000000001e+00	   1.1729360794482169e-02	   1.0000000000000000e+00	
   1.5700000000000001e+00	   1.1444313025737562e-02	   1.0000000000000000e+00	
   1.5800000000000001e+00	   1.1110346404666460e-02	   1.0000000000000000e+00	
   1.5900000000000001e+00	   1.0895446248108787e-02	   1.0000000000000000e+00	
   1.6000000000000001e+00	   1.0711402985570384e-02	   1.0000000000000000e+00	
   1.6100000000000001e+00	   1.0477351655955536e-02	   1.0000000000000000e+00	
   1.6200000000000001e+00	   1.0196699125156972e-02	   1.0000000000000000e+00	
   1.6300000000000001e+00	   9.8731283105406575e-03	   1.0000000000000000e+00	
   1.6400000000000001e+00	   9.5346009701926526e-03	   1.0000000000000000e+00	
   1.6500000000000001e+00	   9.3464392769024851e-03	   1.0000000000000000e+00	
   1.6599999999999999e+00	   9.1141797619269660e-03	   1.0000000000000000e+00	
   1.6699999999999999e+00	   8.8413028862237564e-03	   1.0000000000000000e+00	
   1.6799999999999999e+00	   8.5315109077122031e-03	   1.0000000000000000e+00	
   1.6899999999999999e+00	   8.1886890503402032e-03	   1.0000000000000000e+00	
   1.7000000000000000e+00	   7.9159909227251024e-03	   1.0000000000000000e+00	
   1.7100000000000000e+00	   7.6873095760243704e-03	   1.0000000000000000e+00	
   1.7200000000000000e+00	   7.4239832757292401e-03	   1.0000000000000000e+00	
   1.7300000000000000e+00	   7.1296798917315218e-03	   1.0000000000000000e+00	
   1.7400000000000000e+00	   6.8082017676691642e-03	   1.0000000000000000e+00	
   1.7500000000000000e+00	   6.4634484014993721e-03	   1.0000000000000000e+00	
   1.7600000000000000e+00	   6.2390034117809634e-03	   1.0000000000000000e+00	
   1.7700000000000000e+00	   5.9857998876124974e-03	   1.0000000000000000e+00	
   1.7800000000000000e+00	   5.7074274300465966e-03	   1.0000000000000000e+00	
   1.7900000000000000e+00	   5.4075659085921490e-03	   1.0000000000000000e+00	
   1.8000000000000000e+00	   5.0899504642181181e-03	   1.0000000000000000e+00	
   1.8100000000000001e+00	   4.8062380821651818e-03	   1.0000000000000000e+00	
   1.8200000000000001e+00	   4.5628828747965589e-03	   1.0000000000000000e+00	
   1.8300000000000001e+00	   4.2999768913158931e-03	   1.0000000000000000e+00	
   1.8400000000000001e+00	   4.0210461695737720e-03	   1.0000000000000000e+00	
   1.8500000000000001e+00	   3.7296344110160362e-03	   1.0000000000000000e+00	
   1.8600000000000001e+00	   3.4292713612404935e-03	   1.0000000000000000e+00	
   1.8700000000000001e+00	   3.1864081510060149e-03	   1.0000000000000000e+00	
   1.8800000000000001e+00	   2.9379106677769329e-03	   1.0000000000000000e+00	
   1.8900000000000001e+00	   2.6785840633298807e-03	   1.0000000000000000e+00	
   1.9000000000000001e+00	   2.4117602197175625e-03	   1.0000000000000000e+00	
   1.9099999999999999e+00	   2.1407263368906637e-03	   1.0000000000000000e+00	
   1.9199999999999999e+00	   1.8826626838528426e-03	   1.0000000000000000e+00	
   1.9299999999999999e+00	   1.6471878304140652e-03	   1.0000000000000000e+00	
   1.9399999999999999e+00	   1.4057690344342344e-03	   1.0000000000000000e+00	
   1.9500000000000000e+00	   1.1615115180698687e-03	   1.0000000000000000e+00	
   1.9600000000000000e+00	   9.1744896330281378e-04	   1.0000000000000000e+00	
   1.9700000000000000e+00	   6.7651909790544806e-04	   1.0000000000000000e+00	
   1.9800000000000000e+00	   4.4923887874670498e-04	   1.0000000000000000e+00	
   1.9900000000000000e+00	   2.2388757786018232e-04	   1.0000000000000000e+00	
   2.0000000000000000e+00	   4.4408920985006262e-16	   1.0000000000000000e+00	
   2.0099999999999998e+00	   2.1967349959783888e-04	   1.0000000000000000e+00	
   2.0200000000000000e+00	   4.3248489413993951e-04	   1.0000000000000000e+00	
   2.0300000000000002e+00	   6.3902454861830549e-04	   1.0000000000000000e+00	
   2.0400000000000000e+00	   8.5028110256057943e-04	   1.0000000000000000e+00	
   2.0499999999999998e+00	   1.0561986059718365e-03	   1.0000000000000000e+00	
   2.0600000000000001e+00	   1.2542238757982105e-03	   1.0000000000000000e+00	
   2.0700000000000003e+00	   1.4419150053965879e-03	   1.0000000000000000e+00	
   2.0800000000000001e+00	   1.6169603668929611e-03	   1.0000000000000000e+00	
   2.0899999999999999e+00	   1.8039348778540187e-03	   1.0000000000000000e+00	
   2.1000000000000001e+00	   1.9940118084225134e-03	   1.0000000000000000e+00	
   2.1100000000000003e+00	   2.1728435050705208e-03	   1.0000000000000000e+00	
   2.1200000000000001e+00	   2.3382180872406622e-03	   1.0000000000000000e+00	
   2.1299999999999999e+00	   2.4880687883306329e-03	   1.0000000000000000e+00	
   2.1400000000000001e+00	   2.6270582235863316e-03	   1.0000000000000000e+00	
   2.1500000000000004e+00	   2.8032582158896702e-03	   1.0000000000000000e+00	
   2.1600000000000001e+00	   2.9652256290861878e-03	   1.0000000000000000e+00	
   2.1699999999999999e+00	   3.1109762692653753e-03	   1.0000000000000000e+00	
   2.1799999999999997e+00	   3.2386840404705630e-03	   1.0000000000000000e+00	
   2.1899999999999999e+00	   3.3466959862731294e-03	   1.0000000000000000e+00	
   2.2000000000000002e+00	   3.4771633067536278e-03	   1.0000000000000000e+00	
   2.2100000000000000e+00	   3.6243642573334789e-03	   1.0000000000000000e+00	
   2.2199999999999998e+00	   3.7529634245974108e-03	   1.0000000000000000e+00	
   2.2300000000000000e+00	   3.8613698379648120e-03	   1.0000000000000000e+00	
   2.2400000000000002e+00	   3.9331986423256637e-03	   2.0000000000000000e+00	
   2.2500000000000000e+00	   3.9581295448924969e-03	   2.0000000000000000e+00	
   2.2599999999999998e+00	   4.0493484774013488e-03	   2.0000000000000000e+00	
   2.2700000000000000e+00	   4.1188956990798609e-03	   2.0000000000000000e+00	
   2.2800000000000002e+00	   4.1661783586430801e-03	   2.0000000000000000e+00	
   2.2900000000000000e+00	   4.1908152860856696e-03	   2.0000000000000000e+00	
   2.2999999999999998e+00	   4.1926341490716723e-03	   2.0000000000000000e+00	
   2.3100000000000001e+00	   4.2134338300501284e-03	   2.0000000000000000e+00	
   2.3200000000000003e+00	   4.2643654748579785e-03	   2.0000000000000000e+00	
   2.3300000000000001e+00	   4.2932210498975998e-03	   2.0000000000000000e+00	
   2.3399999999999999e+00	   4.2998737877457671e-03	   2.0000000000000000e+00	
   2.3500000000000001e+00	   4.2843884448715563e-03	   2.0000000000000000e+00	
   2.3600000000000003e+00	   4.2470156056011454e-03	   2.0000000000000000e+00	
   2.3700000000000001e+00	   4.2726020796868269e-03	   2.0000000000000000e+00	
   2.3799999999999999e+00	   4.2871704098605967e-03	   2.0000000000000000e+00	
   2.3900000000000001e+00	   4.2802402833763686e-03	   2.0000000000000000e+00	
   2.4000000000000004e+00	   4.2520747208563137e-03	   2.0000000000000000e+00	
   2.4100000000000001e+00	   4.2031047936874621e-03	   2.0000000000000000e+00	
   2.4199999999999999e+00	   4.1649550874964802e-03	   2.0000000000000000e+00	
   2.4299999999999997e+00	   4.1684007756392916e-03	   2.0000000000000000e+00	
   2.4399999999999999e+00	   4.1512832820673751e-03	   2.0000000000000000e+00	
   2.4500000000000002e+00	   4.1140295733965715e-03	   2.0000000000000000e+00	
   2.4600000000000000e+00	   4.0572175860837945e-03	   2.0000000000000000e+00	
   2.4699999999999998e+00	   3.9815676811980616e-03	   2.0000000000000000e+00	
   2.4800000000000000e+00	   3.9564270080529873e-03	   2.0000000000000000e+00	
   2.4900000000000002e+00	   3.9316599688214993e-03	   2.0000000000000000e+00	
   2.5100000000000002e+00	   6.7463977391346575e-04	   2.0000000000000000e+00	
   2.5200000000000000e+00	   6.6054392167380627e-04	   2.0000000000000000e+00	
   2.5300000000000002e+00	   6.4674273430176399e-04	   2.0000000000000000e+00	
   2.5400000000000000e+00	   6.4106111593487114e-04	   2.0000000000000000e+00	
   2.5499999999999998e+00	   6.3231300831345649e-04	   2.0000000000000000e+00	
   2.5600000000000001e+00	   6.2064051219623551e-04	   2.0000000000000000e+00	
   2.5699999999999998e+00	   6.0620477647654880e-04	   2.0000000000000000e+00	
   2.5800000000000001e+00	   5.8918420336695476e-04	   2.0000000000000000e+00	
   2.5899999999999999e+00	   5.7826535600113971e-04	   2.0000000000000000e+00	
   2.6000000000000001e+00	   5.6889982098740077e-04	   2.0000000000000000e+00	
   2.6099999999999999e+00	   5.5690190340484946e-04	   2.0000000000000000e+00	
   2.6200000000000001e+00	   5.4244277085402359e-04	   2.0000000000000000e+00	
   2.6299999999999999e+00	   5.2570796734974223e-04	   2.0000000000000000e+00	
   2.6400000000000001e+00	   5.0814621982819830e-04	   2.0000000000000000e+00	
   2.6499999999999999e+00	   4.9695701338148268e-04	   3.0000000000000000e+00	
   2.6600000000000001e+00	   4.8166930469495384e-04	   3.0000000000000000e+00	
   2.6699999999999999e+00	   4.6445692985352949e-04	   3.0000000000000000e+00	
   2.6800000000000002e+00	   4.4554338804170257e-04	   3.0000000000000000e+00	
   2.6899999999999999e+00	   4.2515609260140863e-04	   3.0000000000000000e+00	
   2.7000000000000002e+00	   4.0852728450690989e-04	   3.0000000000000000e+00	
   2.7100000000000000e+00	   3.9428646839390069e-04	   3.0000000000000000e+00	
   2.7200000000000002e+00	   3.7847078955888236e-04	   3.0000000000000000e+00	
   2.7300000000000000e+00	   3.6129070804147290e-04	   3.0000000000000000e+00	
   2.7400000000000002e+00	   3.4295836744702157e-04	   3.0000000000000000e+00	
   2.7500000000000000e+00	   3.2368582183517347e-04	   3.0000000000000000e+00	
   2.7600000000000002e+00	   3.1049965370044674e-04	   3.0000000000000000e+00	
   2.7700000000000000e+00	   2.9606521496461369e-04	   3.0000000000000000e+00	
   2.7800000000000002e+00	   2.8057848931162255e-04	   3.0000000000000000e+00	
   2.7900000000000000e+00	   2.6423526705521283e-04	   3.0000000000000000e+00	
   2.8000000000000003e+00	   2.4722956236455929e-04	   3.0000000000000000e+00	
   2.8100000000000001e+00	   2.3202721570703133e-04	   3.0000000000000000e+00	
   2.8199999999999998e+00	   2.1890555629999753e-04	   3.0000000000000000e+00	
   2.8300000000000001e+00	   2.0501820836438256e-04	   3.0000000000000000e+00	
   2.8399999999999999e+00	   1.9054404688390036e-04	   3.0000000000000000e+00	
   2.8500000000000001e+00	   1.7565878526193401e-04	   3.0000000000000000e+00	
   2.8599999999999999e+00	   1.6053364954382587e-04	   3.0000000000000000e+00	
   2.8700000000000001e+00	   1.4822874849107492e-04	   3.0000000000000000e+00	
   2.8799999999999999e+00	   1.3581345909319253e-04	   3.0000000000000000e+00	
   2.8900000000000001e+00	   1.2305475620433270e-04	   3.0000000000000000e+00	
   2.8999999999999999e+00	   1.1011017332096529e-04	   3.0000000000000000e+00	
   2.9100000000000001e+00	   9.7131807667683034e-05	   3.0000000000000000e+00	
   2.9199999999999999e+00	   8.4890109377511180e-05	   3.0000000000000000e+00	
   2.9300000000000002e+00	   7.3802487379204251e-05	   3.0000000000000000e+00	
   2.9399999999999999e+00	   6.2588559609277894e-05	   3.0000000000000000e+00	
   2.9500000000000002e+00	   5.1388099212790195e-05	   3.0000000000000000e+00	
   2.9600000000000000e+00	   4.0334712757328361e-05	   3.0000000000000000e+00	
   2.9700000000000002e+00	   2.9554934289688362e-05	   3.0000000000000000e+00	
   2.9800000000000000e+00	   1.9500887045609261e-05	   3.0000000000000000e+00	
   2.9900000000000002e+00	   9.6567510996514727e-06	   3.0000000000000000e+00	
   3.0000000000000000e+00	   4.4408920985006262e-16	   1.0000000000000000e+00	
   3.0100000000000002e+00	   9.3534419671748026e-06	   3.0000000000000000e+00	
   3.0200000000000000e+00	   1.8295103691112757e-05	   3.0000000000000000e+00	
   3.0300000000000002e+00	   2.6856535839225870e-05	   3.0000000000000000e+00	
   3.0400000000000000e+00	   3.5500751276007492e-05	   3.0000000000000000e+00	
   3.0500000000000003e+00	   4.3808515564069950e-05	   3.0000000000000000e+00	
   3.0600000000000001e+00	   5.1680524031816333e-05	   3.0000000000000000e+00	
   3.0699999999999998e+00	   5.9025165917603317e-05	   3.0000000000000000e+00	
   3.0800000000000001e+00	   6.5759063187176281e-05	   3.0000000000000000e+00	
   3.0899999999999999e+00	   7.2876907202257257e-05	   3.0000000000000000e+00	
   3.1000000000000001e+00	   8.0017175887903136e-05	   3.0000000000000000e+00	
   3.1099999999999999e+00	   8.6612119849061031e-05	   3.0000000000000000e+00	
   3.1200000000000001e+00	   9.2585823511015519e-05	   3.0000000000000000e+00	
   3.1299999999999999e+00	   9.7870594756077622e-05	   3.0000000000000000e+00	
   3.1400000000000001e+00	   1.0265978409185195e-04	   3.0000000000000000e+00	
   3.1499999999999999e+00	   1.0879632535454320e-04	   3.0000000000000000e+00	
   3.1600000000000001e+00	   1.1429983934085897e-04	   3.0000000000000000e+00	
   3.1699999999999999e+00	   1.1910887107813295e-04	   3.0000000000000000e+00	
   3.1800000000000002e+00	   1.2317007824469428e-04	   3.0000000000000000e+00	
   3.1899999999999999e+00	   1.2643846216198185e-04	   3.0000000000000000e+00	
   3.2000000000000002e+00	   1.3047482889616546e-04	   3.0000000000000000e+00	
   3.2100000000000000e+00	   1.3505078674924675e-04	   3.0000000000000000e+00	
   3.2200000000000002e+00	   1.3887845647975183e-04	   3.0000000000000000e+00	
   3.2300000000000000e+00	   1.4191751650116657e-04	   3.0000000000000000e+00	
   3.2400000000000002e+00	   1.4413569854188069e-04	   3.0000000000000000e+00	
   3.2500000000000000e+00	   1.4550885372210942e-04	   3.0000000000000000e+00	
   3.2600000000000002e+00	   1.4929793564144589e-04	   3.0000000000000000e+00	
   3.2700000000000000e+00	   1.5230305389479781e-04	   3.0000000000000000e+00	
   3.2800000000000002e+00	   1.5449560755920189e-04	   3.0000000000000000e+00	
   3.2900000000000000e+00	   1.5585469759837878e-04	   3.0000000000000000e+00	
   3.3000000000000003e+00	   1.5636711527200475e-04	   3.0000000000000000e+00	
   3.3100000000000001e+00	   1.5757226397816737e-04	   3.0000000000000000e+00	
   3.3199999999999998e+00	   1.5988889984619448e-04	   3.0000000000000000e+00	
   3.3300000000000001e+00	   1.6138448805724792e-04	   3.0000000000000000e+00	
   3.3399999999999999e+00	   1.6204819502263490e-04	   3.0000000000000000e+00	
   3.3500000000000001e+00	   1.6187640898968070e-04	   3.0000000000000000e+00	
   3.3599999999999999e+00	   1.6087260287056537e-04	   3.0000000000000000e+00	
   3.3700000000000001e+00	   1.6221516989123330e-04	   3.0000000000000000e+00	
   3.3799999999999999e+00	   1.6313795453015700e-04	   3.0000000000000000e+00	
   3.3900000000000001e+00	   1.6324324864891437e-04	   3.0000000000000000e+00	
   3.3999999999999999e+00	   1.6253577217417714e-04	   3.0000000000000000e+00	
   3.4100000000000001e+00	   1.6102677891938200e-04	   3.0000000000000000e+00	
   3.4199999999999999e+00	   1.5991110405311204e-04	   3.0000000000000000e+00	
   3.4300000000000002e+00	   1.6036139729891374e-04	   3.0000000000000000e+00	
   3.4399999999999999e+00	   1.6001999325565563e-04	   3.0000000000000000e+00	
   3.4500000000000002e+00	   1.5889876230890110e-04	   3.0000000000000000e+00	
   3.4600000000000000e+00	   1.5701554497571379e-04	   3.0000000000000000e+00	
   3.4700000000000002e+00	   1.5439387477744759e-04	   3.0000000000000000e+00	
   3.4800000000000000e+00	   1.5369161886980010e-04	   3.0000000000000000e+00	
   3.4900000000000002e+00	   1.5299207302543749e-04	   3.0000000000000000e+00	
   3.5100000000000002e+00	   2.5576188781517573e-05	   4.0000000000000000e+00	
   3.5200000000000000e+00	   2.4947198744573740e-05	   4.0000000000000000e+00	
   3.5300000000000002e+00	   2.4333410808541345e-05	   4.0000000000000000e+00	
   3.5400000000000000e+00	   2.4027679372373711e-05	   4.0000000000000000e+00	
   3.5500000000000003e+00	   2.3609285937364888e-05	   4.0000000000000000e+00	
   3.5600000000000001e+00	   2.3084820290897312e-05	   4.0000000000000000e+00	
   3.5700000000000003e+00	   2.2461491684389046e-05	   4.0000000000000000e+00	
   3.5800000000000001e+00	   2.1747049640641336e-05	   4.0000000000000000e+00	
   3.5899999999999999e+00	   2.1261663821547927e-05	   4.0000000000000000e+00	
   3.6000000000000001e+00	   2.0836306641403013e-05	   4.0000000000000000e+00	
   3.6099999999999999e+00	   2.0317750923481981e-05	   4.0000000000000000e+00	
   3.6200000000000001e+00	   1.9713323896386470e-05	   4.0000000000000000e+00	
   3.6299999999999999e+00	   1.9030772207440094e-05	   4.0000000000000000e+00	
   3.6400000000000001e+00	   1.8323242557460873e-05	   4.0000000000000000e+00	
   3.6499999999999999e+00	   1.7899959565692569e-05	   4.0000000000000000e+00	
   3.6600000000000001e+00	   1.7396269639480266e-05	   4.0000000000000000e+00	
   3.6699999999999999e+00	   1.6819465530115707e-05	   4.0000000000000000e+00	
   3.6800000000000002e+00	   1.6177151004992396e-05	   4.0000000000000000e+00	
   3.6899999999999999e+00	   1.5477168229249827e-05	   4.0000000000000000e+00	
   3.7000000000000002e+00	   1.4910020842862082e-05	   4.0000000000000000e+00	
   3.7100000000000000e+00	   1.4426702407366321e-05	   4.0000000000000000e+00	
   3.7200000000000002e+00	   1.3882634067652333e-05	   4.0000000000000000e+00	
   3.7300000000000000e+00	   1.3285164717213860e-05	   4.0000000000000000e+00	
   3.7400000000000002e+00	   1.2641789969958239e-05	   4.0000000000000000e+00	
   3.7500000000000000e+00	   1.1960085422479949e-05	   4.0000000000000000e+00	
   3.7600000000000002e+00	   1.1499996685149227e-05	   4.0000000000000000e+00	
   3.7700000000000000e+00	   1.0990990571890791e-05	   4.0000000000000000e+00	
   3.7800000000000002e+00	   1.0440073854756093e-05	   4.0000000000000000e+00	
   3.7900000000000000e+00	   9.8543197624145762e-06	   4.0000000000000000e+00	
   3.8000000000000003e+00	   9.2408069107818847e-06	   4.0000000000000000e+00	
   3.8100000000000001e+00	   8.6917596830993205e-06	   4.0000000000000000e+00	
   3.8200000000000003e+00	   8.2180818918864418e-06	   4.0000000000000000e+00	
   3.8300000000000001e+00	   7.7132677573921171e-06	   4.0000000000000000e+00	
   3.8399999999999999e+00	   7.1839130963979869e-06	   4.0000000000000000e+00	
   3.8500000000000001e+00	   6.6365552484626278e-06	   4.0000000000000000e+00	
   3.8599999999999999e+00	   6.0776199797274444e-06	   4.0000000000000000e+00	
   3.8700000000000001e+00	   5.6231579370624729e-06	   4.0000000000000000e+00	
   3.8799999999999999e+00	   5.1624830836871638e-06	   4.0000000000000000e+00	
   3.8900000000000001e+00	   4.6867316956245020e-06	   4.0000000000000000e+00	
   3.8999999999999999e+00	   4.2018725405768009e-06	   4.0000000000000000e+00	
   3.9100000000000001e+00	   3.7137147743671051e-06	   4.0000000000000000e+00	
   3.9199999999999999e+00	   3.2517964814182676e-06	   4.0000000000000000e+00	
   3.9300000000000002e+00	   2.8323299052779305e-06	   4.0000000000000000e+00	
   3.9399999999999999e+00	   2.4063713151001309e-06	   4.0000000000000000e+00	
   3.9500000000000002e+00	   1.9793079655272550e-06	   4.0000000000000000e+00	
   3.9600000000000000e+00	   1.5563283364272706e-06	   4.0000000000000000e+00	
   3.9700000000000002e+00	   1.1423837507074097e-06	   4.0000000000000000e+00	
   3.9800000000000000e+00	   7.5506489727317216e-07	   4.0000000000000000e+00	
   3.9900000000000002e+00	   3.7453930223918519e-07	   4.0000000000000000e+00	
   4.0000000000000000e+00	   8.8817841970012523e-16	   1.0000000000000000e+00	
   4.0099999999999998e+00	   3.6397821734368563e-07	   4.0000000000000000e+00	
   4.0199999999999996e+00	   7.1308314808504747e-07	   4.0000000000000000e+00	
   4.0300000000000002e+00	   1.0484448731418183e-06	   4.0000000000000000e+00	
   4.0400000000000000e+00	   1.3880726292825329e-06	   4.0000000000000000e+00	
   4.0500000000000007e+00	   1.7155418259306998e-06	   4.0000000000000000e+00	
   4.0600000000000005e+00	   2.0268753564423037e-06	   4.0000000000000000e+00	
   4.0700000000000003e+00	   2.3183771507007123e-06	   4.0000000000000000e+00	
   4.0800000000000001e+00	   2.5866563939658249e-06	   4.0000000000000000e+00	
   4.0899999999999999e+00	   2.8707689816442894e-06	   4.0000000000000000e+00	
   4.0999999999999996e+00	   3.1565012612588816e-06	   4.0000000000000000e+00	
   4.1099999999999994e+00	   3.4214134361221227e-06	   4.0000000000000000e+00	
   4.1200000000000001e+00	   3.6623964501103501e-06	   4.0000000000000000e+00	
   4.1299999999999999e+00	   3.8766537926449018e-06	   4.0000000000000000e+00	
   4.1400000000000006e+00	   4.0717300073822571e-06	   4.0000000000000000e+00	
   4.1500000000000004e+00	   4.3207127706779147e-06	   4.0000000000000000e+00	
   4.1600000000000001e+00	   4.5450584096329294e-06	   4.0000000000000000e+00	
   4.1699999999999999e+00	   4.7422111437711578e-06	   4.0000000000000000e+00	
   4.1799999999999997e+00	   4.9099298378152412e-06	   4.0000000000000000e+00	
   4.1899999999999995e+00	   5.0462996394884385e-06	   4.0000000000000000e+00	
   4.2000000000000002e+00	   5.2135526420471479e-06	   4.0000000000000000e+00	
   4.2100000000000000e+00	   5.4026520439620640e-06	   4.0000000000000000e+00	
   4.2200000000000006e+00	   5.5620929950706000e-06	   4.0000000000000000e+00	
   4.2300000000000004e+00	   5.6901482681226412e-06	   4.0000000000000000e+00	
   4.2400000000000002e+00	   5.7854104804633266e-06	   4.0000000000000000e+00	
   4.2500000000000000e+00	   5.8467967827269263e-06	   4.0000000000000000e+00	
   4.2599999999999998e+00	   6.0053306905061277e-06	   4.0000000000000000e+00	
   4.2699999999999996e+00	   6.1324958835484722e-06	   4.0000000000000000e+00	
   4.2799999999999994e+00	   6.2270361462779533e-06	   4.0000000000000000e+00	
   4.2900000000000000e+00	   6.2880051885372268e-06	   4.0000000000000000e+00	
   4.2999999999999998e+00	   6.3147678881492197e-06	   4.0000000000000000e+00	
   4.3100000000000005e+00	   6.3694340726172527e-06	   4.0000000000000000e+00	
   4.3200000000000003e+00	   6.4690178014359390e-06	   4.0000000000000000e+00	
   4.3300000000000001e+00	   6.5353997218409177e-06	   4.0000000000000000e+00	
   4.3399999999999999e+00	   6.5680483514185539e-06	   4.0000000000000000e+00	
   4.3499999999999996e+00	   6.5667274489200622e-06	   4.0000000000000000e+00	
   4.3599999999999994e+00	   6.5314917367942371e-06	   4.0000000000000000e+00	
   4.3700000000000001e+00	   6.5913709841325385e-06	   4.0000000000000000e+00	
   4.3799999999999999e+00	   6.6341401740999117e-06	   4.0000000000000000e+00	
   4.3900000000000006e+00	   6.6435760377459019e-06	   4.0000000000000000e+00	
   4.4000000000000004e+00	   6.6197936856582373e-06	   4.0000000000000000e+00	
   4.4100000000000001e+00	   6.5631787666831087e-06	   4.0000000000000000e+00	
   4.4199999999999999e+00	   6.5223829368576958e-06	   4.0000000000000000e+00	
   4.4299999999999997e+00	   6.5452921482744841e-06	   4.0000000000000000e+00	
   4.4399999999999995e+00	   6.5357726457548893e-06	   4.0000000000000000e+00	
   4.4499999999999993e+00	   6.4942451789562483e-06	   4.0000000000000000e+00	
   4.4600000000000000e+00	   6.4213794042089489e-06	   4.0000000000000000e+00	
   4.4699999999999998e+00	   6.3180831713083307e-06	   4.0000000000000000e+00	
   4.4800000000000004e+00	   6.2684300221604872e-06	   5.0000000000000000e+00	
   4.4900000000000002e+00	   6.2124548341202512e-06	   5.0000000000000000e+00	
   4.5099999999999998e+00	   9.7015068334371790e-07	   5.0000000000000000e+00	
   4.5199999999999996e+00	   9.4775423509219081e-07	   5.0000000000000000e+00	
   4.5299999999999994e+00	   9.2584910937887344e-07	   5.0000000000000000e+00	
   4.5400000000000000e+00	   9.1559822923414913e-07	   5.0000000000000000e+00	
   4.5499999999999998e+00	   9.0099980187829942e-07	   5.0000000000000000e+00	
   4.5600000000000005e+00	   8.8228713313043272e-07	   5.0000000000000000e+00	
   4.5700000000000003e+00	   8.5971908347914905e-07	   5.0000000000000000e+00	
   4.5800000000000001e+00	   8.3357714419918238e-07	   5.0000000000000000e+00	
   4.5899999999999999e+00	   8.1613695446236534e-07	   5.0000000000000000e+00	
   4.5999999999999996e+00	   8.0093976517758847e-07	   5.0000000000000000e+00	
   4.6099999999999994e+00	   7.8209796061656789e-07	   5.0000000000000000e+00	
   4.6200000000000001e+00	   7.5987980618918982e-07	   5.0000000000000000e+00	
   4.6299999999999999e+00	   7.3457160798540144e-07	   5.0000000000000000e+00	
   4.6400000000000006e+00	   7.0821629538642128e-07	   5.0000000000000000e+00	
   4.6500000000000004e+00	   6.9277877390305775e-07	   5.0000000000000000e+00	
   4.6600000000000001e+00	   6.7417223981180996e-07	   5.0000000000000000e+00	
   4.6699999999999999e+00	   6.5266819326836867e-07	   5.0000000000000000e+00	
   4.6799999999999997e+00	   6.2855193228017470e-07	   5.0000000000000000e+00	
   4.6899999999999995e+00	   6.0211976116164578e-07	   5.0000000000000000e+00	
   4.6999999999999993e+00	   5.8078475539957708e-07	   5.0000000000000000e+00	
   4.7100000000000000e+00	   5.6265605952177111e-07	   5.0000000000000000e+00	
   4.7199999999999998e+00	   5.4210106714691619e-07	   5.0000000000000000e+00	
   4.7300000000000004e+00	   5.1939924450294939e-07	   5.0000000000000000e+00	
   4.7400000000000002e+00	   4.9483735242716875e-07	   5.0000000000000000e+00	
   4.7500000000000000e+00	   4.6870685466160467e-07	   5.0000000000000000e+00	
   4.7599999999999998e+00	   4.5120235547813081e-07	   5.0000000000000000e+00	
   4.7699999999999996e+00	   4.3172853558814950e-07	   5.0000000000000000e+00	
   4.7799999999999994e+00	   4.1055510546783580e-07	   5.0000000000000000e+00	
   4.7900000000000000e+00	   3.8795577061989661e-07	   5.0000000000000000e+00	
   4.7999999999999998e+00	   3.6420582461005324e-07	   5.0000000000000000e+00	
   4.8100000000000005e+00	   3.4294135708989870e-07	   5.0000000000000000e+00	
   4.8200000000000003e+00	   3.2460226417896365e-07	   5.0000000000000000e+00	
   4.8300000000000001e+00	   3.0498764846953463e-07	   5.0000000000000000e+00	
   4.8399999999999999e+00	   2.8435544408011992e-07	   5.0000000000000000e+00	
   4.8499999999999996e+00	   2.6296244115542322e-07	   5.0000000000000000e+00	
   4.8599999999999994e+00	   2.4106214269181692e-07	   5.0000000000000000e+00	
   4.8700000000000001e+00	   2.2326163762187434e-07	   5.0000000000000000e+00	
   4.8799999999999999e+00	   2.0517517018703302e-07	   5.0000000000000000e+00	
   4.8900000000000006e+00	   1.8645009181028627e-07	   5.0000000000000000e+00	
   4.9000000000000004e+00	   1.6725477181012138e-07	   6.0000000000000000e+00	
   4.9100000000000001e+00	   1.4737492293193100e-07	   6.0000000000000000e+00	
   4.9199999999999999e+00	   1.2865165910369569e-07	   6.0000000000000000e+00	
   4.9299999999999997e+00	   1.1171472724669229e-07	   6.0000000000000000e+00	
   4.9399999999999995e+00	   9.4624020618994109e-08	   6.0000000000000000e+00	
   4.9499999999999993e+00	   7.7592875236121017e-08	   6.0000000000000000e+00	
   4.9600000000000000e+00	   6.0824281611360220e-08	   6.0000000000000000e+00	
   4.9699999999999998e+00	   4.4509491203825746e-08	   6.0000000000000000e+00	
   4.9800000000000004e+00	   2.9328327322275527e-08	   6.0000000000000000e+00	
   4.9900000000000002e+00	   1.4503084067030159e-08	   6.0000000000000000e+00	
   5.0000000000000000e+00	   8.8817841970012523e-16	   1.0000000000000000e+00	
   5.0099999999999998e+00	   1.4007182080888469e-08	   6.0000000000000000e+00	
   5.0199999999999996e+00	   2.7356971799008534e-08	   6.0000000000000000e+00	
   5.0299999999999994e+00	   4.0098064424398672e-08	   6.0000000000000000e+00	
   5.0400000000000000e+00	   5.2922151105860848e-08	   6.0000000000000000e+00	
   5.0499999999999998e+00	   6.5203603405450394e-08	   6.0000000000000000e+00	
   5.0600000000000005e+00	   7.6796213832608373e-08	   6.0000000000000000e+00	
   5.0700000000000003e+00	   8.7566260908999993e-08	   6.0000000000000000e+00	
   5.0800000000000001e+00	   9.7393258791100834e-08	   6.0000000000000000e+00	
   5.0899999999999999e+00	   1.0775149217323587e-07	   6.0000000000000000e+00	
   5.0999999999999996e+00	   1.1810366284947804e-07	   6.0000000000000000e+00	
   5.1099999999999994e+00	   1.2761236600766779e-07	   6.0000000000000000e+00	
   5.1200000000000001e+00	   1.3616948812966712e-07	   6.0000000000000000e+00	
   5.1299999999999999e+00	   1.4367994793929029e-07	   6.0000000000000000e+00	
   5.1400000000000006e+00	   1.5043200551900782e-07	   6.0000000000000000e+00	
   5.1500000000000004e+00	   1.5912418582786358e-07	   6.0000000000000000e+00	
   5.1600000000000001e+00	   1.6685422110640502e-07	   6.0000000000000000e+00	
   5.1699999999999999e+00	   1.7353735071168330e-07	   6.0000000000000000e+00	
   5.1799999999999997e+00	   1.7910145633237562e-07	   6.0000000000000000e+00	
   5.1899999999999995e+00	   1.8348730890238585e-07	   6.0000000000000000e+00	
   5.1999999999999993e+00	   1.8896147757629933e-07	   6.0000000000000000e+00	
   5.2100000000000000e+00	   1.9518677341068269e-07	   6.0000000000000000e+00	
   5.2199999999999998e+00	   2.0030089231681814e-07	   6.0000000000000000e+00	
   5.2300000000000004e+00	   2.0425225066844632e-07	   6.0000000000000000e+00	
   5.2400000000000002e+00	   2.0700147018715143e-07	   6.0000000000000000e+00	
   5.2500000000000000e+00	   2.0852138238325324e-07	   6.0000000000000000e+00	
   5.2599999999999998e+00	   2.1348144940702696e-07	   6.0000000000000000e+00	
   5.2699999999999996e+00	   2.1729435228934335e-07	   6.0000000000000000e+00	
   5.2799999999999994e+00	   2.1992665022452229e-07	   6.0000000000000000e+00	
   5.2900000000000000e+00	   2.2135634836217832e-07	   6.0000000000000000e+00	
   5.2999999999999998e+00	   2.2157278589673979e-07	   6.0000000000000000e+00	
   5.3100000000000005e+00	   2.2275993583065201e-07	   6.0000000000000000e+00	
   5.3200000000000003e+00	   2.2550130651666223e-07	   6.0000000000000000e+00	
   5.3300000000000001e+00	   2.2706732050181699e-07	   6.0000000000000000e+00	
   5.3399999999999999e+00	   2.2745101091459219e-07	   6.0000000000000000e+00	
   5.3499999999999996e+00	   2.2665580878822311e-07	   6.0000000000000000e+00	
   5.3599999999999994e+00	   2.2469523219825760e-07	   6.0000000000000000e+00	
   5.3700000000000001e+00	   2.2600498716940365e-07	   6.0000000000000000e+00	
   5.3799999999999999e+00	   2.2671745014690714e-07	   6.0000000000000000e+00	
   5.3900000000000006e+00	   2.2628590290452166e-07	   6.0000000000000000e+00	
   5.4000000000000004e+00	   2.2472561589381712e-07	   6.0000000000000000e+00	
   5.4100000000000001e+00	   2.2206091010446016e-07	   6.0000000000000000e+00	
   5.4199999999999999e+00	   2.1994349896914400e-07	   6.0000000000000000e+00	
   5.4299999999999997e+00	   2.1997735899503823e-07	   6.0000000000000000e+00	
   5.4399999999999995e+00	   2.1892089296926542e-07	   6.0000000000000000e+00	
   5.4499999999999993e+00	   2.1679909956162646e-07	   6.0000000000000000e+00	
   5.4600000000000000e+00	   2.1364504920740046e-07	   6.0000000000000000e+00	
   5.4699999999999998e+00	   2.0949937606928870e-07	   6.0000000000000000e+00	
   5.4800000000000004e+00	   2.0796599908834423e-07	   6.0000000000000000e+00	
   5.4900000000000002e+00	   2.0643780462847872e-07	   6.0000000000000000e+00	
   5.5099999999999998e+00	   3.5296183753530386e-08	   7.0000000000000000e+00	
   5.5199999999999996e+00	   3.4402841464498124e-08	   7.0000000000000000e+00	
   5.5299999999999994e+00	   3.3531026844002554e-08	   7.0000000000000000e+00	
   5.5400000000000000e+00	   3.3083978223658050e-08	   7.0000000000000000e+00	
   5.5499999999999998e+00	   3.2481921152793802e-08	   7.0000000000000000e+00	
   5.5600000000000005e+00	   3.1734323613363813e-08	   7.0000000000000000e+00	
   5.5700000000000003e+00	   3.0851492027750282e-08	   7.0000000000000000e+00	
   5.5800000000000001e+00	   2.9844464677353244e-08	   7.0000000000000000e+00	
   5.5899999999999999e+00	   2.9152613656435733e-08	   7.0000000000000000e+00	
   5.5999999999999996e+00	   2.8543605701258912e-08	   7.0000000000000000e+00	
   5.6099999999999994e+00	   2.7807543823143988e-08	   7.0000000000000000e+00	
   5.6200000000000001e+00	   2.6954852572202981e-08	   7.0000000000000000e+00	
   5.6299999999999999e+00	   2.5996497399205509e-08	   7.0000000000000000e+00	
   5.6400000000000006e+00	   2.5005370218877943e-08	   7.0000000000000000e+00	
   5.6500000000000004e+00	   2.4403190579391776e-08	   7.0000000000000000e+00	
   5.6600000000000001e+00	   2.3692212636206023e-08	   7.0000000000000000e+00	
   5.6699999999999999e+00	   2.2882737482632365e-08	   7.0000000000000000e+00	
   5.6799999999999997e+00	   2.1985457010487153e-08	   7.0000000000000000e+00	
   5.6899999999999995e+00	   2.1011350881394719e-08	   7.0000000000000000e+00	
   5.6999999999999993e+00	   2.0219066421134357e-08	   7.0000000000000000e+00	
   5.7100000000000000e+00	   1.9541673168532725e-08	   7.0000000000000000e+00	
   5.7199999999999998e+00	   1.8783212318851383e-08	   7.0000000000000000e+00	
   5.7300000000000004e+00	   1.7953939668302610e-08	   7.0000000000000000e+00	
   5.7400000000000002e+00	   1.7064270885214228e-08	   7.0000000000000000e+00	
   5.7500000000000000e+00	   1.6124692692187637e-08	   7.0000000000000000e+00	
   5.7599999999999998e+00	   1.5485468907172617e-08	   7.0000000000000000e+00	
   5.7699999999999996e+00	   1.4781708301825347e-08	   7.0000000000000000e+00	
   5.7799999999999994e+00	   1.4023104455418434e-08	   7.0000000000000000e+00	
   5.7900000000000000e+00	   1.3219399797037568e-08	   7.0000000000000000e+00	
   5.7999999999999998e+00	   1.2380301228631652e-08	   7.0000000000000000e+00	
   5.8100000000000005e+00	   1.1629392560053020e-08	   7.0000000000000000e+00	
   5.8200000000000003e+00	   1.0980939713078897e-08	   7.0000000000000000e+00	
   5.8300000000000001e+00	   1.0292453112015210e-08	   7.0000000000000000e+00	
   5.8399999999999999e+00	   9.5729308924319412e-09	   7.0000000000000000e+00	
   5.8499999999999996e+00	   8.8312432922066364e-09	   7.0000000000000000e+00	
   5.8599999999999994e+00	   8.0760651499645064e-09	   7.0000000000000000e+00	
   5.8700000000000001e+00	   7.4614883160961654e-09	   7.0000000000000000e+00	
   5.8799999999999999e+00	   6.8402927766442190e-09	   7.0000000000000000e+00	
   5.8900000000000006e+00	   6.2008203016716834e-09	   7.0000000000000000e+00	
   5.9000000000000004e+00	   5.5510724905616371e-09	   7.0000000000000000e+00	
   5.9100000000000001e+00	   4.8987969236691242e-09	   7.0000000000000000e+00	
   5.9199999999999999e+00	   4.2829499946606120e-09	   7.0000000000000000e+00	
   5.9299999999999997e+00	   3.7247280815222439e-09	   7.0000000000000000e+00	
   5.9399999999999995e+00	   3.1596325555938165e-09	   7.0000000000000000e+00	
   5.9500000000000002e+00	   2.5947910486934234e-09	   7.0000000000000000e+00	
   5.9600000000000000e+00	   2.0370292119764599e-09	   7.0000000000000000e+00	
   5.9699999999999998e+00	   1.4928209779441204e-09	   7.0000000000000000e+00	
   5.9800000000000004e+00	   9.8508134982466800e-10	   7.0000000000000000e+00	
   5.9900000000000002e+00	   4.8783022066345438e-10	   7.0000000000000000e+00	
   6.0000000000000000e+00	   8.8817841970012523e-16	   1.0000000000000000e+00	
   6.0099999999999998e+00	   4.7248871481997412e-10	   7.0000000000000000e+00	
   6.0199999999999996e+00	   9.2409546681437860e-10	   7.0000000000000000e+00	
   6.0300000000000002e+00	   1.3563576928277143e-09	   7.0000000000000000e+00	
   6.0400000000000000e+00	   1.7926087281239234e-09	   7.0000000000000000e+00	
   6.0499999999999998e+00	   2.2116291020779499e-09	   7.0000000000000000e+00	
   6.0600000000000005e+00	   2.6083615267680216e-09	   7.0000000000000000e+00	
   6.0700000000000003e+00	   2.9781501709180702e-09	   7.0000000000000000e+00	
   6.0800000000000001e+00	   3.3167717461424218e-09	   7.0000000000000000e+00	
   6.0899999999999999e+00	   3.6743630360547286e-09	   7.0000000000000000e+00	
   6.0999999999999996e+00	   4.0326364469933651e-09	   7.0000000000000000e+00	
   6.1099999999999994e+00	   4.3629500012798417e-09	   7.0000000000000000e+00	
   6.1200000000000001e+00	   4.6614827553526084e-09	   7.0000000000000000e+00	
   6.1299999999999999e+00	   4.9248445321836698e-09	   7.0000000000000000e+00	
   6.1399999999999997e+00	   5.1627804253939757e-09	   7.0000000000000000e+00	
   6.1500000000000004e+00	   5.4679123451251144e-09	   7.0000000000000000e+00	
   6.1600000000000001e+00	   5.7406310816077166e-09	   7.0000000000000000e+00	
   6.1699999999999999e+00	   5.9778884065053717e-09	   7.0000000000000000e+00	
   6.1799999999999997e+00	   6.1770561998741869e-09	   7.0000000000000000e+00	
   6.1899999999999995e+00	   6.3359388846606635e-09	   7.0000000000000000e+00	
   6.2000000000000002e+00	   6.5327512288604339e-09	   7.0000000000000000e+00	
   6.2100000000000000e+00	   6.7559486893742360e-09	   7.0000000000000000e+00	
   6.2199999999999998e+00	   6.9410841518902089e-09	   7.0000000000000000e+00	
   6.2300000000000004e+00	   7.0862231638102458e-09	   7.0000000000000000e+00	
   6.2400000000000002e+00	   7.1898575981776958e-09	   7.0000000000000000e+00	
   6.2500000000000000e+00	   7.2508976600715869e-09	   7.0000000000000000e+00	
   6.2599999999999998e+00	   7.4317476617125067e-09	   7.0000000000000000e+00	
   6.2699999999999996e+00	   7.5729360560217174e-09	   7.0000000000000000e+00	
   6.2800000000000002e+00	   7.6731554443654204e-09	   7.0000000000000000e+00	
   6.2900000000000000e+00	   7.7315016611123610e-09	   7.0000000000000000e+00	
   6.2999999999999998e+00	   7.7474622273143723e-09	   7.0000000000000000e+00	
   6.3100000000000005e+00	   7.7973467682568298e-09	   7.0000000000000000e+00	
   6.3200000000000003e+00	   7.9017077325715945e-09	   7.0000000000000000e+00	
   6.3300000000000001e+00	   7.9649691286931557e-09	   7.0000000000000000e+00	
   6.3399999999999999e+00	   7.9867570335068194e-09	   7.0000000000000000e+00	
   6.3499999999999996e+00	   7.9670616770499691e-09	   7.0000000000000000e+00	
   6.3599999999999994e+00	   7.9062294489062879e-09	   7.0000000000000000e+00	
   6.3700000000000001e+00	   7.9603710290143681e-09	   7.0000000000000000e+00	
   6.3799999999999999e+00	   7.9934752150734312e-09	   7.0000000000000000e+00	
   6.3899999999999997e+00	   7.9861832702476931e-09	   7.0000000000000000e+00	
   6.4000000000000004e+00	   7.9389117502159934e-09	   7.0000000000000000e+00	
   6.4100000000000001e+00	   7.8524067248508800e-09	   7.0000000000000000e+00	
   6.4199999999999999e+00	   7.7850197399698118e-09	   7.0000000000000000e+00	
   6.4299999999999997e+00	   7.7936386233545818e-09	   7.0000000000000000e+00	
   6.4399999999999995e+00	   7.7635249340346490e-09	   7.0000000000000000e+00	
   6.4500000000000002e+00	   7.6954531635919921e-09	   7.0000000000000000e+00	
   6.4600000000000000e+00	   7.5904997842712874e-09	   7.0000000000000000e+00	
   6.4699999999999998e+00	   7.4500121627352200e-09	   7.0000000000000000e+00	
   6.4800000000000004e+00	   7.4021677676228137e-09	   7.0000000000000000e+00	
   6.4900000000000002e+00	   7.3543446887924802e-09	   7.0000000000000000e+00	
   6.5099999999999998e+00	   1.1903615870778594e-09	   8.0000000000000000e+00	
   6.5199999999999996e+00	   1.1617338202540850e-09	   8.0000000000000000e+00	
   6.5300000000000002e+00	   1.1337428773572356e-09	   8.0000000000000000e+00	
   6.5400000000000000e+00	   1.1200516070175581e-09	   8.0000000000000000e+00	
   6.5499999999999998e+00	   1.1010596878691103e-09	   8.0000000000000000e+00	
   6.5600000000000005e+00	   1.0770699887530100e-09	   8.0000000000000000e+00	
   6.5700000000000003e+00	   1.0484102475061263e-09	   8.0000000000000000e+00	
   6.5800000000000001e+00	   1.0154437291021168e-09	   8.0000000000000000e+00	
   6.5899999999999999e+00	   9.9312380541505263e-10	   8.0000000000000000e+00	
   6.5999999999999996e+00	   9.7356611661325587e-10	   8.0000000000000000e+00	
   6.6099999999999994e+00	   9.4960750374184499e-10	   8.0000000000000000e+00	
   6.6200000000000001e+00	   9.2159613274134244e-10	   8.0000000000000000e+00	
   6.6299999999999999e+00	   8.8989171587172677e-10	   8.0000000000000000e+00	
   6.6399999999999997e+00	   8.5698026452973863e-10	   8.0000000000000000e+00	
   6.6500000000000004e+00	   8.3732665245861426e-10	   8.0000000000000000e+00	
   6.6600000000000001e+00	   8.1388051853537036e-10	   8.0000000000000000e+00	
   6.6699999999999999e+00	   7.8698558780843086e-10	   8.0000000000000000e+00	
   6.6799999999999997e+00	   7.5699801982409554e-10	   8.0000000000000000e+00	
   6.6899999999999995e+00	   7.2428552044812022e-10	   8.0000000000000000e+00	
   6.7000000000000002e+00	   6.9776451283587448e-10	   8.0000000000000000e+00	
   6.7100000000000000e+00	   6.7514793755663050e-10	   8.0000000000000000e+00	
   6.7199999999999998e+00	   6.4967142776595210e-10	   8.0000000000000000e+00	
   6.7300000000000004e+00	   6.2167782033384356e-10	   8.0000000000000000e+00	
   6.7400000000000002e+00	   5.9152327480660460e-10	   8.0000000000000000e+00	
   6.7500000000000000e+00	   5.5956395073053500e-10	   8.0000000000000000e+00	
   6.7599999999999998e+00	   5.3796611609868705e-10	   8.0000000000000000e+00	
   6.7699999999999996e+00	   5.1407145207349458e-10	   8.0000000000000000e+00	
   6.7800000000000002e+00	   4.8821036102708604e-10	   8.0000000000000000e+00	
   6.7900000000000000e+00	   4.6071679804526866e-10	   8.0000000000000000e+00	
   6.7999999999999998e+00	   4.3192738274910880e-10	   8.0000000000000000e+00	
   6.8100000000000005e+00	   4.0615599772308997e-10	   8.0000000000000000e+00	
   6.8200000000000003e+00	   3.8390624013118213e-10	   8.0000000000000000e+00	
   6.8300000000000001e+00	   3.6020608717990399e-10	   8.0000000000000000e+00	
   6.8399999999999999e+00	   3.3536817767298999e-10	   8.0000000000000000e+00	
   6.8499999999999996e+00	   3.0969893316523667e-10	   8.0000000000000000e+00	
   6.8599999999999994e+00	   2.8350122249776177e-10	   8.0000000000000000e+00	
   6.8700000000000001e+00	   2.6218849313863757e-10	   8.0000000000000000e+00	
   6.8799999999999999e+00	   2.4059776393414722e-10	   8.0000000000000000e+00	
   6.8899999999999997e+00	   2.1832136098964838e-10	   8.0000000000000000e+00	
   6.9000000000000004e+00	   1.9563550779366778e-10	   8.0000000000000000e+00	
   6.9100000000000001e+00	   1.7281376329947307e-10	   8.0000000000000000e+00	
   6.9199999999999999e+00	   1.5123280405759942e-10	   8.0000000000000000e+00	
   6.9299999999999997e+00	   1.3164846990321166e-10	   8.0000000000000000e+00	
   6.9399999999999995e+00	   1.1178258318977896e-10	   8.0000000000000000e+00	
   6.9500000000000002e+00	   9.1883833874817356e-11	   8.0000000000000000e+00	
   6.9600000000000000e+00	   7.2200023737423180e-11	   8.0000000000000000e+00	
   6.9699999999999998e+00	   5.2960302809879067e-11	   8.0000000000000000e+00	
   6.9800000000000004e+00	   3.4980907059889432e-11	   8.0000000000000000e+00	
   6.9900000000000002e+00	   1.7338130930966145e-11	   8.0000000000000000e+00	
   7.0000000000000000e+00	   8.8817841970012523e-16	   1.0000000000000000e+00	
   7.0099999999999998e+00	   1.6825651982799172e-11	   8.0000000000000000e+00	
   7.0199999999999996e+00	   3.2934543980900344e-11	   8.0000000000000000e+00	
   7.0300000000000002e+00	   4.8379078521065821e-11	   8.0000000000000000e+00	
   7.0400000000000000e+00	   6.3994143317813723e-11	   8.0000000000000000e+00	
   7.0499999999999998e+00	   7.9021234000720142e-11	   8.0000000000000000e+00	
   7.0599999999999996e+00	   9.3277385815326852e-11	   8.0000000000000000e+00	
   7.0700000000000003e+00	   1.0659206850505143e-10	   8.0000000000000000e+00	
   7.0800000000000001e+00	   1.1880985084644635e-10	   8.0000000000000000e+00	
   7.0899999999999999e+00	   1.3172929413940437e-10	   8.0000000000000000e+00	
   7.0999999999999996e+00	   1.4469492271018680e-10	   8.0000000000000000e+00	
   7.1100000000000003e+00	   1.5667467323510209e-10	   8.0000000000000000e+00	
   7.1200000000000001e+00	   1.6752910170225732e-10	   8.0000000000000000e+00	
   7.1299999999999999e+00	   1.7713830402499298e-10	   8.0000000000000000e+00	
   7.1399999999999997e+00	   1.8584511707331330e-10	   8.0000000000000000e+00	
   7.1500000000000004e+00	   1.9698465081319227e-10	   8.0000000000000000e+00	
   7.1600000000000001e+00	   2.0697044078588078e-10	   8.0000000000000000e+00	
   7.1699999999999999e+00	   2.1569324104575571e-10	   8.0000000000000000e+00	
   7.1799999999999997e+00	   2.2305268743139095e-10	   8.0000000000000000e+00	
   7.1899999999999995e+00	   2.2896529117133468e-10	   8.0000000000000000e+00	
   7.2000000000000002e+00	   2.3625457146181361e-10	   8.0000000000000000e+00	
   7.2100000000000000e+00	   2.4451018987292628e-10	   8.0000000000000000e+00	
   7.2199999999999998e+00	   2.5139890169612045e-10	   8.0000000000000000e+00	
   7.2300000000000004e+00	   2.5684521176572161e-10	   8.0000000000000000e+00	
   7.2400000000000002e+00	   2.6079050030602957e-10	   8.0000000000000000e+00	
   7.2500000000000000e+00	   2.6319479928815781e-10	   8.0000000000000000e+00	
   7.2599999999999998e+00	   2.6995383706207576e-10	   8.0000000000000000e+00	
   7.2699999999999996e+00	   2.7527846668817801e-10	   8.0000000000000000e+00	
   7.2800000000000002e+00	   2.7911628563970226e-10	   8.0000000000000000e+00	
   7.2900000000000000e+00	   2.8143443131511958e-10	   8.0000000000000000e+00	
   7.2999999999999998e+00	   2.8220981107551779e-10	   8.0000000000000000e+00	
   7.3099999999999996e+00	   2.8422242337455828e-10	   8.0000000000000000e+00	
   7.3200000000000003e+00	   2.8822100262004824e-10	   8.0000000000000000e+00	
   7.3300000000000001e+00	   2.9072211304992379e-10	   8.0000000000000000e+00	
   7.3399999999999999e+00	   2.9171154380946973e-10	   8.0000000000000000e+00	
   7.3499999999999996e+00	   2.9118485400658756e-10	   8.0000000000000000e+00	
   7.3600000000000003e+00	   2.8915003724705457e-10	   8.0000000000000000e+00	
   7.3700000000000001e+00	   2.9131541623428348e-10	   8.0000000000000000e+00	
   7.3799999999999999e+00	   2.9271429724531117e-10	   8.0000000000000000e+00	
   7.3899999999999997e+00	   2.9263347300911846e-10	   8.0000000000000000e+00	
   7.4000000000000004e+00	   2.9108271348832204e-10	   8.0000000000000000e+00	
   7.4100000000000001e+00	   2.8808777585709322e-10	   8.0000000000000000e+00	
   7.4199999999999999e+00	   2.8579094646374870e-10	   8.0000000000000000e+00	
   7.4299999999999997e+00	   2.8628122095142317e-10	   8.0000000000000000e+00	
   7.4399999999999995e+00	   2.8534596907547893e-10	   8.0000000000000000e+00	
   7.4500000000000002e+00	   2.8301005983166760e-10	   8.0000000000000000e+00	
   7.4600000000000000e+00	   2.7931434942729538e-10	   8.0000000000000000e+00	
   7.4699999999999998e+00	   2.7430502314018668e-10	   8.0000000000000000e+00	
   7.4800000000000004e+00	   2.7270097291420825e-10	   8.0000000000000000e+00	
   7.4900000000000002e+00	   2.7109070543929192e-10	   8.0000000000000000e+00	
   7.5099999999999998e+00	   5.9221960668764950e-11	   8.0000000000000000e+00	
   7.5199999999999996e+00	   5.7971405453827174e-11	   8.0000000000000000e+00	
   7.5300000000000002e+00	   5.6742166520962201e-11	   8.0000000000000000e+00	
   7.5400000000000000e+00	   5.6223470323857327e-11	   8.0000000000000000e+00	
   7.5499999999999998e+00	   5.5435656065583316e-11	   8.0000000000000000e+00	
   7.5599999999999996e+00	   5.4389381887176569e-11	   8.0000000000000000e+00	
   7.5700000000000003e+00	   5.3098858643352287e-11	   8.0000000000000000e+00	
   7.5800000000000001e+00	   5.1579185367245373e-11	   8.0000000000000000e+00	
   7.5899999999999999e+00	   5.0595083678217634e-11	   8.0000000000000000e+00	
   7.5999999999999996e+00	   4.9745096930564614e-11	   8.0000000000000000e+00	
   7.6100000000000003e+00	   4.8662407436950161e-11	   8.0000000000000000e+00	
   7.6200000000000001e+00	   4.7364778765768278e-11	   8.0000000000000000e+00	
   7.6299999999999999e+00	   4.5869086306993267e-11	   8.0000000000000000e+00	
   7.6399999999999997e+00	   4.4302339574642247e-11	   8.0000000000000000e+00	
   7.6500000000000004e+00	   4.3411496619683021e-11	   8.0000000000000000e+00	
   7.6600000000000001e+00	   4.2316372628192767e-11	   8.0000000000000000e+00	
   7.6699999999999999e+00	   4.1037395703824586e-11	   8.0000000000000000e+00	
   7.6799999999999997e+00	   3.9587888522873982e-11	   8.0000000000000000e+00	
   7.6900000000000004e+00	   3.7986502832154656e-11	   8.0000000000000000e+00	
   7.7000000000000002e+00	   3.6699532302009175e-11	   8.0000000000000000e+00	
   7.7100000000000000e+00	   3.5611513737876521e-11	   8.0000000000000000e+00	
   7.7199999999999998e+00	   3.4366287593456946e-11	   8.0000000000000000e+00	
   7.7300000000000004e+00	   3.2979841080305050e-11	   8.0000000000000000e+00	
   7.7400000000000002e+00	   3.1469049588395137e-11	   8.0000000000000000e+00	
   7.7500000000000000e+00	   2.9852564864540909e-11	   8.0000000000000000e+00	
   7.7599999999999998e+00	   2.8782309868802258e-11	   8.0000000000000000e+00	
   7.7699999999999996e+00	   2.7582380823787389e-11	   8.0000000000000000e+00	
   7.7800000000000002e+00	   2.6267876762631204e-11	   8.0000000000000000e+00	
   7.7900000000000000e+00	   2.4857449432147405e-11	   8.0000000000000000e+00	
   7.7999999999999998e+00	   2.3369750579149695e-11	   8.0000000000000000e+00	
   7.8099999999999996e+00	   2.2038371128019207e-11	   8.0000000000000000e+00	
   7.8200000000000003e+00	   2.0887291896087845e-11	   8.0000000000000000e+00	
   7.8300000000000001e+00	   1.9651835714284971e-11	   8.0000000000000000e+00	
   7.8399999999999999e+00	   1.8348877972584887e-11	   8.0000000000000000e+00	
   7.8499999999999996e+00	   1.6992629525702796e-11	   8.0000000000000000e+00	
   7.8600000000000003e+00	   1.5597301228353899e-11	   8.0000000000000000e+00	
   7.8700000000000001e+00	   1.4463985564816539e-11	   8.0000000000000000e+00	
   7.8799999999999999e+00	   1.3310241797626077e-11	   8.0000000000000000e+00	
   7.8899999999999997e+00	   1.2112089109450608e-11	   8.0000000000000000e+00	
   7.9000000000000004e+00	   1.0881961998165934e-11	   8.0000000000000000e+00	
   7.9100000000000001e+00	   9.6385122105857590e-12	   8.0000000000000000e+00	
   7.9199999999999999e+00	   8.4581230908042926e-12	   8.0000000000000000e+00	
   7.9299999999999997e+00	   7.3843153813868412e-12	   8.0000000000000000e+00	
   7.9400000000000004e+00	   6.2874150330571865e-12	   8.0000000000000000e+00	
   7.9500000000000002e+00	   5.1807447221108305e-12	   8.0000000000000000e+00	
   7.9600000000000000e+00	   4.0820680169417756e-12	   8.0000000000000000e+00	
   7.9699999999999998e+00	   3.0038194154258235e-12	   8.0000000000000000e+00	
   7.9800000000000004e+00	   1.9904078385479806e-12	   8.0000000000000000e+00	
   7.9900000000000002e+00	   9.8943075954593951e-13	   8.0000000000000000e+00	
   8.0000000000000000e+00	   8.8817841970012523e-16	   1.0000000000000000e+00	
