   5.1000000000000001e-01	   2.4181731211250588e+00	   7.0000000000000000e+00	
   5.2000000000000002e-01	   2.6672974305334058e+00	   8.0000000000000000e+00	
   5.3000000000000003e-01	   3.4772956524289045e+00	   5.0000000000000000e+00	
   5.4000000000000004e-01	   3.2001586808540288e+00	   7.0000000000000000e+00	
   5.5000000000000004e-01	   3.6453399745501849e+00	   7.0000000000000000e+00	
   5.6000000000000005e-01	   3.5497963019266567e+00	   1.0000000000000000e+00	
   5.7000000000000006e-01	   3.3726354518065422e+00	   1.0000000000000000e+00	
   5.7999999999999996e-01	   1.9273237699467203e+00	   8.0000000000000000e+00	
   5.8999999999999997e-01	   3.1593191824443463e+00	   1.0000000000000000e+00	
   5.9999999999999998e-01	   3.1305733786400078e+00	   1.0000000000000000e+00	
   6.0999999999999999e-01	   3.1092290008361529e+00	   1.0000000000000000e+00	
   6.2000000000000000e-01	   2.9825377184928641e+00	   1.0000000000000000e+00	
   6.3000000000000000e-01	   2.8513555266501278e+00	   1.0000000000000000e+00	
   6.4000000000000001e-01	   1.6314653046795338e+00	   8.0000000000000000e+00	
   6.5000000000000002e-01	   2.7481641541782702e+00	   1.0000000000000000e+00	
   6.6000000000000003e-01	   2.7418158117054348e+00	   1.0000000000000000e+00	
   6.7000000000000004e-01	   2.6765953517514607e+00	   8.0000000000000000e+00	
   6.7999999999999994e-01	   2.5419254092564314e+00	   8.0000000000000000e+00	
   6.8999999999999995e-01	   2.1494771534137689e+00	   8.0000000000000000e+00	
   6.9999999999999996e-01	   2.4053338759104967e+00	   8.0000000000000000e+00	
   7.0999999999999996e-01	   2.3622301283925591e+00	   8.0000000000000000e+00	
   7.1999999999999997e-01	   2.2914730468668694e+00	   7.0000000000000000e+00	
   7.2999999999999998e-01	   2.2176602922691755e+00	   6.0000000000000000e+00	
   7.3999999999999999e-01	   2.2025987227776835e+00	   6.0000000000000000e+00	
   7.5000000000000000e-01	   2.1618698823593512e+00	   5.0000000000000000e+00	
   7.6000000000000001e-01	   2.1398764866366147e+00	   5.0000000000000000e+00	
   7.7000000000000002e-01	   2.1265705448711332e+00	   4.0000000000000000e+00	
   7.8000000000000003e-01	   2.0225420660335360e+00	   4.0000000000000000e+00	
   7.9000000000000004e-01	   2.0665575372115987e+00	   4.0000000000000000e+00	
   8.0000000000000004e-01	   2.1012966623366647e+00	   1.0000000000000000e+00	
   8.1000000000000005e-01	   2.0761443522051151e+00	   1.0000000000000000e+00	
   8.2000000000000006e-01	   2.0914119355563354e+00	   1.0000000000000000e+00	
   8.3000000000000007e-01	   2.1084434966387118e+00	   1.0000000000000000e+00	
   8.4000000000000008e-01	   2.0557428757499210e+00	   3.0000000000000000e+00	
   8.5000000000000009e-01	   1.9850101163688083e+00	   3.0000000000000000e+00	
   8.5999999999999999e-01	   1.9530533323855301e+00	   1.0000000000000000e+00	
   8.7000000000000000e-01	   1.9678271766607922e+00	   1.0000000000000000e+00	
   8.8000000000000000e-01	   1.9883725719794922e+00	   1.0000000000000000e+00	
   8.9000000000000001e-01	   2.0018045045859223e+00	   1.0000000000000000e+00	
   9.0000000000000002e-01	   1.9499119395650393e+00	   1.0000000000000000e+00	
   9.1000000000000003e-01	   1.8887184597355275e+00	   2.0000000000000000e+00	
   9.1999999999999993e-01	   1.8812796390304940e+00	   1.0000000000000000e+00	
   9.2999999999999994e-01	   1.9052838196063644e+00	   1.0000000000000000e+00	
   9.3999999999999995e-01	   1.9305126371785455e+00	   1.0000000000000000e+00	
   9.4999999999999996e-01	   1.9080448205269938e+00	   2.0000000000000000e+00	
   9.5999999999999996e-01	   1.8451047124328417e+00	   2.0000000000000000e+00	
   9.6999999999999997e-01	   1.8033332568201432e+00	   2.0000000000000000e+00	
   9.7999999999999998e-01	   1.8300998587922821e+00	   2.0000000000000000e+00	
   9.8999999999999999e-01	   1.8595782822446085e+00	   2.0000000000000000e+00	
   1.0000000000000000e+00	   1.8916551463035378e+00	   2.0000000000000000e+00	
   1.0100000000000000e+00	   1.8403043023101513e+00	   2.0000000000000000e+00	
   1.0200000000000000e+00	   1.8104900254640657e+00	   2.0000000000000000e+00	
   1.0300000000000000e+00	   1.8502152869004382e+00	   2.0000000000000000e+00	
   1.0400000000000000e+00	   1.8929667379753519e+00	   2.0000000000000000e+00	
   1.0500000000000000e+00	   1.9387868209741301e+00	   2.0000000000000000e+00	
   1.0600000000000001e+00	   1.9877194948733892e+00	   2.0000000000000000e+00	
   1.0700000000000001e+00	   2.0398096951444207e+00	   2.0000000000000000e+00	
   1.0800000000000001e+00	   2.0951027708312777e+00	   2.0000000000000000e+00	
   1.0899999999999999e+00	   2.1363319657404780e+00	   3.0000000000000000e+00	
   1.1000000000000001e+00	   2.1161890560726175e+00	   3.0000000000000000e+00	
   1.1099999999999999e+00	   2.0965639002619998e+00	   3.0000000000000000e+00	
   1.1200000000000001e+00	   2.0722989066724700e+00	   3.0000000000000000e+00	
   1.1299999999999999e+00	   2.0434096374749715e+00	   3.0000000000000000e+00	
   1.1400000000000001e+00	   2.0098919891724485e+00	   3.0000000000000000e+00	
   1.1499999999999999e+00	   2.0163777212039311e+00	   3.0000000000000000e+00	
   1.1600000000000001e+00	   2.0969327247788341e+00	   3.0000000000000000e+00	
   1.1699999999999999e+00	   2.1823707348348442e+00	   3.0000000000000000e+00	
   1.1800000000000002e+00	   2.2332305859484114e+00	   4.0000000000000000e+00	
   1.1899999999999999e+00	   2.1780578713367147e+00	   4.0000000000000000e+00	
   1.2000000000000002e+00	   2.1256561834221865e+00	   4.0000000000000000e+00	
   1.2100000000000000e+00	   2.1925888415517356e+00	   4.0000000000000000e+00	
   1.2200000000000000e+00	   2.3056552698044834e+00	   4.0000000000000000e+00	
   1.2300000000000000e+00	   4.8371909401107926e-01	   1.0000000000000000e+00	
   1.2400000000000000e+00	   4.5831112479864811e-01	   1.0000000000000000e+00	
   1.2500000000000000e+00	   4.3226467051117179e-01	   1.0000000000000000e+00	
   1.2600000000000000e+00	   4.0563640685190838e-01	   1.0000000000000000e+00	
   1.2700000000000000e+00	   3.7848344974724657e-01	   1.0000000000000000e+00	
   1.2800000000000000e+00	   3.5250775198068129e-01	   1.0000000000000000e+00	
   1.2900000000000000e+00	   3.2654074359865681e-01	   1.0000000000000000e+00	
   1.3000000000000000e+00	   3.0018763305495499e-01	   1.0000000000000000e+00	
   1.3100000000000001e+00	   2.7350455974408561e-01	   1.0000000000000000e+00	
   1.3200000000000001e+00	   2.4654769062113069e-01	   1.0000000000000000e+00	
   1.3300000000000001e+00	   2.1937323396606645e-01	   1.0000000000000000e+00	
   1.3399999999999999e+00	   2.2253645947655598e-01	   1.0000000000000000e+00	
   1.3500000000000001e+00	   2.2511869182181576e-01	   1.0000000000000000e+00	
   1.3599999999999999e+00	   2.2845134555639590e-01	   1.0000000000000000e+00	
   1.3700000000000001e+00	   2.5603475834659517e-01	   1.0000000000000000e+00	
   1.3799999999999999e+00	   2.8913777085348125e-01	   1.0000000000000000e+00	
   1.3900000000000001e+00	   3.1815094781086750e-01	   1.0000000000000000e+00	
   1.3999999999999999e+00	   3.2059327803725179e-01	   1.0000000000000000e+00	
   1.4100000000000001e+00	   3.2351662923898905e-01	   1.0000000000000000e+00	
   1.4199999999999999e+00	   3.3291264234904316e-01	   1.0000000000000000e+00	
   1.4300000000000002e+00	   2.2331644615460267e-01	   2.0000000000000000e+00	
   1.4399999999999999e+00	   2.1641751315454649e-01	   2.0000000000000000e+00	
   1.4500000000000002e+00	   1.5865174285808803e-01	   2.0000000000000000e+00	
   1.4600000000000000e+00	   1.5862821813479089e-01	   2.0000000000000000e+00	
   1.4700000000000000e+00	   1.5869263545641266e-01	   2.0000000000000000e+00	
   1.4800000000000000e+00	   1.5881509852669784e-01	   2.0000000000000000e+00	
   1.4900000000000000e+00	   1.5896420457671967e-01	   2.0000000000000000e+00	
   1.5100000000000000e+00	   1.6309870511802238e-01	   2.0000000000000000e+00	
   1.5200000000000000e+00	   1.6528132986576538e-01	   2.0000000000000000e+00	
   1.5300000000000000e+00	   4.0962655451393104e-02	   1.0000000000000000e+00	
   1.5400000000000000e+00	   3.9768116569431688e-02	   1.0000000000000000e+00	
   1.5500000000000000e+00	   3.8705464215792240e-02	   1.0000000000000000e+00	
   1.5600000000000001e+00	   3.7520841463584365e-02	   1.0000000000000000e+00	
   1.5700000000000001e+00	   3.6193851835985891e-02	   1.0000000000000000e+00	
   1.5800000000000001e+00	   3.4737310032240343e-02	   1.0000000000000000e+00	
   1.5900000000000001e+00	   3.3164610455009846e-02	   1.0000000000000000e+00	
   1.6000000000000001e+00	   3.1581958562587276e-02	   1.0000000000000000e+00	
   1.6100000000000001e+00	   3.0095472538005041e-02	   1.0000000000000000e+00	
   1.6200000000000001e+00	   2.8520136651748129e-02	   1.0000000000000000e+00	
   1.6300000000000001e+00	   2.6869497804741793e-02	   1.0000000000000000e+00	
   1.6400000000000001e+00	   2.5157276565702547e-02	   1.0000000000000000e+00	
   1.6500000000000001e+00	   2.3397264506653914e-02	   1.0000000000000000e+00	
   1.6599999999999999e+00	   2.1787722845046487e-02	   1.0000000000000000e+00	
   1.6699999999999999e+00	   2.0203880969378307e-02	   1.0000000000000000e+00	
   1.6799999999999999e+00	   1.8596800605602426e-02	   1.0000000000000000e+00	
   1.6899999999999999e+00	   1.6978808888572394e-02	   1.0000000000000000e+00	
   1.7000000000000000e+00	   1.5361958304379031e-02	   1.0000000000000000e+00	
   1.7100000000000000e+00	   1.3799056889914119e-02	   1.0000000000000000e+00	
   1.7200000000000000e+00	   1.2417504081204123e-02	   1.0000000000000000e+00	
   1.7300000000000000e+00	   1.1054810936567572e-02	   1.0000000000000000e+00	
   1.7400000000000000e+00	   9.7205382135311380e-03	   1.0000000000000000e+00	
   1.7500000000000000e+00	   8.4237248612862858e-03	   1.0000000000000000e+00	
   1.7600000000000000e+00	   8.6574984607212802e-03	   1.0000000000000000e+00	
   1.7700000000000000e+00	   9.0552055664288034e-03	   1.0000000000000000e+00	
   1.7800000000000000e+00	   9.4231714278527612e-03	   1.0000000000000000e+00	
   1.7900000000000000e+00	   9.6773808022767582e-03	   1.0000000000000000e+00	
   1.8000000000000000e+00	   9.8213964958295819e-03	   1.0000000000000000e+00	
   1.8100000000000001e+00	   9.8595986755927179e-03	   1.0000000000000000e+00	
   1.8200000000000001e+00	   9.7976578263685443e-03	   1.0000000000000000e+00	
   1.8300000000000001e+00	   9.7637568796031804e-03	   1.0000000000000000e+00	
   1.8400000000000001e+00	   9.6250988249451108e-03	   1.0000000000000000e+00	
   1.8500000000000001e+00	   9.3885428429174578e-03	   1.0000000000000000e+00	
   1.8600000000000001e+00	   9.0615957118094226e-03	   1.0000000000000000e+00	
   1.8700000000000001e+00	   8.6523293689217962e-03	   1.0000000000000000e+00	
   1.8800000000000001e+00	   8.2115906665263250e-03	   1.0000000000000000e+00	
   1.8900000000000001e+00	   7.7365480225015659e-03	   1.0000000000000000e+00	
   1.9000000000000001e+00	   7.1905553702507063e-03	   1.0000000000000000e+00	
   1.9099999999999999e+00	   6.5832301993329345e-03	   1.0000000000000000e+00	
   1.9199999999999999e+00	   5.9244527799466873e-03	   1.0000000000000000e+00	
   1.9299999999999999e+00	   5.2248059760362509e-03	   1.0000000000000000e+00	
   1.9399999999999999e+00	   4.5334778461738612e-03	   1.0000000000000000e+00	
   1.9500000000000000e+00	   3.8068286513495142e-03	   1.0000000000000000e+00	
   1.9600000000000000e+00	   3.0551613337090888e-03	   1.0000000000000000e+00	
   1.9700000000000000e+00	   2.2887070765345019e-03	   1.0000000000000000e+00	
   1.9800000000000000e+00	   1.5175353094101229e-03	   1.0000000000000000e+00	
   1.9900000000000000e+00	   7.5489049790045115e-04	   1.0000000000000000e+00	
   2.0000000000000000e+00	   2.0943951023931957e+00	   1.0000000000000000e+00	
   2.0099999999999998e+00	   6.9349300028154204e-04	   1.0000000000000000e+00	
   2.0200000000000000e+00	   1.3719916646601771e-03	   1.0000000000000000e+00	
   2.0300000000000002e+00	   2.0272106589809269e-03	   1.0000000000000000e+00	
   2.0400000000000000e+00	   2.6512986135163175e-03	   1.0000000000000000e+00	
   2.0499999999999998e+00	   3.2368922948280421e-03	   1.0000000000000000e+00	
   2.0600000000000001e+00	   3.7771648189681706e-03	   1.0000000000000000e+00	
   2.0700000000000003e+00	   4.2850120364827937e-03	   1.0000000000000000e+00	
   2.0800000000000001e+00	   4.7573972425589695e-03	   1.0000000000000000e+00	
   2.0899999999999999e+00	   5.1758123546101764e-03	   1.0000000000000000e+00	
   2.1000000000000001e+00	   5.5353244331972640e-03	   1.0000000000000000e+00	
   2.1100000000000003e+00	   5.8316313510189399e-03	   1.0000000000000000e+00	
   2.1200000000000001e+00	   6.0644510584486611e-03	   1.0000000000000000e+00	
   2.1299999999999999e+00	   6.2828150572620256e-03	   1.0000000000000000e+00	
   2.1400000000000001e+00	   6.4360853866722856e-03	   1.0000000000000000e+00	
   2.1500000000000004e+00	   6.4685133716588794e-03	   2.0000000000000000e+00	
   2.1600000000000001e+00	   6.3000651965399168e-03	   2.0000000000000000e+00	
   2.1699999999999999e+00	   6.1012615874749265e-03	   2.0000000000000000e+00	
   2.1799999999999997e+00	   5.8323198799434817e-03	   2.0000000000000000e+00	
   2.1899999999999999e+00	   5.4962206824336057e-03	   2.0000000000000000e+00	
   2.2000000000000002e+00	   5.0966896938702266e-03	   2.0000000000000000e+00	
   2.2100000000000000e+00	   4.6379376151430840e-03	   2.0000000000000000e+00	
   2.2199999999999998e+00	   4.1478343787010319e-03	   2.0000000000000000e+00	
   2.2300000000000000e+00	   3.6395477617380267e-03	   2.0000000000000000e+00	
   2.2400000000000002e+00	   3.0885788728004515e-03	   2.0000000000000000e+00	
   2.2500000000000000e+00	   2.5894788884429643e-03	   2.0000000000000000e+00	
   2.2599999999999998e+00	   3.2573686798217372e-03	   2.0000000000000000e+00	
   2.2700000000000000e+00	   3.9231237956104392e-03	   2.0000000000000000e+00	
   2.2800000000000002e+00	   4.6273373869462064e-03	   2.0000000000000000e+00	
   2.2900000000000000e+00	   5.3296760533952936e-03	   2.0000000000000000e+00	
   2.2999999999999998e+00	   6.0139300196834222e-03	   2.0000000000000000e+00	
   2.3100000000000001e+00	   6.6747150245186626e-03	   2.0000000000000000e+00	
   2.3200000000000003e+00	   7.3069715708441452e-03	   2.0000000000000000e+00	
   2.3300000000000001e+00	   7.9207167444801385e-03	   2.0000000000000000e+00	
   2.3399999999999999e+00	   8.5409460612633215e-03	   2.0000000000000000e+00	
   2.3500000000000001e+00	   9.1195626806588326e-03	   2.0000000000000000e+00	
   2.3600000000000003e+00	   9.6526677066988142e-03	   2.0000000000000000e+00	
   2.3700000000000001e+00	   1.0136817761695394e-02	   2.0000000000000000e+00	
   2.3799999999999999e+00	   1.0569039039932449e-02	   2.0000000000000000e+00	
   2.3900000000000001e+00	   1.0987293219994365e-02	   2.0000000000000000e+00	
   2.4000000000000004e+00	   1.1366575975092719e-02	   2.0000000000000000e+00	
   2.4100000000000001e+00	   1.1686927770485855e-02	   2.0000000000000000e+00	
   2.4199999999999999e+00	   1.1946945230821182e-02	   2.0000000000000000e+00	
   2.4299999999999997e+00	   1.2145721731253722e-02	   2.0000000000000000e+00	
   2.4399999999999999e+00	   1.2290557994457885e-02	   2.0000000000000000e+00	
   2.4500000000000002e+00	   1.2422225852570579e-02	   2.0000000000000000e+00	
   2.4600000000000000e+00	   1.2491529203150220e-02	   2.0000000000000000e+00	
   2.4699999999999998e+00	   1.2499116037814062e-02	   2.0000000000000000e+00	
   2.4800000000000000e+00	   1.2446083121580465e-02	   2.0000000000000000e+00	
   2.4900000000000002e+00	   1.2333956471141772e-02	   2.0000000000000000e+00	
   2.5100000000000002e+00	   2.2323297206710002e-03	   2.0000000000000000e+00	
   2.5200000000000000e+00	   2.1870414728146770e-03	   2.0000000000000000e+00	
   2.5300000000000002e+00	   2.1321566031782258e-03	   2.0000000000000000e+00	
   2.5400000000000000e+00	   2.0747939358509715e-03	   2.0000000000000000e+00	
   2.5499999999999998e+00	   2.0134368353579291e-03	   2.0000000000000000e+00	
   2.5600000000000001e+00	   1.9439785536152776e-03	   2.0000000000000000e+00	
   2.5699999999999998e+00	   1.8671126332083787e-03	   2.0000000000000000e+00	
   2.5800000000000001e+00	   1.7835722748602567e-03	   2.0000000000000000e+00	
   2.5899999999999999e+00	   1.6944720734498597e-03	   2.0000000000000000e+00	
   2.6000000000000001e+00	   1.6098118217601209e-03	   2.0000000000000000e+00	
   2.6099999999999999e+00	   1.5203433940509381e-03	   2.0000000000000000e+00	
   2.6200000000000001e+00	   1.4223697043219685e-03	   3.0000000000000000e+00	
   2.6299999999999999e+00	   1.3099070908412225e-03	   3.0000000000000000e+00	
   2.6400000000000001e+00	   1.2035126555779430e-03	   3.0000000000000000e+00	
   2.6499999999999999e+00	   1.0972171417152898e-03	   3.0000000000000000e+00	
   2.6600000000000001e+00	   9.9146972982711024e-04	   3.0000000000000000e+00	
   2.6699999999999999e+00	   8.8699407327419433e-04	   3.0000000000000000e+00	
   2.6800000000000002e+00	   7.8447449440532946e-04	   3.0000000000000000e+00	
   2.6899999999999999e+00	   6.8673842008049046e-04	   3.0000000000000000e+00	
   2.7000000000000002e+00	   5.9540951519476693e-04	   3.0000000000000000e+00	
   2.7100000000000000e+00	   5.0733275672754097e-04	   3.0000000000000000e+00	
   2.7200000000000002e+00	   4.2299047089122688e-04	   3.0000000000000000e+00	
   2.7300000000000000e+00	   3.4281498226440554e-04	   3.0000000000000000e+00	
   2.7400000000000002e+00	   2.6718704212336242e-04	   3.0000000000000000e+00	
   2.7500000000000000e+00	   1.9998792261544107e-04	   3.0000000000000000e+00	
   2.7600000000000002e+00	   2.4373193583282493e-04	   3.0000000000000000e+00	
   2.7700000000000000e+00	   2.8147766364905458e-04	   3.0000000000000000e+00	
   2.7800000000000002e+00	   3.1298232638032886e-04	   3.0000000000000000e+00	
   2.7900000000000000e+00	   3.3836786135266195e-04	   3.0000000000000000e+00	
   2.8000000000000003e+00	   3.5860416493460612e-04	   3.0000000000000000e+00	
   2.8100000000000001e+00	   3.7537170731427594e-04	   3.0000000000000000e+00	
   2.8199999999999998e+00	   3.8623149956795721e-04	   3.0000000000000000e+00	
   2.8300000000000001e+00	   3.9146740883855280e-04	   3.0000000000000000e+00	
   2.8399999999999999e+00	   3.9139784840824809e-04	   3.0000000000000000e+00	
   2.8500000000000001e+00	   3.8637184849377171e-04	   3.0000000000000000e+00	
   2.8599999999999999e+00	   3.7824432035193922e-04	   3.0000000000000000e+00	
   2.8700000000000001e+00	   3.6631976671652744e-04	   3.0000000000000000e+00	
   2.8799999999999999e+00	   3.5026652071157294e-04	   3.0000000000000000e+00	
   2.8900000000000001e+00	   3.3052359431029465e-04	   3.0000000000000000e+00	
   2.8999999999999999e+00	   3.0754277331013213e-04	   3.0000000000000000e+00	
   2.9100000000000001e+00	   2.8194693256078374e-04	   3.0000000000000000e+00	
   2.9199999999999999e+00	   2.5500244981979669e-04	   3.0000000000000000e+00	
   2.9300000000000002e+00	   2.2589127797068009e-04	   3.0000000000000000e+00	
   2.9399999999999999e+00	   1.9508541256474388e-04	   3.0000000000000000e+00	
   2.9500000000000002e+00	   1.6305179452635876e-04	   3.0000000000000000e+00	
   2.9600000000000000e+00	   1.3024854635879102e-04	   3.0000000000000000e+00	
   2.9700000000000002e+00	   9.7350343722713006e-05	   3.0000000000000000e+00	
   2.9800000000000000e+00	   6.4512995659793404e-05	   3.0000000000000000e+00	
   2.9900000000000002e+00	   3.1928195542096915e-05	   3.0000000000000000e+00	
   3.0000000000000000e+00	   2.0943951023931966e+00	   1.0000000000000000e+00	
   3.0100000000000002e+00	   2.9433613054408170e-05	   3.0000000000000000e+00	
   3.0200000000000000e+00	   5.7667717345388780e-05	   3.0000000000000000e+00	
   3.0300000000000002e+00	   8.4380960559293783e-05	   3.0000000000000000e+00	
   3.0400000000000000e+00	   1.0927875480493121e-04	   3.0000000000000000e+00	
   3.0500000000000003e+00	   1.3209489499055316e-04	   3.0000000000000000e+00	
   3.0600000000000001e+00	   1.5275483172394466e-04	   3.0000000000000000e+00	
   3.0699999999999998e+00	   1.7134340549085358e-04	   3.0000000000000000e+00	
   3.0800000000000001e+00	   1.8737444004823800e-04	   3.0000000000000000e+00	
   3.0899999999999999e+00	   2.0069294008084881e-04	   3.0000000000000000e+00	
   3.1000000000000001e+00	   2.1117523700664442e-04	   3.0000000000000000e+00	
   3.1099999999999999e+00	   2.1872905061459669e-04	   3.0000000000000000e+00	
   3.1200000000000001e+00	   2.2400753501994330e-04	   3.0000000000000000e+00	
   3.1299999999999999e+00	   2.2657718435059593e-04	   3.0000000000000000e+00	
   3.1400000000000001e+00	   2.2622758149881683e-04	   3.0000000000000000e+00	
   3.1499999999999999e+00	   2.2297390784631332e-04	   3.0000000000000000e+00	
   3.1600000000000001e+00	   2.1685884328603855e-04	   3.0000000000000000e+00	
   3.1699999999999999e+00	   2.0822568578915401e-04	   3.0000000000000000e+00	
   3.1800000000000002e+00	   1.9786201023452854e-04	   3.0000000000000000e+00	
   3.1899999999999999e+00	   1.8499409065375616e-04	   3.0000000000000000e+00	
   3.2000000000000002e+00	   1.6974742179587388e-04	   3.0000000000000000e+00	
   3.2100000000000000e+00	   1.5226706328652639e-04	   3.0000000000000000e+00	
   3.2200000000000002e+00	   1.3271583337948201e-04	   3.0000000000000000e+00	
   3.2300000000000000e+00	   1.1225025958505608e-04	   3.0000000000000000e+00	
   3.2400000000000002e+00	   9.0570421311775284e-05	   3.0000000000000000e+00	
   3.2500000000000000e+00	   6.7437764844080483e-05	   3.0000000000000000e+00	
   3.2600000000000002e+00	   9.3761664747504803e-05	   3.0000000000000000e+00	
   3.2700000000000000e+00	   1.2045181170539099e-04	   3.0000000000000000e+00	
   3.2800000000000002e+00	   1.4742440526471778e-04	   3.0000000000000000e+00	
   3.2900000000000000e+00	   1.7554847327871936e-04	   3.0000000000000000e+00	
   3.3000000000000003e+00	   2.0330182454875168e-04	   3.0000000000000000e+00	
   3.3100000000000001e+00	   2.3045992560299933e-04	   3.0000000000000000e+00	
   3.3199999999999998e+00	   2.5680711030673375e-04	   3.0000000000000000e+00	
   3.3300000000000001e+00	   2.8213820908484788e-04	   3.0000000000000000e+00	
   3.3399999999999999e+00	   3.0725039078394190e-04	   3.0000000000000000e+00	
   3.3500000000000001e+00	   3.3160696750789143e-04	   3.0000000000000000e+00	
   3.3599999999999999e+00	   3.5440531212471704e-04	   3.0000000000000000e+00	
   3.3700000000000001e+00	   3.7548390765618223e-04	   3.0000000000000000e+00	
   3.3799999999999999e+00	   3.9469809902881181e-04	   3.0000000000000000e+00	
   3.3900000000000001e+00	   4.1203859128136067e-04	   3.0000000000000000e+00	
   3.3999999999999999e+00	   4.2878594506712275e-04	   3.0000000000000000e+00	
   3.4100000000000001e+00	   4.4332694651982862e-04	   3.0000000000000000e+00	
   3.4199999999999999e+00	   4.5558000976320123e-04	   3.0000000000000000e+00	
   3.4300000000000002e+00	   4.6548332194218389e-04	   3.0000000000000000e+00	
   3.4399999999999999e+00	   4.7299492353447548e-04	   3.0000000000000000e+00	
   3.4500000000000002e+00	   4.7893763902817632e-04	   3.0000000000000000e+00	
   3.4600000000000000e+00	   4.8318285218362789e-04	   3.0000000000000000e+00	
   3.4700000000000002e+00	   4.8499049043826403e-04	   3.0000000000000000e+00	
   3.4800000000000000e+00	   4.8438587604504590e-04	   3.0000000000000000e+00	
   3.4900000000000002e+00	   4.8141277628155343e-04	   3.0000000000000000e+00	
   3.5100000000000002e+00	   8.3558646300607720e-05	   4.0000000000000000e+00	
   3.5200000000000000e+00	   8.1472531441306728e-05	   4.0000000000000000e+00	
   3.5300000000000002e+00	   7.9294852533662308e-05	   4.0000000000000000e+00	
   3.5400000000000000e+00	   7.6793543544617648e-05	   4.0000000000000000e+00	
   3.5500000000000003e+00	   7.3995844688479195e-05	   4.0000000000000000e+00	
   3.5600000000000001e+00	   7.0930468288432635e-05	   4.0000000000000000e+00	
   3.5700000000000003e+00	   6.7627314121354587e-05	   4.0000000000000000e+00	
   3.5800000000000001e+00	   6.4224015862035522e-05	   4.0000000000000000e+00	
   3.5899999999999999e+00	   6.0757886554352325e-05	   4.0000000000000000e+00	
   3.6000000000000001e+00	   5.7135014762788039e-05	   4.0000000000000000e+00	
   3.6099999999999999e+00	   5.3386336099081610e-05	   4.0000000000000000e+00	
   3.6200000000000001e+00	   4.9542730372054145e-05	   4.0000000000000000e+00	
   3.6299999999999999e+00	   4.5634770117208845e-05	   4.0000000000000000e+00	
   3.6400000000000001e+00	   4.1867295302311369e-05	   4.0000000000000000e+00	
   3.6499999999999999e+00	   3.8100559134890410e-05	   4.0000000000000000e+00	
   3.6600000000000001e+00	   3.4343486392196532e-05	   4.0000000000000000e+00	
   3.6699999999999999e+00	   3.0622568528815286e-05	   4.0000000000000000e+00	
   3.6800000000000002e+00	   2.6963055815509840e-05	   4.0000000000000000e+00	
   3.6899999999999999e+00	   2.3445295230128949e-05	   4.0000000000000000e+00	
   3.7000000000000002e+00	   2.0132588547827623e-05	   4.0000000000000000e+00	
   3.7100000000000000e+00	   1.6935052182365240e-05	   4.0000000000000000e+00	
   3.7200000000000002e+00	   1.3871077007898691e-05	   4.0000000000000000e+00	
   3.7300000000000000e+00	   1.0957281253110018e-05	   4.0000000000000000e+00	
   3.7400000000000002e+00	   8.2084331775034158e-06	   4.0000000000000000e+00	
   3.7500000000000000e+00	   5.7376152224897226e-06	   4.0000000000000000e+00	
   3.7600000000000002e+00	   7.5285897302990179e-06	   4.0000000000000000e+00	
   3.7700000000000000e+00	   9.0910860019999262e-06	   4.0000000000000000e+00	
   3.7800000000000002e+00	   1.0425063723840111e-05	   4.0000000000000000e+00	
   3.7900000000000000e+00	   1.1532378508816166e-05	   4.0000000000000000e+00	
   3.8000000000000003e+00	   1.2439795579632928e-05	   4.0000000000000000e+00	
   3.8100000000000001e+00	   1.3196414634597531e-05	   4.0000000000000000e+00	
   3.8200000000000003e+00	   1.3730871963435476e-05	   4.0000000000000000e+00	
   3.8300000000000001e+00	   1.4051673324466663e-05	   4.0000000000000000e+00	
   3.8399999999999999e+00	   1.4168808653014509e-05	   4.0000000000000000e+00	
   3.8500000000000001e+00	   1.4093617659582947e-05	   4.0000000000000000e+00	
   3.8599999999999999e+00	   1.3882679847032620e-05	   4.0000000000000000e+00	
   3.8700000000000001e+00	   1.3516720114514769e-05	   4.0000000000000000e+00	
   3.8799999999999999e+00	   1.2988606867825325e-05	   4.0000000000000000e+00	
   3.8900000000000001e+00	   1.2313796865504045e-05	   4.0000000000000000e+00	
   3.8999999999999999e+00	   1.1508432457008055e-05	   4.0000000000000000e+00	
   3.9100000000000001e+00	   1.0594562517729500e-05	   4.0000000000000000e+00	
   3.9199999999999999e+00	   9.6120343486827409e-06	   4.0000000000000000e+00	
   3.9300000000000002e+00	   8.5404861329685389e-06	   4.0000000000000000e+00	
   3.9399999999999999e+00	   7.3974716710001331e-06	   4.0000000000000000e+00	
   3.9500000000000002e+00	   6.2005195422543125e-06	   4.0000000000000000e+00	
   3.9600000000000000e+00	   4.9669825146203550e-06	   4.0000000000000000e+00	
   3.9700000000000002e+00	   3.7210265499965089e-06	   4.0000000000000000e+00	
   3.9800000000000000e+00	   2.4704317056478686e-06	   4.0000000000000000e+00	
   3.9900000000000002e+00	   1.2248633949329957e-06	   4.0000000000000000e+00	
   4.0000000000000000e+00	   7.7715611723760958e-16	   1.0000000000000000e+00	
   4.0099999999999998e+00	   1.1451867583112119e-06	   4.0000000000000000e+00	
   4.0199999999999996e+00	   2.2469572726890874e-06	   4.0000000000000000e+00	
   4.0300000000000002e+00	   3.2924811554924105e-06	   4.0000000000000000e+00	
   4.0400000000000000e+00	   4.2699051130412613e-06	   4.0000000000000000e+00	
   4.0500000000000007e+00	   5.1684271473728671e-06	   4.0000000000000000e+00	
   4.0600000000000005e+00	   5.9783595764972830e-06	   4.0000000000000000e+00	
   4.0700000000000003e+00	   6.7071367939597337e-06	   4.0000000000000000e+00	
   4.0800000000000001e+00	   7.3378962242021117e-06	   4.0000000000000000e+00	
   4.0899999999999999e+00	   7.8622455024213167e-06	   4.0000000000000000e+00	
   4.0999999999999996e+00	   8.2749623777633730e-06	   4.0000000000000000e+00	
   4.1099999999999994e+00	   8.5720585591975151e-06	   4.0000000000000000e+00	
   4.1200000000000001e+00	   8.7606025553910172e-06	   4.0000000000000000e+00	
   4.1299999999999999e+00	   8.8505131077276644e-06	   4.0000000000000000e+00	
   4.1400000000000006e+00	   8.8235046007412166e-06	   4.0000000000000000e+00	
   4.1500000000000004e+00	   8.6800151593013908e-06	   4.0000000000000000e+00	
   4.1600000000000001e+00	   8.4215973519263798e-06	   4.0000000000000000e+00	
   4.1699999999999999e+00	   8.0508745963214778e-06	   4.0000000000000000e+00	
   4.1799999999999997e+00	   7.6025846282856691e-06	   4.0000000000000000e+00	
   4.1899999999999995e+00	   7.0599469494947442e-06	   4.0000000000000000e+00	
   4.2000000000000002e+00	   6.4209350649768737e-06	   4.0000000000000000e+00	
   4.2100000000000000e+00	   5.6914465302870809e-06	   4.0000000000000000e+00	
   4.2200000000000006e+00	   4.8781172710121723e-06	   4.0000000000000000e+00	
   4.2300000000000004e+00	   4.0004103246671363e-06	   4.0000000000000000e+00	
   4.2400000000000002e+00	   3.0692199971538159e-06	   5.0000000000000000e+00	
   4.2500000000000000e+00	   1.9206470726063074e-06	   5.0000000000000000e+00	
   4.2599999999999998e+00	   3.1456607164637163e-06	   5.0000000000000000e+00	
   4.2699999999999996e+00	   4.3282485137075000e-06	   4.0000000000000000e+00	
   4.2799999999999994e+00	   5.4514499113755832e-06	   4.0000000000000000e+00	
   4.2900000000000000e+00	   6.6098149021920349e-06	   4.0000000000000000e+00	
   4.2999999999999998e+00	   7.7713868119611007e-06	   4.0000000000000000e+00	
   4.3100000000000005e+00	   8.9140002194065815e-06	   4.0000000000000000e+00	
   4.3200000000000003e+00	   1.0028508434900552e-05	   4.0000000000000000e+00	
   4.3300000000000001e+00	   1.1106141596273211e-05	   4.0000000000000000e+00	
   4.3399999999999999e+00	   1.2149026238361671e-05	   4.0000000000000000e+00	
   4.3499999999999996e+00	   1.3179968518350904e-05	   4.0000000000000000e+00	
   4.3599999999999994e+00	   1.4150702155824035e-05	   4.0000000000000000e+00	
   4.3700000000000001e+00	   1.5054200232400561e-05	   4.0000000000000000e+00	
   4.3799999999999999e+00	   1.5884100466267981e-05	   4.0000000000000000e+00	
   4.3900000000000006e+00	   1.6634745484633839e-05	   4.0000000000000000e+00	
   4.4000000000000004e+00	   1.7335836540954830e-05	   4.0000000000000000e+00	
   4.4100000000000001e+00	   1.7965423164234551e-05	   4.0000000000000000e+00	
   4.4199999999999999e+00	   1.8502598526204395e-05	   4.0000000000000000e+00	
   4.4299999999999997e+00	   1.8944440600243695e-05	   4.0000000000000000e+00	
   4.4399999999999995e+00	   1.9288842877607237e-05	   4.0000000000000000e+00	
   4.4499999999999993e+00	   1.9541289014490815e-05	   4.0000000000000000e+00	
   4.4600000000000000e+00	   1.9737993871116188e-05	   4.0000000000000000e+00	
   4.4699999999999998e+00	   1.9825070252776911e-05	   5.0000000000000000e+00	
   4.4800000000000004e+00	   1.9722030308866323e-05	   5.0000000000000000e+00	
   4.4900000000000002e+00	   1.9523267660748189e-05	   5.0000000000000000e+00	
   4.5099999999999998e+00	   3.1470331967042853e-06	   5.0000000000000000e+00	
   4.5199999999999996e+00	   3.0733286160433693e-06	   5.0000000000000000e+00	
   4.5299999999999994e+00	   2.9943623651718099e-06	   5.0000000000000000e+00	
   4.5400000000000000e+00	   2.9029108890021860e-06	   5.0000000000000000e+00	
   4.5499999999999998e+00	   2.7999625644703485e-06	   5.0000000000000000e+00	
   4.5600000000000005e+00	   2.6865681441723410e-06	   5.0000000000000000e+00	
   4.5700000000000003e+00	   2.5638301497377114e-06	   5.0000000000000000e+00	
   4.5800000000000001e+00	   2.4361787255289258e-06	   5.0000000000000000e+00	
   4.5899999999999999e+00	   2.3051229466330980e-06	   5.0000000000000000e+00	
   4.5999999999999996e+00	   2.1678475100594952e-06	   5.0000000000000000e+00	
   4.6099999999999994e+00	   2.0255248104339429e-06	   5.0000000000000000e+00	
   4.6200000000000001e+00	   1.8793304864539451e-06	   5.0000000000000000e+00	
   4.6299999999999999e+00	   1.7304335296897122e-06	   5.0000000000000000e+00	
   4.6400000000000006e+00	   1.5855076521686939e-06	   5.0000000000000000e+00	
   4.6500000000000004e+00	   1.4403735494328274e-06	   5.0000000000000000e+00	
   4.6600000000000001e+00	   1.2954980327384291e-06	   5.0000000000000000e+00	
   4.6699999999999999e+00	   1.1519129147208318e-06	   5.0000000000000000e+00	
   4.6799999999999997e+00	   1.0106049125324645e-06	   5.0000000000000000e+00	
   4.6899999999999995e+00	   8.7433005968584609e-07	   5.0000000000000000e+00	
   4.6999999999999993e+00	   7.4523933668579900e-07	   5.0000000000000000e+00	
   4.7100000000000000e+00	   6.2064876815703940e-07	   5.0000000000000000e+00	
   4.7199999999999998e+00	   5.0128836348584116e-07	   5.0000000000000000e+00	
   4.7300000000000004e+00	   3.8781962252709690e-07	   5.0000000000000000e+00	
   4.7400000000000002e+00	   2.7690243009637072e-07	   6.0000000000000000e+00	
   4.7500000000000000e+00	   1.7274522656762770e-07	   6.0000000000000000e+00	
   4.7599999999999998e+00	   2.5212232523941225e-07	   6.0000000000000000e+00	
   4.7699999999999996e+00	   3.2153515139299316e-07	   6.0000000000000000e+00	
   4.7799999999999994e+00	   3.7947499165191800e-07	   5.0000000000000000e+00	
   4.7900000000000000e+00	   4.2683821543931799e-07	   5.0000000000000000e+00	
   4.7999999999999998e+00	   4.6619169746797695e-07	   5.0000000000000000e+00	
   4.8100000000000005e+00	   4.9902393350897967e-07	   5.0000000000000000e+00	
   4.8200000000000003e+00	   5.2307716358335199e-07	   5.0000000000000000e+00	
   4.8300000000000001e+00	   5.3864040405748881e-07	   5.0000000000000000e+00	
   4.8399999999999999e+00	   5.4606494459541466e-07	   5.0000000000000000e+00	
   4.8499999999999996e+00	   5.4575933616796135e-07	   5.0000000000000000e+00	
   4.8599999999999994e+00	   5.3965082646989515e-07	   5.0000000000000000e+00	
   4.8700000000000001e+00	   5.2710665787714106e-07	   5.0000000000000000e+00	
   4.8799999999999999e+00	   5.0800861561839383e-07	   5.0000000000000000e+00	
   4.8900000000000006e+00	   4.8193721857714422e-07	   6.0000000000000000e+00	
   4.9000000000000004e+00	   4.5006945459391545e-07	   6.0000000000000000e+00	
   4.9100000000000001e+00	   4.1457769328623328e-07	   6.0000000000000000e+00	
   4.9199999999999999e+00	   3.7534003594075216e-07	   6.0000000000000000e+00	
   4.9299999999999997e+00	   3.3277661537489678e-07	   6.0000000000000000e+00	
   4.9399999999999995e+00	   2.8760273895755972e-07	   6.0000000000000000e+00	
   4.9499999999999993e+00	   2.4052507052729766e-07	   6.0000000000000000e+00	
   4.9600000000000000e+00	   1.9232976744554264e-07	   6.0000000000000000e+00	
   4.9699999999999998e+00	   1.4381294488607921e-07	   6.0000000000000000e+00	
   4.9800000000000004e+00	   9.5171438507790640e-08	   6.0000000000000000e+00	
   4.9900000000000002e+00	   4.7034794281586301e-08	   6.0000000000000000e+00	
   5.0000000000000000e+00	   2.0943951023931966e+00	   1.0000000000000000e+00	
   5.0099999999999998e+00	   4.4042618663198141e-08	   6.0000000000000000e+00	
   5.0199999999999996e+00	   8.6092535767079426e-08	   6.0000000000000000e+00	
   5.0299999999999994e+00	   1.2567909779548359e-07	   6.0000000000000000e+00	
   5.0400000000000000e+00	   1.6237525080065041e-07	   6.0000000000000000e+00	
   5.0499999999999998e+00	   1.9579975862882293e-07	   6.0000000000000000e+00	
   5.0600000000000005e+00	   2.2579600456040794e-07	   6.0000000000000000e+00	
   5.0700000000000003e+00	   2.5222048072315317e-07	   6.0000000000000000e+00	
   5.0800000000000001e+00	   2.7462851392989762e-07	   6.0000000000000000e+00	
   5.0899999999999999e+00	   2.9282357960624950e-07	   6.0000000000000000e+00	
   5.0999999999999996e+00	   3.0665819883424206e-07	   6.0000000000000000e+00	
   5.1099999999999994e+00	   3.1603352623754688e-07	   6.0000000000000000e+00	
   5.1200000000000001e+00	   3.2153891282860059e-07	   6.0000000000000000e+00	
   5.1299999999999999e+00	   3.2270029670655731e-07	   6.0000000000000000e+00	
   5.1400000000000006e+00	   3.1946322853748654e-07	   6.0000000000000000e+00	
   5.1500000000000004e+00	   3.1190009908144134e-07	   6.0000000000000000e+00	
   5.1600000000000001e+00	   3.0012382112865055e-07	   6.0000000000000000e+00	
   5.1699999999999999e+00	   2.8458662537644841e-07	   6.0000000000000000e+00	
   5.1799999999999997e+00	   2.6584515477878767e-07	   6.0000000000000000e+00	
   5.1899999999999995e+00	   2.4350324667743450e-07	   6.0000000000000000e+00	
   5.1999999999999993e+00	   2.1779895376106140e-07	   6.0000000000000000e+00	
   5.2100000000000000e+00	   1.8899665787941444e-07	   6.0000000000000000e+00	
   5.2199999999999998e+00	   1.5738383551955337e-07	   6.0000000000000000e+00	
   5.2300000000000004e+00	   1.2411222727326532e-07	   6.0000000000000000e+00	
   5.2400000000000002e+00	   8.8944526077661124e-08	   6.0000000000000000e+00	
   5.2500000000000000e+00	   5.1961260960631250e-08	   6.0000000000000000e+00	
   5.2599999999999998e+00	   9.1730452900229409e-08	   6.0000000000000000e+00	
   5.2699999999999996e+00	   1.3204029014612928e-07	   6.0000000000000000e+00	
   5.2799999999999994e+00	   1.7279701058914299e-07	   6.0000000000000000e+00	
   5.2900000000000000e+00	   2.1433024299799541e-07	   6.0000000000000000e+00	
   5.2999999999999998e+00	   2.5538251213763630e-07	   6.0000000000000000e+00	
   5.3100000000000005e+00	   2.9561827175061950e-07	   6.0000000000000000e+00	
   5.3200000000000003e+00	   3.3471607230328715e-07	   6.0000000000000000e+00	
   5.3300000000000001e+00	   3.7237104166809587e-07	   6.0000000000000000e+00	
   5.3399999999999999e+00	   4.0910980114716722e-07	   6.0000000000000000e+00	
   5.3499999999999996e+00	   4.4425996614805285e-07	   6.0000000000000000e+00	
   5.3599999999999994e+00	   4.7716363016370167e-07	   6.0000000000000000e+00	
   5.3700000000000001e+00	   5.0759297387514835e-07	   6.0000000000000000e+00	
   5.3799999999999999e+00	   5.3534572419522419e-07	   6.0000000000000000e+00	
   5.3900000000000006e+00	   5.6038534479441182e-07	   6.0000000000000000e+00	
   5.4000000000000004e+00	   5.8349078591035664e-07	   6.0000000000000000e+00	
   5.4100000000000001e+00	   6.0345683894347246e-07	   6.0000000000000000e+00	
   5.4199999999999999e+00	   6.2018343505165774e-07	   6.0000000000000000e+00	
   5.4299999999999997e+00	   6.3359920887684495e-07	   6.0000000000000000e+00	
   5.4399999999999995e+00	   6.4366133156745775e-07	   6.0000000000000000e+00	
   5.4499999999999993e+00	   6.5100964929953875e-07	   6.0000000000000000e+00	
   5.4600000000000000e+00	   6.5548866556852659e-07	   6.0000000000000000e+00	
   5.4699999999999998e+00	   6.5661812720385626e-07	   6.0000000000000000e+00	
   5.4800000000000004e+00	   6.5445637664751644e-07	   6.0000000000000000e+00	
   5.4900000000000002e+00	   6.4908670016627923e-07	   6.0000000000000000e+00	
   5.5099999999999998e+00	   1.1383206421911041e-07	   7.0000000000000000e+00	
   5.5199999999999996e+00	   1.1102437635912565e-07	   7.0000000000000000e+00	
   5.5299999999999994e+00	   1.0784449533396412e-07	   7.0000000000000000e+00	
   5.5400000000000000e+00	   1.0423251595170768e-07	   7.0000000000000000e+00	
   5.5499999999999998e+00	   1.0022738106130191e-07	   7.0000000000000000e+00	
   5.5600000000000005e+00	   9.5869882921206795e-08	   7.0000000000000000e+00	
   5.5700000000000003e+00	   9.1205373253799848e-08	   7.0000000000000000e+00	
   5.5800000000000001e+00	   8.6465284598880032e-08	   7.0000000000000000e+00	
   5.5899999999999999e+00	   8.1491410064415959e-08	   7.0000000000000000e+00	
   5.5999999999999996e+00	   7.6327145381860362e-08	   7.0000000000000000e+00	
   5.6099999999999994e+00	   7.1015872848967376e-08	   7.0000000000000000e+00	
   5.6200000000000001e+00	   6.5600657461750700e-08	   7.0000000000000000e+00	
   5.6299999999999999e+00	   6.0200756601958005e-08	   7.0000000000000000e+00	
   5.6400000000000006e+00	   5.4864234155793667e-08	   7.0000000000000000e+00	
   5.6500000000000004e+00	   4.9535838209102678e-08	   7.0000000000000000e+00	
   5.6600000000000001e+00	   4.4253385178549820e-08	   7.0000000000000000e+00	
   5.6699999999999999e+00	   3.9052885481005717e-08	   7.0000000000000000e+00	
   5.6799999999999997e+00	   3.3968326929034731e-08	   7.0000000000000000e+00	
   5.6899999999999995e+00	   2.9154265002162560e-08	   7.0000000000000000e+00	
   5.6999999999999993e+00	   2.4520744545952766e-08	   7.0000000000000000e+00	
   5.7100000000000000e+00	   2.0079631735114845e-08	   7.0000000000000000e+00	
   5.7199999999999998e+00	   1.5854730861519784e-08	   7.0000000000000000e+00	
   5.7300000000000004e+00	   1.1867100413454068e-08	   7.0000000000000000e+00	
   5.7400000000000002e+00	   8.1727437040157724e-09	   7.0000000000000000e+00	
   5.7500000000000000e+00	   4.8152914988719431e-09	   7.0000000000000000e+00	
   5.7599999999999998e+00	   7.4686030693271732e-09	   7.0000000000000000e+00	
   5.7699999999999996e+00	   9.8060883857442604e-09	   7.0000000000000000e+00	
   5.7799999999999994e+00	   1.1826806201042928e-08	   7.0000000000000000e+00	
   5.7900000000000000e+00	   1.3532472031840825e-08	   7.0000000000000000e+00	
   5.7999999999999998e+00	   1.4990605423648162e-08	   7.0000000000000000e+00	
   5.8100000000000005e+00	   1.6153351767300705e-08	   7.0000000000000000e+00	
   5.8200000000000003e+00	   1.7011363429020321e-08	   7.0000000000000000e+00	
   5.8300000000000001e+00	   1.7575906507971695e-08	   7.0000000000000000e+00	
   5.8399999999999999e+00	   1.7860313894502156e-08	   7.0000000000000000e+00	
   5.8499999999999996e+00	   1.7892914927486459e-08	   7.0000000000000000e+00	
   5.8599999999999994e+00	   1.7716036859738438e-08	   7.0000000000000000e+00	
   5.8700000000000001e+00	   1.7300469057346390e-08	   7.0000000000000000e+00	
   5.8799999999999999e+00	   1.6665923752157141e-08	   7.0000000000000000e+00	
   5.8900000000000006e+00	   1.5833218292016227e-08	   7.0000000000000000e+00	
   5.9000000000000004e+00	   1.4824053318207575e-08	   7.0000000000000000e+00	
   5.9100000000000001e+00	   1.3682267763215350e-08	   7.0000000000000000e+00	
   5.9199999999999999e+00	   1.2412873395817314e-08	   7.0000000000000000e+00	
   5.9299999999999997e+00	   1.1027460944390555e-08	   7.0000000000000000e+00	
   5.9399999999999995e+00	   9.5493646323774328e-09	   7.0000000000000000e+00	
   5.9500000000000002e+00	   8.0017601433723939e-09	   7.0000000000000000e+00	
   5.9600000000000000e+00	   6.4091396634324838e-09	   7.0000000000000000e+00	
   5.9699999999999998e+00	   4.7999495489392530e-09	   7.0000000000000000e+00	
   5.9800000000000004e+00	   3.1814586520795274e-09	   7.0000000000000000e+00	
   5.9900000000000002e+00	   1.5747523285369880e-09	   7.0000000000000000e+00	
   6.0000000000000000e+00	   2.0943951023931966e+00	   1.0000000000000000e+00	
   6.0099999999999998e+00	   1.4856058605516864e-09	   7.0000000000000000e+00	
   6.0199999999999996e+00	   2.9079885166538588e-09	   7.0000000000000000e+00	
   6.0300000000000002e+00	   4.2509036290994118e-09	   7.0000000000000000e+00	
   6.0400000000000000e+00	   5.4995092924059463e-09	   7.0000000000000000e+00	
   6.0499999999999998e+00	   6.6404346465986919e-09	   7.0000000000000000e+00	
   6.0600000000000005e+00	   7.6631290202300306e-09	   7.0000000000000000e+00	
   6.0700000000000003e+00	   8.5689522144605235e-09	   7.0000000000000000e+00	
   6.0800000000000001e+00	   9.3398293543600630e-09	   7.0000000000000000e+00	
   6.0899999999999999e+00	   9.9685353305289937e-09	   7.0000000000000000e+00	
   6.0999999999999996e+00	   1.0449508591747758e-08	   7.0000000000000000e+00	
   6.1099999999999994e+00	   1.0778829606650220e-08	   7.0000000000000000e+00	
   6.1200000000000001e+00	   1.0966332064654694e-08	   7.0000000000000000e+00	
   6.1299999999999999e+00	   1.1010948819389910e-08	   7.0000000000000000e+00	
   6.1399999999999997e+00	   1.0904189329252745e-08	   7.0000000000000000e+00	
   6.1500000000000004e+00	   1.0648078418995510e-08	   7.0000000000000000e+00	
   6.1600000000000001e+00	   1.0246103077093949e-08	   7.0000000000000000e+00	
   6.1699999999999999e+00	   9.7032561985344046e-09	   7.0000000000000000e+00	
   6.1799999999999997e+00	   9.0540523967064246e-09	   7.0000000000000000e+00	
   6.1899999999999995e+00	   8.2788131905431328e-09	   7.0000000000000000e+00	
   6.2000000000000002e+00	   7.3855228599484235e-09	   7.0000000000000000e+00	
   6.2100000000000000e+00	   6.3830756236171737e-09	   7.0000000000000000e+00	
   6.2199999999999998e+00	   5.2812387796308258e-09	   7.0000000000000000e+00	
   6.2300000000000004e+00	   4.1056943400619161e-09	   7.0000000000000000e+00	
   6.2400000000000002e+00	   2.8711232280542731e-09	   7.0000000000000000e+00	
   6.2500000000000000e+00	   1.5713151890750510e-09	   7.0000000000000000e+00	
   6.2599999999999998e+00	   2.9716297200721442e-09	   7.0000000000000000e+00	
   6.2699999999999996e+00	   4.3956119855081965e-09	   7.0000000000000000e+00	
   6.2800000000000002e+00	   5.8308994299594019e-09	   7.0000000000000000e+00	
   6.2900000000000000e+00	   7.2982054843961919e-09	   7.0000000000000000e+00	
   6.2999999999999998e+00	   8.7562396222651273e-09	   7.0000000000000000e+00	
   6.3100000000000005e+00	   1.0189895482959344e-08	   7.0000000000000000e+00	
   6.3200000000000003e+00	   1.1587665382783996e-08	   7.0000000000000000e+00	
   6.3300000000000001e+00	   1.2938530136175075e-08	   7.0000000000000000e+00	
   6.3399999999999999e+00	   1.4245696622339210e-08	   7.0000000000000000e+00	
   6.3499999999999996e+00	   1.5509632689258979e-08	   7.0000000000000000e+00	
   6.3599999999999994e+00	   1.6697515592412060e-08	   7.0000000000000000e+00	
   6.3700000000000001e+00	   1.7800911411569587e-08	   7.0000000000000000e+00	
   6.3799999999999999e+00	   1.8812294388936834e-08	   7.0000000000000000e+00	
   6.3899999999999997e+00	   1.9725048927554667e-08	   7.0000000000000000e+00	
   6.4000000000000004e+00	   2.0563805991358208e-08	   7.0000000000000000e+00	
   6.4100000000000001e+00	   2.1299936259211449e-08	   7.0000000000000000e+00	
   6.4199999999999999e+00	   2.1922658577366860e-08	   7.0000000000000000e+00	
   6.4299999999999997e+00	   2.2429030632764579e-08	   7.0000000000000000e+00	
   6.4399999999999995e+00	   2.2817131517527400e-08	   7.0000000000000000e+00	
   6.4500000000000002e+00	   2.3095654499982743e-08	   7.0000000000000000e+00	
   6.4600000000000000e+00	   2.3280772420974927e-08	   7.0000000000000000e+00	
   6.4699999999999998e+00	   2.3346797606293990e-08	   7.0000000000000000e+00	
   6.4800000000000004e+00	   2.3295464890438211e-08	   7.0000000000000000e+00	
   6.4900000000000002e+00	   2.3129376858221917e-08	   7.0000000000000000e+00	
   6.5099999999999998e+00	   3.8259957424457980e-09	   8.0000000000000000e+00	
   6.5199999999999996e+00	   3.7357354987221925e-09	   8.0000000000000000e+00	
   6.5300000000000002e+00	   3.6328484664949201e-09	   8.0000000000000000e+00	
   6.5400000000000000e+00	   3.5150826693808312e-09	   8.0000000000000000e+00	
   6.5499999999999998e+00	   3.3837384005863669e-09	   8.0000000000000000e+00	
   6.5600000000000005e+00	   3.2401354932432014e-09	   8.0000000000000000e+00	
   6.5700000000000003e+00	   3.0856854849048432e-09	   8.0000000000000000e+00	
   6.5800000000000001e+00	   2.9272649859635180e-09	   8.0000000000000000e+00	
   6.5899999999999999e+00	   2.7609167174702520e-09	   8.0000000000000000e+00	
   6.5999999999999996e+00	   2.5877519016503925e-09	   8.0000000000000000e+00	
   6.6099999999999994e+00	   2.4092461359259687e-09	   8.0000000000000000e+00	
   6.6200000000000001e+00	   2.2268150656756802e-09	   8.0000000000000000e+00	
   6.6299999999999999e+00	   2.0438709613657124e-09	   8.0000000000000000e+00	
   6.6399999999999997e+00	   1.8627682729643880e-09	   8.0000000000000000e+00	
   6.6500000000000004e+00	   1.6816504855299286e-09	   8.0000000000000000e+00	
   6.6600000000000001e+00	   1.5018043475478748e-09	   8.0000000000000000e+00	
   6.6699999999999999e+00	   1.3244642049770050e-09	   8.0000000000000000e+00	
   6.6799999999999997e+00	   1.1508378694458088e-09	   8.0000000000000000e+00	
   6.6899999999999995e+00	   9.8546559801349076e-10	   8.0000000000000000e+00	
   6.7000000000000002e+00	   8.2632789499825776e-10	   8.0000000000000000e+00	
   6.7100000000000000e+00	   6.7362970757045559e-10	   8.0000000000000000e+00	
   6.7199999999999998e+00	   5.2820792184604670e-10	   8.0000000000000000e+00	
   6.7300000000000004e+00	   3.9083536407247266e-10	   8.0000000000000000e+00	
   6.7400000000000002e+00	   2.6306401501585697e-10	   8.0000000000000000e+00	
   6.7500000000000000e+00	   1.4679502058356775e-10	   8.0000000000000000e+00	
   6.7599999999999998e+00	   2.4092106087891807e-10	   8.0000000000000000e+00	
   6.7699999999999996e+00	   3.2424773976913457e-10	   8.0000000000000000e+00	
   6.7800000000000002e+00	   3.9666225859491533e-10	   8.0000000000000000e+00	
   6.7900000000000000e+00	   4.5822434735498518e-10	   8.0000000000000000e+00	
   6.7999999999999998e+00	   5.1079207530335680e-10	   8.0000000000000000e+00	
   6.8100000000000005e+00	   5.5320215075482793e-10	   8.0000000000000000e+00	
   6.8200000000000003e+00	   5.8500781996428941e-10	   8.0000000000000000e+00	
   6.8300000000000001e+00	   6.0655480638160952e-10	   8.0000000000000000e+00	
   6.8399999999999999e+00	   6.1827876152165118e-10	   8.0000000000000000e+00	
   6.8499999999999996e+00	   6.2095772968007168e-10	   8.0000000000000000e+00	
   6.8599999999999994e+00	   6.1615712532159250e-10	   8.0000000000000000e+00	
   6.8700000000000001e+00	   6.0293769976738076e-10	   8.0000000000000000e+00	
   6.8799999999999999e+00	   5.8193561081054668e-10	   8.0000000000000000e+00	
   6.8899999999999997e+00	   5.5386828456960302e-10	   8.0000000000000000e+00	
   6.9000000000000004e+00	   5.1945669987674137e-10	   8.0000000000000000e+00	
   6.9100000000000001e+00	   4.8009329844944659e-10	   8.0000000000000000e+00	
   6.9199999999999999e+00	   4.3614889477794350e-10	   8.0000000000000000e+00	
   6.9299999999999997e+00	   3.8798786405891406e-10	   8.0000000000000000e+00	
   6.9399999999999995e+00	   3.3640978891469331e-10	   8.0000000000000000e+00	
   6.9500000000000002e+00	   2.8225177750584862e-10	   8.0000000000000000e+00	
   6.9600000000000000e+00	   2.2633739327204694e-10	   8.0000000000000000e+00	
   6.9699999999999998e+00	   1.6967693916569715e-10	   8.0000000000000000e+00	
   6.9800000000000004e+00	   1.1256129361925105e-10	   8.0000000000000000e+00	
   6.9900000000000002e+00	   5.5774274088093989e-11	   8.0000000000000000e+00	
   7.0000000000000000e+00	   2.0943951023931962e+00	   1.0000000000000000e+00	
   7.0099999999999998e+00	   5.2890580803932608e-11	   8.0000000000000000e+00	
   7.0199999999999996e+00	   1.0361089763932796e-10	   8.0000000000000000e+00	
   7.0300000000000002e+00	   1.5160761535071288e-10	   8.0000000000000000e+00	
   7.0400000000000000e+00	   1.9629764480555423e-10	   8.0000000000000000e+00	
   7.0499999999999998e+00	   2.3721069553062080e-10	   8.0000000000000000e+00	
   7.0599999999999996e+00	   2.7391533485854325e-10	   8.0000000000000000e+00	
   7.0700000000000003e+00	   3.0643243498218453e-10	   8.0000000000000000e+00	
   7.0800000000000001e+00	   3.3419289557912180e-10	   8.0000000000000000e+00	
   7.0899999999999999e+00	   3.5688718647008955e-10	   8.0000000000000000e+00	
   7.0999999999999996e+00	   3.7430725186027303e-10	   8.0000000000000000e+00	
   7.1100000000000003e+00	   3.8630632026581679e-10	   8.0000000000000000e+00	
   7.1200000000000001e+00	   3.9298875265103561e-10	   8.0000000000000000e+00	
   7.1299999999999999e+00	   3.9464298495772709e-10	   8.0000000000000000e+00	
   7.1399999999999997e+00	   3.9083536407247266e-10	   8.0000000000000000e+00	
   7.1500000000000004e+00	   3.8164138516094681e-10	   8.0000000000000000e+00	
   7.1600000000000001e+00	   3.6715341877879837e-10	   8.0000000000000000e+00	
   7.1699999999999999e+00	   3.4754998878838705e-10	   8.0000000000000000e+00	
   7.1799999999999997e+00	   3.2375058189870742e-10	   8.0000000000000000e+00	
   7.1899999999999995e+00	   2.9556690428478305e-10	   8.0000000000000000e+00	
   7.2000000000000002e+00	   2.6306201661441264e-10	   8.0000000000000000e+00	
   7.2100000000000000e+00	   2.2656765352735420e-10	   8.0000000000000000e+00	
   7.2199999999999998e+00	   1.8641665988639033e-10	   8.0000000000000000e+00	
   7.2300000000000004e+00	   1.4325929331704401e-10	   8.0000000000000000e+00	
   7.2400000000000002e+00	   9.8065000564417915e-11	   8.0000000000000000e+00	
   7.2500000000000000e+00	   5.0457082956256727e-11	   8.0000000000000000e+00	
   7.2599999999999998e+00	   1.0173095699173018e-10	   8.0000000000000000e+00	
   7.2699999999999996e+00	   1.5398693431478705e-10	   8.0000000000000000e+00	
   7.2800000000000002e+00	   2.0674917333707299e-10	   8.0000000000000000e+00	
   7.2900000000000000e+00	   2.6041491185679888e-10	   8.0000000000000000e+00	
   7.2999999999999998e+00	   3.1408975420532670e-10	   8.0000000000000000e+00	
   7.3099999999999996e+00	   3.6698788452582676e-10	   8.0000000000000000e+00	
   7.3200000000000003e+00	   4.1866343725160959e-10	   8.0000000000000000e+00	
   7.3300000000000001e+00	   4.6872605796721700e-10	   8.0000000000000000e+00	
   7.3399999999999999e+00	   5.1696069647277909e-10	   8.0000000000000000e+00	
   7.3499999999999996e+00	   5.6385918156820480e-10	   8.0000000000000000e+00	
   7.3600000000000003e+00	   6.0803984069934813e-10	   8.0000000000000000e+00	
   7.3700000000000001e+00	   6.4920646636323909e-10	   8.0000000000000000e+00	
   7.3799999999999999e+00	   6.8706329514611753e-10	   8.0000000000000000e+00	
   7.3899999999999997e+00	   7.2135630801994921e-10	   8.0000000000000000e+00	
   7.4000000000000004e+00	   7.5257022835728549e-10	   8.0000000000000000e+00	
   7.4100000000000001e+00	   7.8031137107359427e-10	   8.0000000000000000e+00	
   7.4199999999999999e+00	   8.0392403845053195e-10	   8.0000000000000000e+00	
   7.4299999999999997e+00	   8.2328588391078483e-10	   8.0000000000000000e+00	
   7.4399999999999995e+00	   8.3830364872028440e-10	   8.0000000000000000e+00	
   7.4500000000000002e+00	   8.4901352614963344e-10	   8.0000000000000000e+00	
   7.4600000000000000e+00	   8.5643914182753633e-10	   8.0000000000000000e+00	
   7.4699999999999998e+00	   8.5949380945748999e-10	   8.0000000000000000e+00	
   7.4800000000000004e+00	   8.5819285011723423e-10	   8.0000000000000000e+00	
   7.4900000000000002e+00	   8.5267370941721765e-10	   8.0000000000000000e+00	
   7.5099999999999998e+00	   1.8998003170622724e-10	   8.0000000000000000e+00	
   7.5199999999999996e+00	   1.8593238060304884e-10	   8.0000000000000000e+00	
   7.5300000000000002e+00	   1.8138068824669062e-10	   8.0000000000000000e+00	
   7.5400000000000000e+00	   1.7603918323061407e-10	   8.0000000000000000e+00	
   7.5499999999999998e+00	   1.6998336072049369e-10	   8.0000000000000000e+00	
   7.5599999999999996e+00	   1.6326939800137552e-10	   8.0000000000000000e+00	
   7.5700000000000003e+00	   1.5597656499721779e-10	   8.0000000000000000e+00	
   7.5800000000000001e+00	   1.4828505090491717e-10	   8.0000000000000000e+00	
   7.5899999999999999e+00	   1.4027501382685159e-10	   8.0000000000000000e+00	
   7.5999999999999996e+00	   1.3187040348583423e-10	   8.0000000000000000e+00	
   7.6100000000000003e+00	   1.2314826935977408e-10	   8.0000000000000000e+00	
   7.6200000000000001e+00	   1.1416279033227283e-10	   8.0000000000000000e+00	
   7.6299999999999999e+00	   1.0499900948701679e-10	   8.0000000000000000e+00	
   7.6399999999999997e+00	   9.5950580814019304e-11	   8.0000000000000000e+00	
   7.6500000000000004e+00	   8.6885720840257363e-11	   8.0000000000000000e+00	
   7.6600000000000001e+00	   7.7808093301712233e-11	   8.0000000000000000e+00	
   7.6699999999999999e+00	   6.8806182973446539e-11	   8.0000000000000000e+00	
   7.6799999999999997e+00	   5.9956595244159416e-11	   8.0000000000000000e+00	
   7.6900000000000004e+00	   5.1396109590484684e-11	   8.0000000000000000e+00	
   7.7000000000000002e+00	   4.3196113352905741e-11	   8.0000000000000000e+00	
   7.7100000000000000e+00	   3.5287772703895826e-11	   8.0000000000000000e+00	
   7.7199999999999998e+00	   2.7718938255816283e-11	   8.0000000000000000e+00	
   7.7300000000000004e+00	   2.0549340007391947e-11	   8.0000000000000000e+00	
   7.7400000000000002e+00	   1.3783418850721318e-11	   8.0000000000000000e+00	
   7.7500000000000000e+00	   7.6130213244596234e-12	   8.0000000000000000e+00	
   7.7599999999999998e+00	   1.2694290063564040e-11	   8.0000000000000000e+00	
   7.7699999999999996e+00	   1.7224444093244529e-11	   8.0000000000000000e+00	
   7.7800000000000002e+00	   2.1179946685379036e-11	   8.0000000000000000e+00	
   7.7900000000000000e+00	   2.4589441594002892e-11	   8.0000000000000000e+00	
   7.7999999999999998e+00	   2.7464031049362347e-11	   8.0000000000000000e+00	
   7.8099999999999996e+00	   2.9861224604132985e-11	   8.0000000000000000e+00	
   7.8200000000000003e+00	   3.1686431256616743e-11	   8.0000000000000000e+00	
   7.8300000000000001e+00	   3.2976954500441025e-11	   8.0000000000000000e+00	
   7.8399999999999999e+00	   3.3722358239174355e-11	   8.0000000000000000e+00	
   7.8499999999999996e+00	   3.3962388457098314e-11	   8.0000000000000000e+00	
   7.8600000000000003e+00	   3.3775648944356362e-11	   8.0000000000000000e+00	
   7.8700000000000001e+00	   3.3160363344109101e-11	   8.0000000000000000e+00	
   7.8799999999999999e+00	   3.2109870318208777e-11	   8.0000000000000000e+00	
   7.8899999999999997e+00	   3.0657032468184298e-11	   8.0000000000000000e+00	
   7.9000000000000004e+00	   2.8828273102021740e-11	   8.0000000000000000e+00	
   7.9100000000000001e+00	   2.6700197608420240e-11	   8.0000000000000000e+00	
   7.9199999999999999e+00	   2.4330093495450456e-11	   8.0000000000000000e+00	
   7.9299999999999997e+00	   2.1715740317063137e-11	   8.0000000000000000e+00	
   7.9400000000000004e+00	   1.8870238704948861e-11	   8.0000000000000000e+00	
   7.9500000000000002e+00	   1.5877077430559439e-11	   8.0000000000000000e+00	
   7.9600000000000000e+00	   1.2776002478176451e-11	   8.0000000000000000e+00	
   7.9699999999999998e+00	   9.6000984939337286e-12	   8.0000000000000000e+00	
   7.9800000000000004e+00	   6.3682392692498979e-12	   8.0000000000000000e+00	
   7.9900000000000002e+00	   3.1683544676752717e-12	   8.0000000000000000e+00	
   8.0000000000000000e+00	   2.0943951023931948e+00	   1.0000000000000000e+00	
