   5.1000000000000001e-01	   3.4860436195003697e+00	   7.0000000000000000e+00	
   5.2000000000000002e-01	   3.2147363602574002e+00	   4.0000000000000000e+00	
   5.3000000000000003e-01	   3.2468791786977436e+00	   4.0000000000000000e+00	
   5.4000000000000004e-01	   3.3291897314756582e+00	   5.0000000000000000e+00	
   5.5000000000000004e-01	   1.6578731328619167e-01	   1.0000000000000000e+00	
   5.6000000000000005e-01	   1.5931410879464192e-01	   1.0000000000000000e+00	
   5.7000000000000006e-01	   1.5262616271488305e-01	   1.0000000000000000e+00	
   5.7999999999999996e-01	   1.4568356123700799e-01	   1.0000000000000000e+00	
   5.8999999999999997e-01	   1.4016141020313944e-01	   1.0000000000000000e+00	
   5.9999999999999998e-01	   1.3496317939891012e-01	   1.0000000000000000e+00	
   6.0999999999999999e-01	   1.2927216886086867e-01	   1.0000000000000000e+00	
   6.2000000000000000e-01	   1.2386586982881242e-01	   1.0000000000000000e+00	
   6.3000000000000000e-01	   1.1828919930892390e-01	   1.0000000000000000e+00	
   6.4000000000000001e-01	   1.1268918249032844e-01	   1.0000000000000000e+00	
   6.5000000000000002e-01	   1.0819312754364541e-01	   1.0000000000000000e+00	
   6.6000000000000003e-01	   1.0331899135275768e-01	   1.0000000000000000e+00	
   6.7000000000000004e-01	   9.8441627593047754e-02	   1.0000000000000000e+00	
   6.7999999999999994e-01	   9.3954319578341883e-02	   1.0000000000000000e+00	
   6.8999999999999995e-01	   8.9279792509280975e-02	   1.0000000000000000e+00	
   6.9999999999999996e-01	   8.4963077150749688e-02	   1.0000000000000000e+00	
   7.0999999999999996e-01	   8.0803977582579511e-02	   1.0000000000000000e+00	
   7.1999999999999997e-01	   7.6410580791418159e-02	   1.0000000000000000e+00	
   7.2999999999999998e-01	   7.2565036330645150e-02	   1.0000000000000000e+00	
   7.3999999999999999e-01	   6.8766793515932179e-02	   1.0000000000000000e+00	
   7.5000000000000000e-01	   6.4844027550772232e-02	   1.0000000000000000e+00	
   7.6000000000000001e-01	   6.1303140297539693e-02	   1.0000000000000000e+00	
   7.7000000000000002e-01	   5.7598780833815422e-02	   1.0000000000000000e+00	
   7.8000000000000003e-01	   5.3957975520687596e-02	   1.0000000000000000e+00	
   7.9000000000000004e-01	   5.0846014664827299e-02	   1.0000000000000000e+00	
   8.0000000000000004e-01	   4.7633201943229730e-02	   1.0000000000000000e+00	
   8.1000000000000005e-01	   4.4463063498484390e-02	   1.0000000000000000e+00	
   8.2000000000000006e-01	   4.1345416604519736e-02	   1.0000000000000000e+00	
   8.3000000000000007e-01	   3.8159524466847783e-02	   1.0000000000000000e+00	
   8.4000000000000008e-01	   3.5356865174692054e-02	   1.0000000000000000e+00	
   8.5000000000000009e-01	   3.2700225810377459e-02	   1.0000000000000000e+00	
   8.5999999999999999e-01	   2.9998807748366829e-02	   1.0000000000000000e+00	
   8.7000000000000000e-01	   2.7363790355551476e-02	   1.0000000000000000e+00	
   8.8000000000000000e-01	   2.4715702952493590e-02	   1.0000000000000000e+00	
   8.9000000000000001e-01	   2.2119861445927924e-02	   1.0000000000000000e+00	
   9.0000000000000002e-01	   1.9893232685245010e-02	   1.0000000000000000e+00	
   9.1000000000000003e-01	   1.7645645981368308e-02	   1.0000000000000000e+00	
   9.1999999999999993e-01	   1.5411333088441337e-02	   1.0000000000000000e+00	
   9.2999999999999994e-01	   1.3212573399848937e-02	   1.0000000000000000e+00	
   9.3999999999999995e-01	   1.1048778490099442e-02	   1.0000000000000000e+00	
   9.4999999999999996e-01	   9.0488954625821405e-03	   1.0000000000000000e+00	
   9.5999999999999996e-01	   7.1531157462946249e-03	   1.0000000000000000e+00	
   9.6999999999999997e-01	   5.2810643099080457e-03	   1.0000000000000000e+00	
   9.7999999999999998e-01	   3.4538346634668260e-03	   1.0000000000000000e+00	
   9.8999999999999999e-01	   1.6871894519351338e-03	   1.0000000000000000e+00	
   1.0000000000000000e+00	   3.3306690738754696e-16	   1.0000000000000000e+00	
   1.0100000000000000e+00	   6.2830823926849293e+00	   1.0000000000000000e+00	
   1.0200000000000000e+00	   6.2827813358584557e+00	   1.0000000000000000e+00	
   1.0300000000000000e+00	   6.2822946646008475e+00	   1.0000000000000000e+00	
   1.0400000000000000e+00	   6.2816361419563682e+00	   1.0000000000000000e+00	
   1.0500000000000000e+00	   6.2808206363577392e+00	   1.0000000000000000e+00	
   1.0600000000000001e+00	   6.2829332302735361e+00	   1.0000000000000000e+00	
   1.0700000000000001e+00	   6.2822472919928432e+00	   1.0000000000000000e+00	
   1.0800000000000001e+00	   6.2814075460863590e+00	   1.0000000000000000e+00	
   1.0899999999999999e+00	   6.2804279421871216e+00	   1.0000000000000000e+00	
   1.1000000000000001e+00	   6.2793233485854811e+00	   1.0000000000000000e+00	
   1.1099999999999999e+00	   6.2781094071138410e+00	   1.0000000000000000e+00	
   1.1200000000000001e+00	   6.2822796717018541e+00	   1.0000000000000000e+00	
   1.1299999999999999e+00	   6.2811422413679434e+00	   1.0000000000000000e+00	
   1.1400000000000001e+00	   6.2798927999082590e+00	   1.0000000000000000e+00	
   1.1499999999999999e+00	   6.2785461423158839e+00	   1.0000000000000000e+00	
   1.1600000000000001e+00	   6.2771176598272174e+00	   1.0000000000000000e+00	
   1.1699999999999999e+00	   6.2827467424130248e+00	   1.0000000000000000e+00	
   1.1800000000000002e+00	   6.2813650775803342e+00	   1.0000000000000000e+00	
   1.1899999999999999e+00	   6.2798954934236857e+00	   1.0000000000000000e+00	
   1.2000000000000002e+00	   6.2783526451571330e+00	   1.0000000000000000e+00	
   1.2100000000000000e+00	   6.2767516210422212e+00	   1.0000000000000000e+00	
   1.2200000000000000e+00	   6.2751077946761757e+00	   1.0000000000000000e+00	
   1.2300000000000000e+00	   2.4463962419217111e-02	   1.0000000000000000e+00	
   1.2400000000000000e+00	   2.5117043919074433e-02	   1.0000000000000000e+00	
   1.2500000000000000e+00	   2.5635408518556169e-02	   1.0000000000000000e+00	
   1.2600000000000000e+00	   2.6099686075140127e-02	   1.0000000000000000e+00	
   1.2700000000000000e+00	   2.6425397106841331e-02	   1.0000000000000000e+00	
   1.2800000000000000e+00	   2.6719691295216785e-02	   1.0000000000000000e+00	
   1.2900000000000000e+00	   2.7264617242333422e-02	   1.0000000000000000e+00	
   1.3000000000000000e+00	   2.7670790879614993e-02	   1.0000000000000000e+00	
   1.3100000000000001e+00	   2.7978696237240142e-02	   1.0000000000000000e+00	
   1.3200000000000001e+00	   2.8199410487477428e-02	   1.0000000000000000e+00	
   1.3300000000000001e+00	   2.8276626739538457e-02	   1.0000000000000000e+00	
   1.3399999999999999e+00	   2.8560303550356991e-02	   1.0000000000000000e+00	
   1.3500000000000001e+00	   2.8877867551507119e-02	   1.0000000000000000e+00	
   1.3599999999999999e+00	   2.9052700036208634e-02	   1.0000000000000000e+00	
   1.3700000000000001e+00	   2.9179051196112304e-02	   1.0000000000000000e+00	
   1.3799999999999999e+00	   2.9174350353663225e-02	   1.0000000000000000e+00	
   1.3900000000000001e+00	   2.9085825356388817e-02	   1.0000000000000000e+00	
   1.3999999999999999e+00	   2.9332433144070968e-02	   1.0000000000000000e+00	
   1.4100000000000001e+00	   2.9436997192051173e-02	   1.0000000000000000e+00	
   1.4199999999999999e+00	   2.9436276376793247e-02	   1.0000000000000000e+00	
   1.4300000000000002e+00	   2.9367177357980667e-02	   1.0000000000000000e+00	
   1.4399999999999999e+00	   2.9157589637440084e-02	   1.0000000000000000e+00	
   1.4500000000000002e+00	   2.9106740101241257e-02	   1.0000000000000000e+00	
   1.4600000000000000e+00	   2.9154721669667372e-02	   1.0000000000000000e+00	
   1.4700000000000000e+00	   2.9064236619808836e-02	   1.0000000000000000e+00	
   1.4800000000000000e+00	   3.1451770517208151e+00	   2.0000000000000000e+00	
   1.4900000000000000e+00	   3.1458857272452585e+00	   2.0000000000000000e+00	
   1.5100000000000000e+00	   3.1648492875207332e+00	   1.0000000000000000e+00	
   1.5200000000000000e+00	   3.1564822261024958e+00	   1.0000000000000000e+00	
   1.5300000000000000e+00	   9.0510366731729741e-03	   1.0000000000000000e+00	
   1.5400000000000000e+00	   8.8636884842870911e-03	   1.0000000000000000e+00	
   1.5500000000000000e+00	   8.6383777977500076e-03	   1.0000000000000000e+00	
   1.5600000000000001e+00	   3.7086433608168878e-03	   2.0000000000000000e+00	
   1.5700000000000001e+00	   3.6351113102817134e-03	   2.0000000000000000e+00	
   1.5800000000000001e+00	   3.5457961321831988e-03	   2.0000000000000000e+00	
   1.5900000000000001e+00	   3.4429692983288795e-03	   2.0000000000000000e+00	
   1.6000000000000001e+00	   3.3273111169438430e-03	   2.0000000000000000e+00	
   1.6100000000000001e+00	   3.1996634806903401e-03	   2.0000000000000000e+00	
   1.6200000000000001e+00	   3.1213145839454892e-03	   2.0000000000000000e+00	
   1.6300000000000001e+00	   3.0370653186233554e-03	   2.0000000000000000e+00	
   1.6400000000000001e+00	   2.9405466347465214e-03	   2.0000000000000000e+00	
   1.6500000000000001e+00	   2.8337959205093632e-03	   2.0000000000000000e+00	
   1.6599999999999999e+00	   2.7170829132674434e-03	   2.0000000000000000e+00	
   1.6699999999999999e+00	   2.6106632832987309e-03	   2.0000000000000000e+00	
   1.6799999999999999e+00	   2.5319321705523645e-03	   2.0000000000000000e+00	
   1.6899999999999999e+00	   2.4428101493290111e-03	   2.0000000000000000e+00	
   1.7000000000000000e+00	   2.3448896251185847e-03	   2.0000000000000000e+00	
   1.7100000000000000e+00	   2.2392277335401278e-03	   2.0000000000000000e+00	
   1.7200000000000000e+00	   2.1267257751322877e-03	   2.0000000000000000e+00	
   1.7300000000000000e+00	   2.0431597459640294e-03	   2.0000000000000000e+00	
   1.7400000000000000e+00	   1.9614031005852350e-03	   2.0000000000000000e+00	
   1.7500000000000000e+00	   1.8722674191478106e-03	   2.0000000000000000e+00	
   1.7600000000000000e+00	   1.7772906191058091e-03	   2.0000000000000000e+00	
   1.7700000000000000e+00	   1.6771299199032086e-03	   2.0000000000000000e+00	
   1.7800000000000000e+00	   1.5806134388411941e-03	   2.0000000000000000e+00	
   1.7900000000000000e+00	   1.5057492315764254e-03	   2.0000000000000000e+00	
   1.8000000000000000e+00	   1.4251800327926833e-03	   2.0000000000000000e+00	
   1.8100000000000001e+00	   1.3400587218941329e-03	   2.0000000000000000e+00	
   1.8200000000000001e+00	   1.2514126025875427e-03	   2.0000000000000000e+00	
   1.8300000000000001e+00	   1.1601304697499426e-03	   2.0000000000000000e+00	
   1.8400000000000001e+00	   1.0830136280022273e-03	   2.0000000000000000e+00	
   1.8500000000000001e+00	   1.0102168567309722e-03	   2.0000000000000000e+00	
   1.8600000000000001e+00	   9.3422182979008284e-04	   2.0000000000000000e+00	
   1.8700000000000001e+00	   8.5605902639063203e-04	   2.0000000000000000e+00	
   1.8800000000000001e+00	   7.7655233359230635e-04	   2.0000000000000000e+00	
   1.8900000000000001e+00	   6.9830140800664076e-04	   2.0000000000000000e+00	
   1.9000000000000001e+00	   6.3239284730642886e-04	   2.0000000000000000e+00	
   1.9099999999999999e+00	   5.6460806849911727e-04	   2.0000000000000000e+00	
   1.9199999999999999e+00	   4.9581355224415091e-04	   2.0000000000000000e+00	
   1.9299999999999999e+00	   4.2683798286846653e-04	   2.0000000000000000e+00	
   1.9399999999999999e+00	   3.5845453201588384e-04	   2.0000000000000000e+00	
   1.9500000000000000e+00	   2.9503005716235986e-04	   2.0000000000000000e+00	
   1.9600000000000000e+00	   2.3442604483958629e-04	   2.0000000000000000e+00	
   1.9700000000000000e+00	   1.7390308667264431e-04	   2.0000000000000000e+00	
   1.9800000000000000e+00	   1.1419875670026780e-04	   2.0000000000000000e+00	
   1.9900000000000000e+00	   5.6010425835917310e-05	   2.0000000000000000e+00	
   2.0000000000000000e+00	   6.6613381477509392e-16	   1.0000000000000000e+00	
   2.0099999999999998e+00	   5.4409433167590393e-05	   2.0000000000000000e+00	
   2.0200000000000000e+00	   1.0776350751828812e-04	   2.0000000000000000e+00	
   2.0300000000000002e+00	   1.5941239833006104e-04	   2.0000000000000000e+00	
   2.0400000000000000e+00	   2.0874847780605332e-04	   2.0000000000000000e+00	
   2.0499999999999998e+00	   2.5520210188634262e-04	   2.0000000000000000e+00	
   2.0600000000000001e+00	   3.0119743144330080e-04	   2.0000000000000000e+00	
   2.0700000000000003e+00	   3.4840110124623180e-04	   2.0000000000000000e+00	
   2.0800000000000001e+00	   3.9312704589744563e-04	   2.0000000000000000e+00	
   2.0899999999999999e+00	   4.3486421940519548e-04	   2.0000000000000000e+00	
   2.1000000000000001e+00	   4.7312854016112738e-04	   2.0000000000000000e+00	
   2.1100000000000003e+00	   5.0747606176271276e-04	   2.0000000000000000e+00	
   2.1200000000000001e+00	   5.4818746954943265e-04	   2.0000000000000000e+00	
   2.1299999999999999e+00	   5.8701193746202307e-04	   2.0000000000000000e+00	
   2.1400000000000001e+00	   6.2226310283941544e-04	   2.0000000000000000e+00	
   2.1500000000000004e+00	   6.5358087322087144e-04	   2.0000000000000000e+00	
   2.1600000000000001e+00	   6.8056831265694839e-04	   2.0000000000000000e+00	
   2.1699999999999999e+00	   7.0810521972441975e-04	   2.0000000000000000e+00	
   2.1799999999999997e+00	   7.4191864923167650e-04	   2.0000000000000000e+00	
   2.1899999999999999e+00	   7.7168731306609395e-04	   2.0000000000000000e+00	
   2.2000000000000002e+00	   7.9712565682910075e-04	   2.0000000000000000e+00	
   2.2100000000000000e+00	   8.1794743004537374e-04	   2.0000000000000000e+00	
   2.2199999999999998e+00	   8.3388001226736286e-04	   2.0000000000000000e+00	
   2.2300000000000000e+00	   8.5935624483557405e-04	   2.0000000000000000e+00	
   2.2400000000000002e+00	   8.8103348897972111e-04	   3.0000000000000000e+00	
   2.2500000000000000e+00	   8.9249469203478426e-04	   3.0000000000000000e+00	
   2.2599999999999998e+00	   8.9901140331605234e-04	   3.0000000000000000e+00	
   2.2700000000000000e+00	   9.0046347327765730e-04	   3.0000000000000000e+00	
   2.2800000000000002e+00	   9.0127960884367475e-04	   3.0000000000000000e+00	
   2.2900000000000000e+00	   9.1262355547883089e-04	   3.0000000000000000e+00	
   2.2999999999999998e+00	   9.1912254980752728e-04	   3.0000000000000000e+00	
   2.3100000000000001e+00	   9.2081615770411851e-04	   3.0000000000000000e+00	
   2.3200000000000003e+00	   9.1775024008255990e-04	   3.0000000000000000e+00	
   2.3300000000000001e+00	   9.0993854189758139e-04	   3.0000000000000000e+00	
   2.3399999999999999e+00	   9.1078743286887587e-04	   3.0000000000000000e+00	
   2.3500000000000001e+00	   9.1364089408729754e-04	   3.0000000000000000e+00	
   2.3600000000000003e+00	   9.1187666363046205e-04	   3.0000000000000000e+00	
   2.3700000000000001e+00	   9.0566411176329353e-04	   3.0000000000000000e+00	
   2.3799999999999999e+00	   8.9503199485507778e-04	   3.0000000000000000e+00	
   2.3900000000000001e+00	   8.8227120033912421e-04	   3.0000000000000000e+00	
   2.4000000000000004e+00	   8.8247204808000745e-04	   3.0000000000000000e+00	
   2.4100000000000001e+00	   8.7832536140286521e-04	   3.0000000000000000e+00	
   2.4199999999999999e+00	   8.6997372034747222e-04	   3.0000000000000000e+00	
   2.4299999999999997e+00	   8.5758683006642578e-04	   3.0000000000000000e+00	
   2.4399999999999999e+00	   8.4126787160099248e-04	   3.0000000000000000e+00	
   2.4500000000000002e+00	   8.3133869489382395e-04	   3.0000000000000000e+00	
   2.4600000000000000e+00	   8.2556791723742418e-04	   3.0000000000000000e+00	
   2.4699999999999998e+00	   8.1588408862165451e-04	   3.0000000000000000e+00	
   2.4800000000000000e+00	   8.0251228251582152e-04	   3.0000000000000000e+00	
   2.4900000000000002e+00	   7.8558806302064799e-04	   3.0000000000000000e+00	
   2.5100000000000002e+00	   1.3380119466133156e-04	   3.0000000000000000e+00	
   2.5200000000000000e+00	   1.3192879751422470e-04	   3.0000000000000000e+00	
   2.5300000000000002e+00	   1.2945300645605951e-04	   3.0000000000000000e+00	
   2.5400000000000000e+00	   1.2641042402694591e-04	   3.0000000000000000e+00	
   2.5499999999999998e+00	   1.2283814647207070e-04	   3.0000000000000000e+00	
   2.5600000000000001e+00	   1.1995285385602017e-04	   3.0000000000000000e+00	
   2.5699999999999998e+00	   1.1799842338211519e-04	   3.0000000000000000e+00	
   2.5800000000000001e+00	   1.1550609114641119e-04	   3.0000000000000000e+00	
   2.5899999999999999e+00	   1.1251363598097086e-04	   3.0000000000000000e+00	
   2.6000000000000001e+00	   1.0905972686270360e-04	   3.0000000000000000e+00	
   2.6099999999999999e+00	   1.0518537398285233e-04	   3.0000000000000000e+00	
   2.6200000000000001e+00	   1.0294267482224839e-04	   3.0000000000000000e+00	
   2.6299999999999999e+00	   1.0048669473894378e-04	   3.0000000000000000e+00	
   2.6400000000000001e+00	   9.7596124839283149e-05	   3.0000000000000000e+00	
   2.6499999999999999e+00	   9.4044377988655725e-05	   4.0000000000000000e+00	
   2.6600000000000001e+00	   8.9815779870772161e-05	   4.0000000000000000e+00	
   2.6699999999999999e+00	   8.5965625310713278e-05	   4.0000000000000000e+00	
   2.6800000000000002e+00	   8.3066879268844929e-05	   4.0000000000000000e+00	
   2.6899999999999999e+00	   7.9845383956334004e-05	   4.0000000000000000e+00	
   2.7000000000000002e+00	   7.6344923817694976e-05	   4.0000000000000000e+00	
   2.7100000000000000e+00	   7.2608730947054667e-05	   4.0000000000000000e+00	
   2.7200000000000002e+00	   6.8679566279206128e-05	   4.0000000000000000e+00	
   2.7300000000000000e+00	   6.5723383865901042e-05	   4.0000000000000000e+00	
   2.7400000000000002e+00	   6.2848318025832128e-05	   4.0000000000000000e+00	
   2.7500000000000000e+00	   5.9756684769096680e-05	   4.0000000000000000e+00	
   2.7600000000000002e+00	   5.6488148801436822e-05	   4.0000000000000000e+00	
   2.7700000000000000e+00	   5.3080888723577857e-05	   4.0000000000000000e+00	
   2.7800000000000002e+00	   4.9817350441516695e-05	   4.0000000000000000e+00	
   2.7900000000000000e+00	   4.7265321780232128e-05	   4.0000000000000000e+00	
   2.8000000000000003e+00	   4.4553078537790114e-05	   4.0000000000000000e+00	
   2.8100000000000001e+00	   4.1715867526770367e-05	   4.0000000000000000e+00	
   2.8199999999999998e+00	   3.8788009946166824e-05	   4.0000000000000000e+00	
   2.8300000000000001e+00	   3.5802659092754041e-05	   4.0000000000000000e+00	
   2.8399999999999999e+00	   3.3280030552917950e-05	   4.0000000000000000e+00	
   2.8500000000000001e+00	   3.0910749089896328e-05	   4.0000000000000000e+00	
   2.8599999999999999e+00	   2.8462524636507780e-05	   4.0000000000000000e+00	
   2.8700000000000001e+00	   2.5965618446921468e-05	   4.0000000000000000e+00	
   2.8799999999999999e+00	   2.3448943215376161e-05	   4.0000000000000000e+00	
   2.8900000000000001e+00	   2.0991748597820603e-05	   4.0000000000000000e+00	
   2.8999999999999999e+00	   1.8926302527200178e-05	   4.0000000000000000e+00	
   2.9100000000000001e+00	   1.6822200301414014e-05	   4.0000000000000000e+00	
   2.9199999999999999e+00	   1.4705711704365854e-05	   4.0000000000000000e+00	
   2.9300000000000002e+00	   1.2601835463810218e-05	   4.0000000000000000e+00	
   2.9399999999999999e+00	   1.0534135941320244e-05	   4.0000000000000000e+00	
   2.9500000000000002e+00	   8.6302767091650523e-06	   4.0000000000000000e+00	
   2.9600000000000000e+00	   6.8257511806057991e-06	   4.0000000000000000e+00	
   2.9700000000000002e+00	   5.0399032657244547e-06	   4.0000000000000000e+00	
   2.9800000000000000e+00	   3.2940194724107030e-06	   4.0000000000000000e+00	
   2.9900000000000002e+00	   1.6079481555131281e-06	   4.0000000000000000e+00	
   3.0000000000000000e+00	   9.9920072216264089e-16	   1.0000000000000000e+00	
   3.0100000000000002e+00	   1.5470956895580201e-06	   4.0000000000000000e+00	
   3.0200000000000000e+00	   3.0494118845592055e-06	   4.0000000000000000e+00	
   3.0300000000000002e+00	   4.4890685483300885e-06	   4.0000000000000000e+00	
   3.0400000000000000e+00	   5.8496184290879327e-06	   4.0000000000000000e+00	
   3.0500000000000003e+00	   7.1161230702498912e-06	   4.0000000000000000e+00	
   3.0600000000000001e+00	   8.3571382829550345e-06	   4.0000000000000000e+00	
   3.0699999999999998e+00	   9.6190112155447594e-06	   4.0000000000000000e+00	
   3.0800000000000001e+00	   1.0799863492172435e-05	   4.0000000000000000e+00	
   3.0899999999999999e+00	   1.1886328573407212e-05	   4.0000000000000000e+00	
   3.1000000000000001e+00	   1.2866493115382127e-05	   4.0000000000000000e+00	
   3.1099999999999999e+00	   1.3729951367391635e-05	   4.0000000000000000e+00	
   3.1200000000000001e+00	   1.4755915982433976e-05	   4.0000000000000000e+00	
   3.1299999999999999e+00	   1.5720272297681248e-05	   4.0000000000000000e+00	
   3.1400000000000001e+00	   1.6578637263453544e-05	   4.0000000000000000e+00	
   3.1499999999999999e+00	   1.7321820236837482e-05	   4.0000000000000000e+00	
   3.1600000000000001e+00	   1.7942006547588818e-05	   4.0000000000000000e+00	
   3.1699999999999999e+00	   1.8569514004473930e-05	   4.0000000000000000e+00	
   3.1800000000000002e+00	   1.9354211193922666e-05	   4.0000000000000000e+00	
   3.1899999999999999e+00	   2.0024691875120126e-05	   4.0000000000000000e+00	
   3.2000000000000002e+00	   2.0574138145823540e-05	   4.0000000000000000e+00	
   3.2100000000000000e+00	   2.0997050911519821e-05	   4.0000000000000000e+00	
   3.2200000000000002e+00	   2.1289261532109194e-05	   4.0000000000000000e+00	
   3.2300000000000000e+00	   2.1821064736915474e-05	   4.0000000000000000e+00	
   3.2400000000000002e+00	   2.2338052856341051e-05	   4.0000000000000000e+00	
   3.2500000000000000e+00	   2.2730889001731924e-05	   4.0000000000000000e+00	
   3.2600000000000002e+00	   2.2996128880681255e-05	   4.0000000000000000e+00	
   3.2700000000000000e+00	   2.3131448385615982e-05	   4.0000000000000000e+00	
   3.2800000000000002e+00	   2.3250010720454739e-05	   4.0000000000000000e+00	
   3.2900000000000000e+00	   2.3642273312196593e-05	   4.0000000000000000e+00	
   3.3000000000000003e+00	   2.3909760906937194e-05	   4.0000000000000000e+00	
   3.3100000000000001e+00	   2.4050700904387767e-05	   4.0000000000000000e+00	
   3.3199999999999998e+00	   2.4064446052962651e-05	   4.0000000000000000e+00	
   3.3300000000000001e+00	   2.3951419241496907e-05	   4.0000000000000000e+00	
   3.3399999999999999e+00	   2.4066221931740017e-05	   4.0000000000000000e+00	
   3.3500000000000001e+00	   2.4234055339356075e-05	   4.0000000000000000e+00	
   3.3599999999999999e+00	   2.4278308765612877e-05	   4.0000000000000000e+00	
   3.3700000000000001e+00	   2.4199739942609710e-05	   4.0000000000000000e+00	
   3.3799999999999999e+00	   2.3999993714607371e-05	   4.0000000000000000e+00	
   3.3900000000000001e+00	   2.3740101878777509e-05	   4.0000000000000000e+00	
   3.3999999999999999e+00	   2.3828933917391382e-05	   4.0000000000000000e+00	
   3.4100000000000001e+00	   2.3798839632993563e-05	   4.0000000000000000e+00	
   3.4199999999999999e+00	   2.3651651514633443e-05	   4.0000000000000000e+00	
   3.4300000000000002e+00	   2.3390106129728139e-05	   4.0000000000000000e+00	
   3.4399999999999999e+00	   2.3017728037366680e-05	   4.0000000000000000e+00	
   3.4500000000000002e+00	   2.2818143534997226e-05	   4.0000000000000000e+00	
   3.4600000000000000e+00	   2.2731278913723507e-05	   4.0000000000000000e+00	
   3.4700000000000002e+00	   2.2534256896800109e-05	   4.0000000000000000e+00	
   3.4800000000000000e+00	   2.2230648329513159e-05	   4.0000000000000000e+00	
   3.4900000000000002e+00	   2.1824690608296393e-05	   4.0000000000000000e+00	
   3.5100000000000002e+00	   3.6277732139433638e-06	   5.0000000000000000e+00	
   3.5200000000000000e+00	   3.5675252411104807e-06	   5.0000000000000000e+00	
   3.5300000000000002e+00	   3.4912221690275302e-06	   5.0000000000000000e+00	
   3.5400000000000000e+00	   3.3999541887430595e-06	   5.0000000000000000e+00	
   3.5500000000000003e+00	   3.2948881959482534e-06	   5.0000000000000000e+00	
   3.5600000000000001e+00	   3.2087104342437556e-06	   5.0000000000000000e+00	
   3.5700000000000003e+00	   3.1477804101065487e-06	   5.0000000000000000e+00	
   3.5800000000000001e+00	   3.0727947302189307e-06	   5.0000000000000000e+00	
   3.5899999999999999e+00	   2.9848493965367595e-06	   5.0000000000000000e+00	
   3.6000000000000001e+00	   2.8850988469386607e-06	   5.0000000000000000e+00	
   3.6099999999999999e+00	   2.7747455884075123e-06	   5.0000000000000000e+00	
   3.6200000000000001e+00	   2.7078968671823134e-06	   5.0000000000000000e+00	
   3.6299999999999999e+00	   2.6357663469589454e-06	   5.0000000000000000e+00	
   3.6400000000000001e+00	   2.5526085185578751e-06	   5.0000000000000000e+00	
   3.6499999999999999e+00	   2.4595444687580681e-06	   5.0000000000000000e+00	
   3.6600000000000001e+00	   2.3577262540097621e-06	   5.0000000000000000e+00	
   3.6699999999999999e+00	   2.2649982482914055e-06	   5.0000000000000000e+00	
   3.6800000000000002e+00	   2.1966361047898175e-06	   5.0000000000000000e+00	
   3.6899999999999999e+00	   2.1190885333144394e-06	   5.0000000000000000e+00	
   3.7000000000000002e+00	   2.0334257946341694e-06	   5.0000000000000000e+00	
   3.7100000000000000e+00	   1.9407366658175107e-06	   5.0000000000000000e+00	
   3.7200000000000002e+00	   1.8421190886019900e-06	   5.0000000000000000e+00	
   3.7300000000000000e+00	   1.7689197413517377e-06	   5.0000000000000000e+00	
   3.7400000000000002e+00	   1.6973191727664982e-06	   5.0000000000000000e+00	
   3.7500000000000000e+00	   1.6192762348765655e-06	   5.0000000000000000e+00	
   3.7600000000000002e+00	   1.5358064313630848e-06	   5.0000000000000000e+00	
   3.7700000000000000e+00	   1.4479235246334099e-06	   5.0000000000000000e+00	
   3.7800000000000002e+00	   1.3633291298109640e-06	   5.0000000000000000e+00	
   3.7900000000000000e+00	   1.2976606491577058e-06	   5.0000000000000000e+00	
   3.8000000000000003e+00	   1.2270956453175330e-06	   5.0000000000000000e+00	
   3.8100000000000001e+00	   1.1525693748293264e-06	   5.0000000000000000e+00	
   3.8200000000000003e+00	   1.0750073455856324e-06	   5.0000000000000000e+00	
   3.8300000000000001e+00	   9.9531797936869282e-07	   5.0000000000000000e+00	
   3.8399999999999999e+00	   9.2800158801864541e-07	   5.0000000000000000e+00	
   3.8500000000000001e+00	   8.6452607650500113e-07	   5.0000000000000000e+00	
   3.8599999999999999e+00	   7.9841775324496211e-07	   5.0000000000000000e+00	
   3.8700000000000001e+00	   7.3051170867977078e-07	   5.0000000000000000e+00	
   3.8799999999999999e+00	   6.6161985290413838e-07	   5.0000000000000000e+00	
   3.8900000000000001e+00	   5.9398575524838293e-07	   5.0000000000000000e+00	
   3.8999999999999999e+00	   5.3705853853003305e-07	   5.0000000000000000e+00	
   3.9100000000000001e+00	   4.7868783403792747e-07	   5.0000000000000000e+00	
   3.9199999999999999e+00	   4.1961842955906548e-07	   5.0000000000000000e+00	
   3.9300000000000002e+00	   3.6056736374412424e-07	   5.0000000000000000e+00	
   3.9399999999999999e+00	   3.0221883906556002e-07	   5.0000000000000000e+00	
   3.9500000000000002e+00	   2.4825820199581017e-07	   5.0000000000000000e+00	
   3.9600000000000000e+00	   1.9686648189409794e-07	   5.0000000000000000e+00	
   3.9700000000000002e+00	   1.4573773610138119e-07	   5.0000000000000000e+00	
   3.9800000000000000e+00	   9.5497168062230742e-08	   5.0000000000000000e+00	
   3.9900000000000002e+00	   4.6734466407905018e-08	   5.0000000000000000e+00	
   4.0000000000000000e+00	   1.1102230246251565e-15	   1.0000000000000000e+00	
   4.0099999999999998e+00	   4.5190154174257202e-08	   5.0000000000000000e+00	
   4.0199999999999996e+00	   8.9290121851881565e-08	   5.0000000000000000e+00	
   4.0300000000000002e+00	   1.3176227009470409e-07	   5.0000000000000000e+00	
   4.0400000000000000e+00	   1.7210622560437372e-07	   5.0000000000000000e+00	
   4.0500000000000007e+00	   2.0986191606731097e-07	   5.0000000000000000e+00	
   4.0600000000000005e+00	   2.4703366330314225e-07	   5.0000000000000000e+00	
   4.0700000000000003e+00	   2.8498685988864736e-07	   5.0000000000000000e+00	
   4.0800000000000001e+00	   3.2069772659681917e-07	   5.0000000000000000e+00	
   4.0899999999999999e+00	   3.5374930074105748e-07	   5.0000000000000000e+00	
   4.0999999999999996e+00	   3.8376514743809764e-07	   5.0000000000000000e+00	
   4.1099999999999994e+00	   4.1041133003183461e-07	   5.0000000000000000e+00	
   4.1200000000000001e+00	   4.4202805460358263e-07	   5.0000000000000000e+00	
   4.1299999999999999e+00	   4.7191624963360823e-07	   5.0000000000000000e+00	
   4.1400000000000006e+00	   4.9872679364071359e-07	   5.0000000000000000e+00	
   4.1500000000000004e+00	   5.2215993595616794e-07	   5.0000000000000000e+00	
   4.1600000000000001e+00	   5.4195741006068943e-07	   5.0000000000000000e+00	
   4.1699999999999999e+00	   5.6203997744752598e-07	   5.0000000000000000e+00	
   4.1799999999999997e+00	   5.8695326443647389e-07	   5.0000000000000000e+00	
   4.1899999999999995e+00	   6.0847616212278410e-07	   5.0000000000000000e+00	
   4.2000000000000002e+00	   6.2637847730862006e-07	   5.0000000000000000e+00	
   4.2100000000000000e+00	   6.4047008740963918e-07	   5.0000000000000000e+00	
   4.2200000000000006e+00	   6.5060141341000133e-07	   5.0000000000000000e+00	
   4.2300000000000004e+00	   6.6808796983508500e-07	   5.0000000000000000e+00	
   4.2400000000000002e+00	   6.8516515261407562e-07	   5.0000000000000000e+00	
   4.2500000000000000e+00	   6.9846936634476720e-07	   5.0000000000000000e+00	
   4.2599999999999998e+00	   7.0787123673810015e-07	   5.0000000000000000e+00	
   4.2699999999999996e+00	   7.1327961070899448e-07	   5.0000000000000000e+00	
   4.2799999999999994e+00	   7.1816923918888165e-07	   5.0000000000000000e+00	
   4.2900000000000000e+00	   7.3152557389377648e-07	   5.0000000000000000e+00	
   4.2999999999999998e+00	   7.4103931368973974e-07	   5.0000000000000000e+00	
   4.3100000000000005e+00	   7.4663455573720228e-07	   5.0000000000000000e+00	
   4.3200000000000003e+00	   7.4827124807441692e-07	   5.0000000000000000e+00	
   4.3300000000000001e+00	   7.4594458765453453e-07	   5.0000000000000000e+00	
   4.3399999999999999e+00	   7.5069850868914045e-07	   5.0000000000000000e+00	
   4.3499999999999996e+00	   7.5710461544531427e-07	   5.0000000000000000e+00	
   4.3599999999999994e+00	   7.5964358114966046e-07	   5.0000000000000000e+00	
   4.3700000000000001e+00	   7.5831942480952819e-07	   5.0000000000000000e+00	
   4.3799999999999999e+00	   7.5316843828332480e-07	   5.0000000000000000e+00	
   4.3900000000000006e+00	   7.4609284039794943e-07	   5.0000000000000000e+00	
   4.4000000000000004e+00	   7.4995474652617133e-07	   5.0000000000000000e+00	
   4.4100000000000001e+00	   7.5006025390678133e-07	   5.0000000000000000e+00	
   4.4199999999999999e+00	   7.4645078318447133e-07	   5.0000000000000000e+00	
   4.4299999999999997e+00	   7.3919717480386282e-07	   5.0000000000000000e+00	
   4.4399999999999995e+00	   7.2839829301507564e-07	   5.0000000000000000e+00	
   4.4499999999999993e+00	   7.2302917231148456e-07	   5.0000000000000000e+00	
   4.4600000000000000e+00	   7.2120548011422869e-07	   5.0000000000000000e+00	
   4.4699999999999998e+00	   7.1586004379842194e-07	   5.0000000000000000e+00	
   4.4800000000000004e+00	   7.0431967391648698e-07	   6.0000000000000000e+00	
   4.4900000000000002e+00	   6.8885758630621297e-07	   6.0000000000000000e+00	
   4.5099999999999998e+00	   1.0709653330831514e-07	   6.0000000000000000e+00	
   4.5199999999999996e+00	   1.0554716822763766e-07	   6.0000000000000000e+00	
   4.5299999999999994e+00	   1.0351243673323296e-07	   6.0000000000000000e+00	
   4.5400000000000000e+00	   1.0102174685666654e-07	   6.0000000000000000e+00	
   4.5499999999999998e+00	   9.8107156953908259e-08	   6.0000000000000000e+00	
   4.5600000000000005e+00	   9.5741513828073721e-08	   6.0000000000000000e+00	
   4.5700000000000003e+00	   9.4118629556660949e-08	   6.0000000000000000e+00	
   4.5800000000000001e+00	   9.2065668422236513e-08	   6.0000000000000000e+00	
   4.5899999999999999e+00	   8.9613019671475058e-08	   6.0000000000000000e+00	
   4.5999999999999996e+00	   8.6793173093013820e-08	   6.0000000000000000e+00	
   4.6099999999999994e+00	   8.3640371517645917e-08	   6.0000000000000000e+00	
   4.6200000000000001e+00	   8.1787089767360044e-08	   6.0000000000000000e+00	
   4.6299999999999999e+00	   7.9764796989678644e-08	   6.0000000000000000e+00	
   4.6400000000000006e+00	   7.7398432996034217e-08	   6.0000000000000000e+00	
   4.6500000000000004e+00	   7.4720201137523645e-08	   6.0000000000000000e+00	
   4.6600000000000001e+00	   7.1763588405104883e-08	   6.0000000000000000e+00	
   4.6699999999999999e+00	   6.9071378172580467e-08	   6.0000000000000000e+00	
   4.6799999999999997e+00	   6.7111977086753427e-08	   6.0000000000000000e+00	
   4.6899999999999995e+00	   6.4862666571130490e-08	   6.0000000000000000e+00	
   4.6999999999999993e+00	   6.2354803320729957e-08	   6.0000000000000000e+00	
   4.7100000000000000e+00	   5.9620589576425687e-08	   6.0000000000000000e+00	
   4.7199999999999998e+00	   5.6692772920641232e-08	   6.0000000000000000e+00	
   4.7300000000000004e+00	   5.4536950067074486e-08	   6.0000000000000000e+00	
   4.7400000000000002e+00	   5.2421726071116836e-08	   6.0000000000000000e+00	
   4.7500000000000000e+00	   5.0098673654019876e-08	   6.0000000000000000e+00	
   4.7599999999999998e+00	   4.7598317731711859e-08	   6.0000000000000000e+00	
   4.7699999999999996e+00	   4.4951383504354681e-08	   6.0000000000000000e+00	
   4.7799999999999994e+00	   4.2396791632981490e-08	   6.0000000000000000e+00	
   4.7900000000000000e+00	   4.0422287517216660e-08	   6.0000000000000000e+00	
   4.7999999999999998e+00	   3.8287608861153899e-08	   6.0000000000000000e+00	
   4.8100000000000005e+00	   3.6021316818235505e-08	   6.0000000000000000e+00	
   4.8200000000000003e+00	   3.3651872843876163e-08	   6.0000000000000000e+00	
   4.8300000000000001e+00	   3.1207408879296850e-08	   6.0000000000000000e+00	
   4.8399999999999999e+00	   2.9143077728832623e-08	   6.0000000000000000e+00	
   4.8499999999999996e+00	   2.7192457174862739e-08	   6.0000000000000000e+00	
   4.8599999999999994e+00	   2.5152259164329394e-08	   6.0000000000000000e+00	
   4.8700000000000001e+00	   2.3048533304148577e-08	   6.0000000000000000e+00	
   4.8799999999999999e+00	   2.0906766096118190e-08	   6.0000000000000000e+00	
   4.8900000000000006e+00	   1.8797908563072951e-08	   6.0000000000000000e+00	
   4.9000000000000004e+00	   1.7014766484635402e-08	   7.0000000000000000e+00	
   4.9100000000000001e+00	   1.5127350261323613e-08	   7.0000000000000000e+00	
   4.9199999999999999e+00	   1.3227193784715041e-08	   7.0000000000000000e+00	
   4.9299999999999997e+00	   1.1337017324919429e-08	   7.0000000000000000e+00	
   4.9399999999999995e+00	   9.4782828252704121e-09	   7.0000000000000000e+00	
   4.9499999999999993e+00	   7.7661190811539882e-09	   7.0000000000000000e+00	
   4.9600000000000000e+00	   6.1427255504398204e-09	   7.0000000000000000e+00	
   4.9699999999999998e+00	   4.5357265721079898e-09	   7.0000000000000000e+00	
   4.9800000000000004e+00	   2.9644717791654784e-09	   7.0000000000000000e+00	
   4.9900000000000002e+00	   1.4470132869703889e-09	   7.0000000000000000e+00	
   5.0000000000000000e+00	   1.3322676295501878e-15	   3.0000000000000000e+00	
   5.0099999999999998e+00	   1.3919588814914619e-09	   7.0000000000000000e+00	
   5.0199999999999996e+00	   2.7431780180720011e-09	   7.0000000000000000e+00	
   5.0299999999999994e+00	   4.0374398269094058e-09	   7.0000000000000000e+00	
   5.0400000000000000e+00	   5.2598442268347867e-09	   7.0000000000000000e+00	
   5.0499999999999998e+00	   6.3968733643449127e-09	   7.0000000000000000e+00	
   5.0600000000000005e+00	   7.5100814456163789e-09	   7.0000000000000000e+00	
   5.0700000000000003e+00	   8.6410025801342272e-09	   7.0000000000000000e+00	
   5.0800000000000001e+00	   9.6980106167876556e-09	   7.0000000000000000e+00	
   5.0899999999999999e+00	   1.0669065186874604e-08	   7.0000000000000000e+00	
   5.0999999999999996e+00	   1.1543481948095291e-08	   7.0000000000000000e+00	
   5.1099999999999994e+00	   1.2311972330536491e-08	   7.0000000000000000e+00	
   5.1200000000000001e+00	   1.3224879857887117e-08	   7.0000000000000000e+00	
   5.1299999999999999e+00	   1.4081112942321283e-08	   7.0000000000000000e+00	
   5.1400000000000006e+00	   1.4840940698590543e-08	   7.0000000000000000e+00	
   5.1500000000000004e+00	   1.5496207428356001e-08	   7.0000000000000000e+00	
   5.1600000000000001e+00	   1.6040087480462262e-08	   7.0000000000000000e+00	
   5.1699999999999999e+00	   1.6589184248516631e-08	   7.0000000000000000e+00	
   5.1799999999999997e+00	   1.7277230979217961e-08	   7.0000000000000000e+00	
   5.1899999999999995e+00	   1.7861728318635528e-08	   7.0000000000000000e+00	
   5.1999999999999993e+00	   1.8336756779646635e-08	   7.0000000000000000e+00	
   5.2100000000000000e+00	   1.8697643433540634e-08	   7.0000000000000000e+00	
   5.2199999999999998e+00	   1.8940954582546965e-08	   7.0000000000000000e+00	
   5.2300000000000004e+00	   1.9396164896434698e-08	   7.0000000000000000e+00	
   5.2400000000000002e+00	   1.9836696507624652e-08	   7.0000000000000000e+00	
   5.2500000000000000e+00	   2.0165539460492710e-08	   7.0000000000000000e+00	
   5.2599999999999998e+00	   2.0379880005805262e-08	   7.0000000000000000e+00	
   5.2699999999999996e+00	   2.0478047701999458e-08	   7.0000000000000000e+00	
   5.2799999999999994e+00	   2.0560485536336159e-08	   7.0000000000000000e+00	
   5.2900000000000000e+00	   2.0883846874042433e-08	   7.0000000000000000e+00	
   5.2999999999999998e+00	   2.1095661217884754e-08	   7.0000000000000000e+00	
   5.3100000000000005e+00	   2.1194704880045379e-08	   7.0000000000000000e+00	
   5.3200000000000003e+00	   2.1180790232833147e-08	   7.0000000000000000e+00	
   5.3300000000000001e+00	   2.1054745946713638e-08	   7.0000000000000000e+00	
   5.3399999999999999e+00	   2.1128362615030483e-08	   7.0000000000000000e+00	
   5.3499999999999996e+00	   2.1247582804306830e-08	   7.0000000000000000e+00	
   5.3599999999999994e+00	   2.1257554605469409e-08	   7.0000000000000000e+00	
   5.3700000000000001e+00	   2.1159328067454908e-08	   7.0000000000000000e+00	
   5.3799999999999999e+00	   2.0954848967136286e-08	   7.0000000000000000e+00	
   5.3900000000000006e+00	   2.0697815239500983e-08	   7.0000000000000000e+00	
   5.4000000000000004e+00	   2.0744471473932435e-08	   7.0000000000000000e+00	
   5.4100000000000001e+00	   2.0686909740774695e-08	   7.0000000000000000e+00	
   5.4199999999999999e+00	   2.0527178845597405e-08	   7.0000000000000000e+00	
   5.4299999999999997e+00	   2.0268118072763741e-08	   7.0000000000000000e+00	
   5.4399999999999995e+00	   1.9913313220598639e-08	   7.0000000000000000e+00	
   5.4499999999999993e+00	   1.9708264242801476e-08	   7.0000000000000000e+00	
   5.4600000000000000e+00	   1.9600448042389473e-08	   7.0000000000000000e+00	
   5.4699999999999998e+00	   1.9397509487539821e-08	   7.0000000000000000e+00	
   5.4800000000000004e+00	   1.9102978976448526e-08	   7.0000000000000000e+00	
   5.4900000000000002e+00	   1.8721027394974499e-08	   7.0000000000000000e+00	
   5.5099999999999998e+00	   3.1892536389577231e-09	   8.0000000000000000e+00	
   5.5199999999999996e+00	   3.1372183739719617e-09	   8.0000000000000000e+00	
   5.5299999999999994e+00	   3.0709460530076171e-09	   8.0000000000000000e+00	
   5.5400000000000000e+00	   2.9913954646687557e-09	   8.0000000000000000e+00	
   5.5499999999999998e+00	   2.8995880141380326e-09	   8.0000000000000000e+00	
   5.5600000000000005e+00	   2.8242932437194668e-09	   8.0000000000000000e+00	
   5.5700000000000003e+00	   2.7711255512485877e-09	   8.0000000000000000e+00	
   5.5800000000000001e+00	   2.7054967155493159e-09	   8.0000000000000000e+00	
   5.5899999999999999e+00	   2.6283699661178161e-09	   8.0000000000000000e+00	
   5.5999999999999996e+00	   2.5407653758691140e-09	   8.0000000000000000e+00	
   5.6099999999999994e+00	   2.4437425416579117e-09	   8.0000000000000000e+00	
   5.6200000000000001e+00	   2.3849673347342559e-09	   8.0000000000000000e+00	
   5.6299999999999999e+00	   2.3214776767588319e-09	   8.0000000000000000e+00	
   5.6400000000000006e+00	   2.2482189443451261e-09	   8.0000000000000000e+00	
   5.6500000000000004e+00	   2.1661803462080798e-09	   8.0000000000000000e+00	
   5.6600000000000001e+00	   2.0763875063778414e-09	   8.0000000000000000e+00	
   5.6699999999999999e+00	   1.9945620710615231e-09	   8.0000000000000000e+00	
   5.6799999999999997e+00	   1.9341579449161372e-09	   8.0000000000000000e+00	
   5.6899999999999995e+00	   1.8656345357470627e-09	   8.0000000000000000e+00	
   5.6999999999999993e+00	   1.7899408621957491e-09	   8.0000000000000000e+00	
   5.7100000000000000e+00	   1.7080468150965089e-09	   8.0000000000000000e+00	
   5.7199999999999998e+00	   1.6209267261757532e-09	   8.0000000000000000e+00	
   5.7300000000000004e+00	   1.5561663069263432e-09	   8.0000000000000000e+00	
   5.7400000000000002e+00	   1.4928049907325658e-09	   8.0000000000000000e+00	
   5.7500000000000000e+00	   1.4237784284887312e-09	   8.0000000000000000e+00	
   5.7599999999999998e+00	   1.3499867890232053e-09	   8.0000000000000000e+00	
   5.7699999999999996e+00	   1.2723311293427741e-09	   8.0000000000000000e+00	
   5.7799999999999994e+00	   1.1975844760314658e-09	   8.0000000000000000e+00	
   5.7900000000000000e+00	   1.1394833965283624e-09	   8.0000000000000000e+00	
   5.7999999999999998e+00	   1.0771019631761192e-09	   8.0000000000000000e+00	
   5.8100000000000005e+00	   1.0112697346187360e-09	   8.0000000000000000e+00	
   5.8200000000000003e+00	   9.4280472318075681e-10	   8.0000000000000000e+00	
   5.8300000000000001e+00	   8.7251694758094800e-10	   8.0000000000000000e+00	
   5.8399999999999999e+00	   8.1311579691600855e-10	   8.0000000000000000e+00	
   5.8499999999999996e+00	   7.5711881208917475e-10	   8.0000000000000000e+00	
   5.8599999999999994e+00	   6.9885475184605639e-10	   8.0000000000000000e+00	
   5.8700000000000001e+00	   6.3906702152394246e-10	   8.0000000000000000e+00	
   5.8799999999999999e+00	   5.7847016066148171e-10	   8.0000000000000000e+00	
   5.8900000000000006e+00	   5.1902926401226068e-10	   8.0000000000000000e+00	
   5.9000000000000004e+00	   4.6899617522910830e-10	   8.0000000000000000e+00	
   5.9100000000000001e+00	   4.1775716219660808e-10	   8.0000000000000000e+00	
   5.9199999999999999e+00	   3.6596614627626423e-10	   8.0000000000000000e+00	
   5.9299999999999997e+00	   3.1425240187843428e-10	   8.0000000000000000e+00	
   5.9399999999999995e+00	   2.6321278490115674e-10	   8.0000000000000000e+00	
   5.9500000000000002e+00	   2.1606005873309186e-10	   8.0000000000000000e+00	
   5.9600000000000000e+00	   1.7120671547132815e-10	   8.0000000000000000e+00	
   5.9699999999999998e+00	   1.2664569393194824e-10	   8.0000000000000000e+00	
   5.9800000000000004e+00	   8.2921558508530779e-11	   8.0000000000000000e+00	
   5.9900000000000002e+00	   4.0547454283057505e-11	   8.0000000000000000e+00	
   6.0000000000000000e+00	   1.7763568394002505e-15	   1.0000000000000000e+00	
   6.0099999999999998e+00	   3.9141911933882056e-11	   8.0000000000000000e+00	
   6.0199999999999996e+00	   7.7271411491608433e-11	   8.0000000000000000e+00	
   6.0300000000000002e+00	   1.1392120580211440e-10	   8.0000000000000000e+00	
   6.0400000000000000e+00	   1.4866674558078330e-10	   8.0000000000000000e+00	
   6.0499999999999998e+00	   1.8111145916321902e-10	   8.0000000000000000e+00	
   6.0600000000000005e+00	   2.1298696140092943e-10	   8.0000000000000000e+00	
   6.0700000000000003e+00	   2.4546631394173346e-10	   8.0000000000000000e+00	
   6.0800000000000001e+00	   2.7594904139505161e-10	   8.0000000000000000e+00	
   6.0899999999999999e+00	   3.0407854012537427e-10	   8.0000000000000000e+00	
   6.0999999999999996e+00	   3.2953684225844881e-10	   8.0000000000000000e+00	
   6.1099999999999994e+00	   3.5204150705681059e-10	   8.0000000000000000e+00	
   6.1200000000000001e+00	   3.7875080849403275e-10	   8.0000000000000000e+00	
   6.1299999999999999e+00	   4.0391556765939640e-10	   8.0000000000000000e+00	
   6.1399999999999997e+00	   4.2638337305334062e-10	   8.0000000000000000e+00	
   6.1500000000000004e+00	   4.4590509062913952e-10	   8.0000000000000000e+00	
   6.1600000000000001e+00	   4.6227244254737343e-10	   8.0000000000000000e+00	
   6.1699999999999999e+00	   4.7883408349491674e-10	   8.0000000000000000e+00	
   6.1799999999999997e+00	   4.9945714231114380e-10	   8.0000000000000000e+00	
   6.1899999999999995e+00	   5.1713677784448464e-10	   8.0000000000000000e+00	
   6.2000000000000002e+00	   5.3168758284982687e-10	   8.0000000000000000e+00	
   6.2100000000000000e+00	   5.4296100948647563e-10	   8.0000000000000000e+00	
   6.2199999999999998e+00	   5.5084137251526499e-10	   8.0000000000000000e+00	
   6.2300000000000004e+00	   5.6490789823726573e-10	   8.0000000000000000e+00	
   6.2400000000000002e+00	   5.7857940660710483e-10	   8.0000000000000000e+00	
   6.2500000000000000e+00	   5.8902127619830935e-10	   8.0000000000000000e+00	
   6.2599999999999998e+00	   5.9613514125089750e-10	   8.0000000000000000e+00	
   6.2699999999999996e+00	   5.9985882927549028e-10	   8.0000000000000000e+00	
   6.2800000000000002e+00	   6.0312133065565376e-10	   8.0000000000000000e+00	
   6.2900000000000000e+00	   6.1346350221924695e-10	   8.0000000000000000e+00	
   6.2999999999999998e+00	   6.2054517080412097e-10	   8.0000000000000000e+00	
   6.3100000000000005e+00	   6.2431637637416770e-10	   8.0000000000000000e+00	
   6.3200000000000003e+00	   6.2475424833507986e-10	   8.0000000000000000e+00	
   6.3300000000000001e+00	   6.2187655025525146e-10	   8.0000000000000000e+00	
   6.3399999999999999e+00	   6.2488769714263981e-10	   8.0000000000000000e+00	
   6.3499999999999996e+00	   6.2924976340639205e-10	   8.0000000000000000e+00	
   6.3599999999999994e+00	   6.3037219888428808e-10	   8.0000000000000000e+00	
   6.3700000000000001e+00	   6.2827965052747459e-10	   8.0000000000000000e+00	
   6.3799999999999999e+00	   6.2301497294470209e-10	   8.0000000000000000e+00	
   6.3899999999999997e+00	   6.1616378665974025e-10	   8.0000000000000000e+00	
   6.4000000000000004e+00	   6.1833715925274646e-10	   8.0000000000000000e+00	
   6.4100000000000001e+00	   6.1739968693075298e-10	   8.0000000000000000e+00	
   6.4199999999999999e+00	   6.1339999746223839e-10	   8.0000000000000000e+00	
   6.4299999999999997e+00	   6.0641047738840825e-10	   8.0000000000000000e+00	
   6.4399999999999995e+00	   5.9652527362175078e-10	   8.0000000000000000e+00	
   6.4500000000000002e+00	   5.9110227823566674e-10	   8.0000000000000000e+00	
   6.4600000000000000e+00	   5.8857907436760115e-10	   8.0000000000000000e+00	
   6.4699999999999998e+00	   5.8318327944562043e-10	   8.0000000000000000e+00	
   6.4800000000000004e+00	   5.7500837424839801e-10	   8.0000000000000000e+00	
   6.4900000000000002e+00	   5.6417348570647619e-10	   8.0000000000000000e+00	
   6.5099999999999998e+00	   1.1443768155317002e-10	   8.0000000000000000e+00	
   6.5199999999999996e+00	   1.1303435965004383e-10	   8.0000000000000000e+00	
   6.5300000000000002e+00	   1.1109901887351725e-10	   8.0000000000000000e+00	
   6.5400000000000000e+00	   1.0866407773590936e-10	   8.0000000000000000e+00	
   6.5499999999999998e+00	   1.0575884612507025e-10	   8.0000000000000000e+00	
   6.5600000000000005e+00	   1.0343237377696823e-10	   8.0000000000000000e+00	
   6.5700000000000003e+00	   1.0189515897707224e-10	   8.0000000000000000e+00	
   6.5800000000000001e+00	   9.9884100990266234e-11	   8.0000000000000000e+00	
   6.5899999999999999e+00	   9.7428287659795387e-11	   8.0000000000000000e+00	
   6.5999999999999996e+00	   9.4559471364163983e-11	   8.0000000000000000e+00	
   6.6099999999999994e+00	   9.1312291061740325e-11	   8.0000000000000000e+00	
   6.6200000000000001e+00	   8.9471985376121665e-11	   8.0000000000000000e+00	
   6.6299999999999999e+00	   8.7437168616588679e-11	   8.0000000000000000e+00	
   6.6399999999999997e+00	   8.5014217887646737e-11	   8.0000000000000000e+00	
   6.6500000000000004e+00	   8.2235773746219820e-11	   8.0000000000000000e+00	
   6.6600000000000001e+00	   7.9138029462910708e-11	   8.0000000000000000e+00	
   6.6699999999999999e+00	   7.6318729114177586e-11	   8.0000000000000000e+00	
   6.6799999999999997e+00	   7.4297679120149951e-11	   8.0000000000000000e+00	
   6.6899999999999995e+00	   7.1946226753993869e-11	   8.0000000000000000e+00	
   6.7000000000000002e+00	   6.9295458260398846e-11	   8.0000000000000000e+00	
   6.7100000000000000e+00	   6.6382233043782435e-11	   8.0000000000000000e+00	
   6.7199999999999998e+00	   6.3241190062512942e-11	   8.0000000000000000e+00	
   6.7300000000000004e+00	   6.0949911784291544e-11	   8.0000000000000000e+00	
   6.7400000000000002e+00	   5.8693050419833526e-11	   8.0000000000000000e+00	
   6.7500000000000000e+00	   5.6194826569821998e-11	   8.0000000000000000e+00	
   6.7599999999999998e+00	   5.3487436701971092e-11	   8.0000000000000000e+00	
   6.7699999999999996e+00	   5.0603521373204785e-11	   8.0000000000000000e+00	
   6.7800000000000002e+00	   4.7812198644692216e-11	   8.0000000000000000e+00	
   6.7900000000000000e+00	   4.5665915493486864e-11	   8.0000000000000000e+00	
   6.7999999999999998e+00	   4.3330006249675534e-11	   8.0000000000000000e+00	
   6.8100000000000005e+00	   4.0836223291762508e-11	   8.0000000000000000e+00	
   6.8200000000000003e+00	   3.8213210373783113e-11	   8.0000000000000000e+00	
   6.8300000000000001e+00	   3.5498048944759830e-11	   8.0000000000000000e+00	
   6.8399999999999999e+00	   3.3205438398908882e-11	   8.0000000000000000e+00	
   6.8499999999999996e+00	   3.1034952385766701e-11	   8.0000000000000000e+00	
   6.8599999999999994e+00	   2.8751889757927529e-11	   8.0000000000000000e+00	
   6.8700000000000001e+00	   2.6390445384549821e-11	   8.0000000000000000e+00	
   6.8799999999999999e+00	   2.3977264618224581e-11	   8.0000000000000000e+00	
   6.8899999999999997e+00	   2.1593615784354370e-11	   8.0000000000000000e+00	
   6.9000000000000004e+00	   1.9582335752943436e-11	   8.0000000000000000e+00	
   6.9100000000000001e+00	   1.7507773009128869e-11	   8.0000000000000000e+00	
   6.9199999999999999e+00	   1.5394352459452421e-11	   8.0000000000000000e+00	
   6.9299999999999997e+00	   1.3268053322690321e-11	   8.0000000000000000e+00	
   6.9399999999999995e+00	   1.1152190282359697e-11	   8.0000000000000000e+00	
   6.9500000000000002e+00	   9.1882057517977955e-12	   8.0000000000000000e+00	
   6.9600000000000000e+00	   7.3078210149901679e-12	   8.0000000000000000e+00	
   6.9699999999999998e+00	   5.4264370774603776e-12	   8.0000000000000000e+00	
   6.9800000000000004e+00	   3.5654812435836902e-12	   8.0000000000000000e+00	
   6.9900000000000002e+00	   1.7500445537166343e-12	   8.0000000000000000e+00	
   7.0000000000000000e+00	   1.9984014443252818e-15	   1.0000000000000000e+00	
   7.0099999999999998e+00	   1.7016388298429774e-12	   8.0000000000000000e+00	
   7.0199999999999996e+00	   3.3705260804595127e-12	   8.0000000000000000e+00	
   7.0300000000000002e+00	   4.9839021798447902e-12	   8.0000000000000000e+00	
   7.0400000000000000e+00	   6.5280003624934579e-12	   8.0000000000000000e+00	
   7.0499999999999998e+00	   7.9810602571228628e-12	   8.0000000000000000e+00	
   7.0599999999999996e+00	   9.4191321409198281e-12	   8.0000000000000000e+00	
   7.0700000000000003e+00	   1.0891731960782636e-11	   8.0000000000000000e+00	
   7.0800000000000001e+00	   1.2287504347341383e-11	   8.0000000000000000e+00	
   7.0899999999999999e+00	   1.3588241642992216e-11	   8.0000000000000000e+00	
   7.0999999999999996e+00	   1.4777956636180534e-11	   8.0000000000000000e+00	
   7.1100000000000003e+00	   1.5840218026141883e-11	   8.0000000000000000e+00	
   7.1200000000000001e+00	   1.7101431382116061e-11	   8.0000000000000000e+00	
   7.1299999999999999e+00	   1.8301360427130930e-11	   8.0000000000000000e+00	
   7.1399999999999997e+00	   1.9386270366794633e-11	   8.0000000000000000e+00	
   7.1500000000000004e+00	   2.0342394435601818e-11	   8.0000000000000000e+00	
   7.1600000000000001e+00	   2.1161294938565334e-11	   8.0000000000000000e+00	
   7.1699999999999999e+00	   2.1995072430058826e-11	   8.0000000000000000e+00	
   7.1799999999999997e+00	   2.3020918504812471e-11	   8.0000000000000000e+00	
   7.1899999999999995e+00	   2.3916646441080047e-11	   8.0000000000000000e+00	
   7.2000000000000002e+00	   2.4672042187035004e-11	   8.0000000000000000e+00	
   7.2100000000000000e+00	   2.5280888493739440e-11	   8.0000000000000000e+00	
   7.2199999999999998e+00	   2.5735191755416054e-11	   8.0000000000000000e+00	
   7.2300000000000004e+00	   2.6481039583359234e-11	   8.0000000000000000e+00	
   7.2400000000000002e+00	   2.7212898601192137e-11	   8.0000000000000000e+00	
   7.2500000000000000e+00	   2.7797320001354819e-11	   8.0000000000000000e+00	
   7.2599999999999998e+00	   2.8228086534909380e-11	   8.0000000000000000e+00	
   7.2699999999999996e+00	   2.8500313220547469e-11	   8.0000000000000000e+00	
   7.2800000000000002e+00	   2.8748781133458579e-11	   8.0000000000000000e+00	
   7.2900000000000000e+00	   2.9338975693349312e-11	   8.0000000000000000e+00	
   7.2999999999999998e+00	   2.9776403565051623e-11	   8.0000000000000000e+00	
   7.3099999999999996e+00	   3.0057067945676863e-11	   8.0000000000000000e+00	
   7.3200000000000003e+00	   3.0174751586287130e-11	   8.0000000000000000e+00	
   7.3300000000000001e+00	   3.0134783557400624e-11	   8.0000000000000000e+00	
   7.3399999999999999e+00	   3.0380142845842784e-11	   8.0000000000000000e+00	
   7.3499999999999996e+00	   3.0692781649577228e-11	   8.0000000000000000e+00	
   7.3600000000000003e+00	   3.0845326293160724e-11	   8.0000000000000000e+00	
   7.3700000000000001e+00	   3.0843327891716399e-11	   8.0000000000000000e+00	
   7.3799999999999999e+00	   3.0684788043799927e-11	   8.0000000000000000e+00	
   7.3899999999999997e+00	   3.0445868048900593e-11	   8.0000000000000000e+00	
   7.4000000000000004e+00	   3.0649482951616847e-11	   8.0000000000000000e+00	
   7.4100000000000001e+00	   3.0702107522984079e-11	   8.0000000000000000e+00	
   7.4199999999999999e+00	   3.0601743361557965e-11	   8.0000000000000000e+00	
   7.4299999999999997e+00	   3.0350166824177904e-11	   8.0000000000000000e+00	
   7.4399999999999995e+00	   2.9948710178473448e-11	   8.0000000000000000e+00	
   7.4500000000000002e+00	   2.9771185516835885e-11	   8.0000000000000000e+00	
   7.4600000000000000e+00	   2.9738544959911906e-11	   8.0000000000000000e+00	
   7.4699999999999998e+00	   2.9559910075249718e-11	   8.0000000000000000e+00	
   7.4800000000000004e+00	   2.9236058018966560e-11	   8.0000000000000000e+00	
   7.4900000000000002e+00	   2.8775093419142195e-11	   8.0000000000000000e+00	
   7.5099999999999998e+00	   7.7572392953584313e-12	   8.0000000000000000e+00	
   7.5199999999999996e+00	   7.6817441296839206e-12	   8.0000000000000000e+00	
   7.5300000000000002e+00	   7.5671691135426045e-12	   8.0000000000000000e+00	
   7.5400000000000000e+00	   7.4197314958723837e-12	   8.0000000000000000e+00	
   7.5499999999999998e+00	   7.2394312766732583e-12	   8.0000000000000000e+00	
   7.5599999999999996e+00	   7.0987660194532509e-12	   8.0000000000000000e+00	
   7.5700000000000003e+00	   7.0092820436684633e-12	   8.0000000000000000e+00	
   7.5800000000000001e+00	   6.8873795555646211e-12	   8.0000000000000000e+00	
   7.5899999999999999e+00	   6.7346128673761996e-12	   8.0000000000000000e+00	
   7.5999999999999996e+00	   6.5534244697573740e-12	   8.0000000000000000e+00	
   7.6100000000000003e+00	   6.3424820950785943e-12	   8.0000000000000000e+00	
   7.6200000000000001e+00	   6.2301275249865284e-12	   8.0000000000000000e+00	
   7.6299999999999999e+00	   6.1031180109694105e-12	   8.0000000000000000e+00	
   7.6399999999999997e+00	   5.9494631443612889e-12	   8.0000000000000000e+00	
   7.6500000000000004e+00	   5.7680527021375383e-12	   8.0000000000000000e+00	
   7.6600000000000001e+00	   5.5639937102114345e-12	   8.0000000000000000e+00	
   7.6699999999999999e+00	   5.3781423758891833e-12	   8.0000000000000000e+00	
   7.6799999999999997e+00	   5.2489124158228151e-12	   8.0000000000000000e+00	
   7.6900000000000004e+00	   5.0952575492146934e-12	   8.0000000000000000e+00	
   7.7000000000000002e+00	   4.9185100436943685e-12	   8.0000000000000000e+00	
   7.7100000000000000e+00	   4.7226667021504909e-12	   8.0000000000000000e+00	
   7.7199999999999998e+00	   4.5108361490520110e-12	   8.0000000000000000e+00	
   7.7300000000000004e+00	   4.3582915054685145e-12	   8.0000000000000000e+00	
   7.7400000000000002e+00	   4.2064129956997931e-12	   8.0000000000000000e+00	
   7.7500000000000000e+00	   4.0376590959567693e-12	   8.0000000000000000e+00	
   7.7599999999999998e+00	   3.8526959400542182e-12	   8.0000000000000000e+00	
   7.7699999999999996e+00	   3.6544101078561653e-12	   8.0000000000000000e+00	
   7.7800000000000002e+00	   3.4605651677566129e-12	   8.0000000000000000e+00	
   7.7900000000000000e+00	   3.3135716392962422e-12	   8.0000000000000000e+00	
   7.7999999999999998e+00	   3.1519231669108194e-12	   8.0000000000000000e+00	
   7.8099999999999996e+00	   2.9782842858594449e-12	   8.0000000000000000e+00	
   7.8200000000000003e+00	   2.7922109069322687e-12	   8.0000000000000000e+00	
   7.8300000000000001e+00	   2.6003643682770416e-12	   8.0000000000000000e+00	
   7.8399999999999999e+00	   2.4384938512866938e-12	   8.0000000000000000e+00	
   7.8499999999999996e+00	   2.2848389846785722e-12	   8.0000000000000000e+00	
   7.8600000000000003e+00	   2.1203039324291240e-12	   8.0000000000000000e+00	
   7.8700000000000001e+00	   1.9513279880811751e-12	   8.0000000000000000e+00	
   7.8799999999999999e+00	   1.7776891070298007e-12	   8.0000000000000000e+00	
   7.8899999999999997e+00	   1.6053824936079764e-12	   8.0000000000000000e+00	
   7.9000000000000004e+00	   1.4579448759377556e-12	   8.0000000000000000e+00	
   7.9100000000000001e+00	   1.3071765891936593e-12	   8.0000000000000000e+00	
   7.9199999999999999e+00	   1.1524114995609125e-12	   8.0000000000000000e+00	
   7.9299999999999997e+00	   9.9653618690354051e-13	   8.0000000000000000e+00	
   7.9400000000000004e+00	   8.3821838359199319e-13	   8.0000000000000000e+00	
   7.9500000000000002e+00	   6.9277916736609768e-13	   8.0000000000000000e+00	
   7.9600000000000000e+00	   5.5300208856579047e-13	   8.0000000000000000e+00	
   7.9699999999999998e+00	   4.1244785364824565e-13	   8.0000000000000000e+00	
   7.9800000000000004e+00	   2.7167157412577581e-13	   8.0000000000000000e+00	
   7.9900000000000002e+00	   1.3400391907225639e-13	   8.0000000000000000e+00	
   8.0000000000000000e+00	   2.2204460492503131e-15	   1.0000000000000000e+00	
