   5.1000000000000001e-01	   7.0528562480713699e+00	   1.0000000000000000e+00	
   5.2000000000000002e-01	   3.2808798705727678e+00	   6.0000000000000000e+00	
   5.3000000000000003e-01	   7.4155440386152560e-01	   1.0000000000000000e+00	
   5.4000000000000004e-01	   7.4712796928121461e-01	   1.0000000000000000e+00	
   5.5000000000000004e-01	   7.5286401555871796e-01	   1.0000000000000000e+00	
   5.6000000000000005e-01	   7.4919774632642633e-01	   1.0000000000000000e+00	
   5.7000000000000006e-01	   7.3265666658367379e-01	   1.0000000000000000e+00	
   5.7999999999999996e-01	   7.1595333410391970e-01	   1.0000000000000000e+00	
   5.8999999999999997e-01	   7.1402225111985063e-01	   1.0000000000000000e+00	
   5.9999999999999998e-01	   7.2013997828764209e-01	   1.0000000000000000e+00	
   6.0999999999999999e-01	   7.2635180958604428e-01	   1.0000000000000000e+00	
   6.2000000000000000e-01	   7.1247498473856119e-01	   1.0000000000000000e+00	
   6.3000000000000000e-01	   6.9560622923582294e-01	   1.0000000000000000e+00	
   6.4000000000000001e-01	   6.8091891065677934e-01	   1.0000000000000000e+00	
   6.5000000000000002e-01	   6.8728348477285106e-01	   1.0000000000000000e+00	
   6.6000000000000003e-01	   6.9368625855810118e-01	   1.0000000000000000e+00	
   6.7000000000000004e-01	   6.9264589907283503e-01	   1.0000000000000000e+00	
   6.7999999999999994e-01	   6.7569817346166960e-01	   1.0000000000000000e+00	
   6.8999999999999995e-01	   6.5871991776283423e-01	   1.0000000000000000e+00	
   6.9999999999999996e-01	   6.5448594447284192e-01	   1.0000000000000000e+00	
   7.0999999999999996e-01	   6.6097946302723765e-01	   1.0000000000000000e+00	
   7.1999999999999997e-01	   6.6746636455445685e-01	   1.0000000000000000e+00	
   7.2999999999999998e-01	   6.5599684825973081e-01	   1.0000000000000000e+00	
   7.3999999999999999e-01	   6.3906059305103435e-01	   1.0000000000000000e+00	
   7.5000000000000000e-01	   6.2214328071129577e-01	   1.0000000000000000e+00	
   7.6000000000000001e-01	   6.2839358943164658e-01	   1.0000000000000000e+00	
   7.7000000000000002e-01	   6.3484982784300303e-01	   1.0000000000000000e+00	
   7.8000000000000003e-01	   6.3632001735030264e-01	   1.0000000000000000e+00	
   7.9000000000000004e-01	   6.1948592490619270e-01	   1.0000000000000000e+00	
   8.0000000000000004e-01	   6.0270595701352370e-01	   1.0000000000000000e+00	
   8.1000000000000005e-01	   5.9605701954478119e-01	   1.0000000000000000e+00	
   8.2000000000000006e-01	   6.0241528465787486e-01	   1.0000000000000000e+00	
   8.3000000000000007e-01	   6.0869914657220792e-01	   1.0000000000000000e+00	
   8.4000000000000008e-01	   5.9984447873326530e-01	   1.0000000000000000e+00	
   8.5000000000000009e-01	   5.8325009629112667e-01	   1.0000000000000000e+00	
   8.5999999999999999e-01	   5.6674440147880434e-01	   1.0000000000000000e+00	
   8.7000000000000000e-01	   5.7027432872323669e-01	   1.0000000000000000e+00	
   8.8000000000000000e-01	   5.7637680666387781e-01	   1.0000000000000000e+00	
   8.9000000000000001e-01	   5.8001261926203795e-01	   1.0000000000000000e+00	
   9.0000000000000002e-01	   5.6364804221682163e-01	   1.0000000000000000e+00	
   9.1000000000000003e-01	   5.4739595608983516e-01	   1.0000000000000000e+00	
   9.1999999999999993e-01	   5.3851828032568450e-01	   1.0000000000000000e+00	
   9.2999999999999994e-01	   5.4439119995936336e-01	   1.0000000000000000e+00	
   9.3999999999999995e-01	   5.5014115028823507e-01	   1.0000000000000000e+00	
   9.4999999999999996e-01	   5.4379381668994886e-01	   1.0000000000000000e+00	
   9.5999999999999996e-01	   5.2783186075434330e-01	   1.0000000000000000e+00	
   9.6999999999999997e-01	   5.1200777711883538e-01	   1.0000000000000000e+00	
   9.7999999999999998e-01	   5.1282284449092375e-01	   1.0000000000000000e+00	
   9.8999999999999999e-01	   5.1828309974789466e-01	   1.0000000000000000e+00	
   1.0000000000000000e+00	   5.2359877559829882e-01	   1.0000000000000000e+00	
   1.0100000000000000e+00	   6.2831505588361152e+00	   1.0000000000000000e+00	
   1.0200000000000000e+00	   6.2830504824101201e+00	   1.0000000000000000e+00	
   1.0300000000000000e+00	   6.2828914849628532e+00	   1.0000000000000000e+00	
   1.0400000000000000e+00	   6.2826801274369277e+00	   1.0000000000000000e+00	
   1.0500000000000000e+00	   6.2824230611963836e+00	   1.0000000000000000e+00	
   1.0600000000000001e+00	   6.2831050275719136e+00	   1.0000000000000000e+00	
   1.0700000000000001e+00	   6.2828900524082378e+00	   1.0000000000000000e+00	
   1.0800000000000001e+00	   6.2826322372786034e+00	   1.0000000000000000e+00	
   1.0899999999999999e+00	   6.2823374373947374e+00	   1.0000000000000000e+00	
   1.1000000000000001e+00	   6.2820115367890796e+00	   1.0000000000000000e+00	
   1.1099999999999999e+00	   6.2816603948938194e+00	   1.0000000000000000e+00	
   1.1200000000000001e+00	   6.2829166407374668e+00	   1.0000000000000000e+00	
   1.1299999999999999e+00	   6.2825863444327847e+00	   1.0000000000000000e+00	
   1.1400000000000001e+00	   6.2822313849473304e+00	   1.0000000000000000e+00	
   1.1499999999999999e+00	   6.2818569675551359e+00	   1.0000000000000000e+00	
   1.1600000000000001e+00	   6.2814682307014049e+00	   1.0000000000000000e+00	
   1.1699999999999999e+00	   6.2830627826401138e+00	   1.0000000000000000e+00	
   1.1800000000000002e+00	   6.2826828613047834e+00	   1.0000000000000000e+00	
   1.1899999999999999e+00	   6.1066294163383272e-03	   1.0000000000000000e+00	
   1.2000000000000002e+00	   6.2239642097641212e-03	   1.0000000000000000e+00	
   1.2100000000000000e+00	   6.3014451279286288e-03	   1.0000000000000000e+00	
   1.2200000000000000e+00	   6.3426809691098374e-03	   1.0000000000000000e+00	
   1.2300000000000000e+00	   6.4593793336209515e-03	   1.0000000000000000e+00	
   1.2400000000000000e+00	   6.5611144055242043e-03	   1.0000000000000000e+00	
   1.2500000000000000e+00	   6.6250507214711263e-03	   1.0000000000000000e+00	
   1.2600000000000000e+00	   6.6510483849673285e-03	   1.0000000000000000e+00	
   1.2700000000000000e+00	   6.6415577142473481e-03	   1.0000000000000000e+00	
   1.2800000000000000e+00	   6.6369185143526632e-03	   1.0000000000000000e+00	
   1.2900000000000000e+00	   6.6982190149251775e-03	   1.0000000000000000e+00	
   1.3000000000000000e+00	   6.7234219980047971e-03	   1.0000000000000000e+00	
   1.3100000000000001e+00	   6.7128267839546840e-03	   1.0000000000000000e+00	
   1.3200000000000001e+00	   6.6672367475217875e-03	   1.0000000000000000e+00	
   1.3300000000000001e+00	   6.5928068498029013e-03	   1.0000000000000000e+00	
   1.3399999999999999e+00	   6.5840340423941601e-03	   1.0000000000000000e+00	
   1.3500000000000001e+00	   6.5815910137945188e-03	   1.0000000000000000e+00	
   1.3599999999999999e+00	   6.5456903286662538e-03	   1.0000000000000000e+00	
   1.3700000000000001e+00	   6.4772355199380627e-03	   1.0000000000000000e+00	
   1.3799999999999999e+00	   6.3812694374265622e-03	   1.0000000000000000e+00	
   1.3900000000000001e+00	   6.2760843099436414e-03	   1.0000000000000000e+00	
   1.3999999999999999e+00	   6.2542353433503450e-03	   1.0000000000000000e+00	
   1.4100000000000001e+00	   6.2014394792870853e-03	   1.0000000000000000e+00	
   1.4199999999999999e+00	   6.1188172589563550e-03	   1.0000000000000000e+00	
   1.4300000000000002e+00	   6.0101495707403085e-03	   1.0000000000000000e+00	
   1.4399999999999999e+00	   5.8769153045588052e-03	   1.0000000000000000e+00	
   1.4500000000000002e+00	   5.7890569707708117e-03	   1.0000000000000000e+00	
   1.4600000000000000e+00	   5.7255126992896699e-03	   1.0000000000000000e+00	
   1.4700000000000000e+00	   5.6349435699385442e-03	   1.0000000000000000e+00	
   1.4800000000000000e+00	   5.5204821512059299e-03	   1.0000000000000000e+00	
   1.4900000000000000e+00	   5.3848700059729859e-03	   1.0000000000000000e+00	
   1.5100000000000000e+00	   5.1576069210292896e-03	   1.0000000000000000e+00	
   1.5200000000000000e+00	   5.0635401290143323e-03	   1.0000000000000000e+00	
   1.5300000000000000e+00	   4.9483769433028568e-03	   1.0000000000000000e+00	
   1.5400000000000000e+00	   4.8147513978514800e-03	   1.0000000000000000e+00	
   1.5500000000000000e+00	   4.6616187638156559e-03	   1.0000000000000000e+00	
   1.5600000000000001e+00	   4.5322075336986511e-03	   1.0000000000000000e+00	
   1.5700000000000001e+00	   4.4377520635764389e-03	   1.0000000000000000e+00	
   1.5800000000000001e+00	   4.3254731386879186e-03	   1.0000000000000000e+00	
   1.5900000000000001e+00	   4.1968405352528215e-03	   1.0000000000000000e+00	
   1.6000000000000001e+00	   4.0516316658640861e-03	   1.0000000000000000e+00	
   1.6100000000000001e+00	   3.8915984632721390e-03	   1.0000000000000000e+00	
   1.6200000000000001e+00	   3.7863381886260594e-03	   1.0000000000000000e+00	
   1.6300000000000001e+00	   3.6793410942286275e-03	   1.0000000000000000e+00	
   1.6400000000000001e+00	   3.5576905073220200e-03	   1.0000000000000000e+00	
   1.6500000000000001e+00	   3.4222803919001787e-03	   1.0000000000000000e+00	
   1.6599999999999999e+00	   3.2747930853533891e-03	   1.0000000000000000e+00	
   1.6699999999999999e+00	   3.1345980476062962e-03	   1.0000000000000000e+00	
   1.6799999999999999e+00	   3.0338293052110110e-03	   1.0000000000000000e+00	
   1.6899999999999999e+00	   2.9204189520091184e-03	   1.0000000000000000e+00	
   1.7000000000000000e+00	   2.7959337826426456e-03	   1.0000000000000000e+00	
   1.7100000000000000e+00	   2.6619652083414991e-03	   1.0000000000000000e+00	
   1.7200000000000000e+00	   2.5201149517446453e-03	   1.0000000000000000e+00	
   1.7300000000000000e+00	   2.4093579337705062e-03	   1.0000000000000000e+00	
   1.7400000000000000e+00	   2.3049553264176126e-03	   1.0000000000000000e+00	
   1.7500000000000000e+00	   2.1667645180002415e-03	   2.0000000000000000e+00	
   1.7600000000000000e+00	   2.0150225678988720e-03	   2.0000000000000000e+00	
   1.7700000000000000e+00	   1.8627249325661177e-03	   2.0000000000000000e+00	
   1.7800000000000000e+00	   1.7188467045656797e-03	   2.0000000000000000e+00	
   1.7900000000000000e+00	   1.6035321664871205e-03	   2.0000000000000000e+00	
   1.8000000000000000e+00	   1.4865913162028788e-03	   2.0000000000000000e+00	
   1.8100000000000001e+00	   1.3691946900082907e-03	   2.0000000000000000e+00	
   1.8200000000000001e+00	   1.2522234406472377e-03	   2.0000000000000000e+00	
   1.8300000000000001e+00	   1.1368102042860206e-03	   2.0000000000000000e+00	
   1.8400000000000001e+00	   1.0383806375477977e-03	   2.0000000000000000e+00	
   1.8500000000000001e+00	   9.4846242476465115e-04	   2.0000000000000000e+00	
   1.8600000000000001e+00	   8.5876868383960581e-04	   2.0000000000000000e+00	
   1.8700000000000001e+00	   7.7026923720346918e-04	   2.0000000000000000e+00	
   1.8800000000000001e+00	   6.8383959496975955e-04	   2.0000000000000000e+00	
   1.8900000000000001e+00	   6.0140749743942123e-04	   2.0000000000000000e+00	
   1.9000000000000001e+00	   5.3292528205650669e-04	   2.0000000000000000e+00	
   1.9099999999999999e+00	   4.6547231197124894e-04	   2.0000000000000000e+00	
   1.9199999999999999e+00	   3.9979047585569916e-04	   2.0000000000000000e+00	
   1.9299999999999999e+00	   3.3653873781003263e-04	   2.0000000000000000e+00	
   1.9399999999999999e+00	   2.7629295795006392e-04	   2.0000000000000000e+00	
   1.9500000000000000e+00	   2.2218452848299375e-04	   2.0000000000000000e+00	
   1.9600000000000000e+00	   1.7251354413960751e-04	   2.0000000000000000e+00	
   1.9700000000000000e+00	   1.2501802253106487e-04	   2.0000000000000000e+00	
   1.9800000000000000e+00	   8.0175471417143207e-05	   2.0000000000000000e+00	
   1.9900000000000000e+00	   3.8391312260910304e-05	   2.0000000000000000e+00	
   2.0000000000000000e+00	   4.4408920985006262e-16	   1.0000000000000000e+00	
   2.0099999999999998e+00	   4.5904152449205426e-06	   2.0000000000000000e+00	
   2.0200000000000000e+00	   2.7670793217859924e-06	   3.0000000000000000e+00	
   2.0300000000000002e+00	   3.8418020485986304e-06	   3.0000000000000000e+00	
   2.0400000000000000e+00	   4.7121755432089074e-06	   3.0000000000000000e+00	
   2.0499999999999998e+00	   5.3840290928919288e-06	   3.0000000000000000e+00	
   2.0600000000000001e+00	   5.9207448401821239e-06	   3.0000000000000000e+00	
   2.0700000000000003e+00	   6.3675985018107895e-06	   3.0000000000000000e+00	
   2.0800000000000001e+00	   6.6601672314980931e-06	   3.0000000000000000e+00	
   2.0899999999999999e+00	   6.8056408086825115e-06	   3.0000000000000000e+00	
   2.1000000000000001e+00	   6.8135890622933459e-06	   3.0000000000000000e+00	
   2.1100000000000003e+00	   6.6955622215481014e-06	   3.0000000000000000e+00	
   2.1200000000000001e+00	   6.5870959331526535e-06	   3.0000000000000000e+00	
   2.1299999999999999e+00	   6.3917570600757756e-06	   3.0000000000000000e+00	
   2.1400000000000001e+00	   6.0975567910404038e-06	   3.0000000000000000e+00	
   2.1500000000000004e+00	   5.7159471644752102e-06	   3.0000000000000000e+00	
   2.1600000000000001e+00	   5.2594662967031525e-06	   3.0000000000000000e+00	
   2.1699999999999999e+00	   4.7693743245869058e-06	   3.0000000000000000e+00	
   2.1799999999999997e+00	   4.2932247017457570e-06	   3.0000000000000000e+00	
   2.1899999999999999e+00	   3.7586134353784217e-06	   3.0000000000000000e+00	
   2.2000000000000002e+00	   3.1775196822625418e-06	   3.0000000000000000e+00	
   2.2100000000000000e+00	   2.5623434118937638e-06	   3.0000000000000000e+00	
   2.2199999999999998e+00	   1.9256611547557867e-06	   3.0000000000000000e+00	
   2.2300000000000000e+00	   1.2944463327890787e-06	   3.0000000000000000e+00	
   2.2400000000000002e+00	   6.5496296697276080e-07	   3.0000000000000000e+00	
   2.2500000000000000e+00	   4.8926346085664818e-08	   3.0000000000000000e+00	
   2.2599999999999998e+00	   6.9424079507385272e-07	   3.0000000000000000e+00	
   2.2700000000000000e+00	   1.3391869146950341e-06	   3.0000000000000000e+00	
   2.2800000000000002e+00	   1.9804541799839370e-06	   3.0000000000000000e+00	
   2.2900000000000000e+00	   2.6348654362795543e-06	   3.0000000000000000e+00	
   2.2999999999999998e+00	   3.2764170267984838e-06	   3.0000000000000000e+00	
   2.3100000000000001e+00	   3.8950309317886678e-06	   3.0000000000000000e+00	
   2.3200000000000003e+00	   4.4811693251656237e-06	   3.0000000000000000e+00	
   2.3300000000000001e+00	   5.0259584647438516e-06	   3.0000000000000000e+00	
   2.3399999999999999e+00	   5.6090128590646771e-06	   3.0000000000000000e+00	
   2.3500000000000001e+00	   6.1899925023478630e-06	   3.0000000000000000e+00	
   2.3600000000000003e+00	   6.7295754990759349e-06	   3.0000000000000000e+00	
   2.3700000000000001e+00	   7.2200972209834902e-06	   3.0000000000000000e+00	
   2.3799999999999999e+00	   7.6547012155536720e-06	   3.0000000000000000e+00	
   2.3900000000000001e+00	   8.0513692775063816e-06	   3.0000000000000000e+00	
   2.4000000000000004e+00	   8.5448718525338307e-06	   3.0000000000000000e+00	
   2.4100000000000001e+00	   8.9839206738329125e-06	   3.0000000000000000e+00	
   2.4199999999999999e+00	   9.3627619304204046e-06	   3.0000000000000000e+00	
   2.4299999999999997e+00	   9.6765182686642248e-06	   3.0000000000000000e+00	
   2.4399999999999999e+00	   9.9212264568215858e-06	   3.0000000000000000e+00	
   2.4500000000000002e+00	   1.0220900939272859e-05	   3.0000000000000000e+00	
   2.4600000000000000e+00	   1.0552487645365538e-05	   3.0000000000000000e+00	
   2.4699999999999998e+00	   1.0817289848641387e-05	   3.0000000000000000e+00	
   2.4800000000000000e+00	   1.1012288948397675e-05	   3.0000000000000000e+00	
   2.4900000000000002e+00	   1.1135365968750754e-05	   3.0000000000000000e+00	
   2.5100000000000002e+00	   1.1414135174137030e-05	   3.0000000000000000e+00	
   2.5200000000000000e+00	   1.1573422902255714e-05	   3.0000000000000000e+00	
   2.5300000000000002e+00	   1.1661817705399535e-05	   3.0000000000000000e+00	
   2.5400000000000000e+00	   1.1678824820338107e-05	   3.0000000000000000e+00	
   2.5499999999999998e+00	   1.1624779412411357e-05	   3.0000000000000000e+00	
   2.5600000000000001e+00	   1.1612170587871340e-05	   3.0000000000000000e+00	
   2.5699999999999998e+00	   1.1674603776823389e-05	   3.0000000000000000e+00	
   2.5800000000000001e+00	   1.1667974098350520e-05	   3.0000000000000000e+00	
   2.5899999999999999e+00	   1.1593181205360459e-05	   3.0000000000000000e+00	
   2.6000000000000001e+00	   1.1451862918732125e-05	   3.0000000000000000e+00	
   2.6099999999999999e+00	   1.1246355688276921e-05	   3.0000000000000000e+00	
   2.6200000000000001e+00	   1.1193422965405375e-05	   3.0000000000000000e+00	
   2.6299999999999999e+00	   1.1107423723011323e-05	   3.0000000000000000e+00	
   2.6400000000000001e+00	   1.0958565481389293e-05	   3.0000000000000000e+00	
   2.6499999999999999e+00	   1.0749529539499925e-05	   3.0000000000000000e+00	
   2.6600000000000001e+00	   1.0483582253639767e-05	   3.0000000000000000e+00	
   2.6699999999999999e+00	   1.0233755686317458e-05	   3.0000000000000000e+00	
   2.6800000000000002e+00	   1.0084222581085989e-05	   3.0000000000000000e+00	
   2.6899999999999999e+00	   9.8786700157837970e-06	   3.0000000000000000e+00	
   2.7000000000000002e+00	   9.6205713377983670e-06	   3.0000000000000000e+00	
   2.7100000000000000e+00	   9.3138678899373772e-06	   3.0000000000000000e+00	
   2.7200000000000002e+00	   8.9629118018574871e-06	   3.0000000000000000e+00	
   2.7300000000000000e+00	   8.7140195161872214e-06	   3.0000000000000000e+00	
   2.7400000000000002e+00	   8.4678847812602598e-06	   3.0000000000000000e+00	
   2.7500000000000000e+00	   8.1776554531343137e-06	   3.0000000000000000e+00	
   2.7600000000000002e+00	   7.8477117766428961e-06	   3.0000000000000000e+00	
   2.7700000000000000e+00	   7.4827274394451138e-06	   3.0000000000000000e+00	
   2.7800000000000002e+00	   7.1150595104541026e-06	   3.0000000000000000e+00	
   2.7900000000000000e+00	   6.8427412986959979e-06	   3.0000000000000000e+00	
   2.8000000000000003e+00	   6.5351978797423271e-06	   3.0000000000000000e+00	
   2.8100000000000001e+00	   6.1970346076911653e-06	   3.0000000000000000e+00	
   2.8199999999999998e+00	   5.7424339224843024e-06	   4.0000000000000000e+00	
   2.8300000000000001e+00	   5.0591158520241208e-06	   4.0000000000000000e+00	
   2.8399999999999999e+00	   4.4846769706730072e-06	   4.0000000000000000e+00	
   2.8500000000000001e+00	   3.9693770186310928e-06	   4.0000000000000000e+00	
   2.8599999999999999e+00	   3.4799071917390734e-06	   4.0000000000000000e+00	
   2.8700000000000001e+00	   3.0196825623329815e-06	   4.0000000000000000e+00	
   2.8799999999999999e+00	   2.5912677812378604e-06	   4.0000000000000000e+00	
   2.8900000000000001e+00	   2.2015373390971149e-06	   4.0000000000000000e+00	
   2.8999999999999999e+00	   1.8817992643027637e-06	   4.0000000000000000e+00	
   2.9100000000000001e+00	   1.5836770396182587e-06	   4.0000000000000000e+00	
   2.9199999999999999e+00	   1.3090235824186891e-06	   4.0000000000000000e+00	
   2.9300000000000002e+00	   1.0590693381162808e-06	   4.0000000000000000e+00	
   2.9399999999999999e+00	   8.3447912035961025e-07	   4.0000000000000000e+00	
   2.9500000000000002e+00	   6.4310555381030809e-07	   4.0000000000000000e+00	
   2.9600000000000000e+00	   4.7765106414576763e-07	   4.0000000000000000e+00	
   2.9700000000000002e+00	   3.3049508740834455e-07	   4.0000000000000000e+00	
   2.9800000000000000e+00	   2.0194780725457662e-07	   4.0000000000000000e+00	
   2.9900000000000002e+00	   9.1925781764423675e-08	   4.0000000000000000e+00	
   3.0000000000000000e+00	   7.7715611723760958e-16	   1.0000000000000000e+00	
   3.0100000000000002e+00	   2.5187462115994208e-09	   4.0000000000000000e+00	
   3.0200000000000000e+00	   5.0622702696401234e-09	   5.0000000000000000e+00	
   3.0300000000000002e+00	   6.4975301805603181e-09	   5.0000000000000000e+00	
   3.0400000000000000e+00	   7.2943501239208786e-09	   5.0000000000000000e+00	
   3.0500000000000003e+00	   7.5310345737378270e-09	   5.0000000000000000e+00	
   3.0600000000000001e+00	   7.3522725685393198e-09	   5.0000000000000000e+00	
   3.0699999999999998e+00	   6.8600947145114333e-09	   5.0000000000000000e+00	
   3.0800000000000001e+00	   6.0159051074037961e-09	   5.0000000000000000e+00	
   3.0899999999999999e+00	   4.8842827560235946e-09	   5.0000000000000000e+00	
   3.1000000000000001e+00	   3.5309963841712033e-09	   5.0000000000000000e+00	
   3.1099999999999999e+00	   2.0212218565518469e-09	   5.0000000000000000e+00	
   3.1200000000000001e+00	   4.1801939687502454e-10	   5.0000000000000000e+00	
   3.1299999999999999e+00	   1.3867862413974308e-09	   5.0000000000000000e+00	
   3.1400000000000001e+00	   3.1460016813866787e-09	   5.0000000000000000e+00	
   3.1499999999999999e+00	   4.9096660070802045e-09	   5.0000000000000000e+00	
   3.1600000000000001e+00	   6.6305316792636404e-09	   5.0000000000000000e+00	
   3.1699999999999999e+00	   8.3453175481196240e-09	   5.0000000000000000e+00	
   3.1800000000000002e+00	   1.0087723767426837e-08	   5.0000000000000000e+00	
   3.1899999999999999e+00	   1.1741126071385111e-08	   5.0000000000000000e+00	
   3.2000000000000002e+00	   1.3270819776423082e-08	   5.0000000000000000e+00	
   3.2100000000000000e+00	   1.4646456270028807e-08	   5.0000000000000000e+00	
   3.2200000000000002e+00	   1.5842464007320700e-08	   5.0000000000000000e+00	
   3.2300000000000000e+00	   1.7150408204713585e-08	   5.0000000000000000e+00	
   3.2400000000000002e+00	   1.8347717567479549e-08	   5.0000000000000000e+00	
   3.2500000000000000e+00	   1.9356636293821339e-08	   5.0000000000000000e+00	
   3.2600000000000002e+00	   2.0161620817304993e-08	   5.0000000000000000e+00	
   3.2700000000000000e+00	   2.0751809159946788e-08	   5.0000000000000000e+00	
   3.2800000000000002e+00	   2.1243858894237633e-08	   5.0000000000000000e+00	
   3.2900000000000000e+00	   2.1869822175446529e-08	   5.0000000000000000e+00	
   3.3000000000000003e+00	   2.2287176770774408e-08	   5.0000000000000000e+00	
   3.3100000000000001e+00	   2.2492520512784608e-08	   5.0000000000000000e+00	
   3.3199999999999998e+00	   2.2486549733358174e-08	   5.0000000000000000e+00	
   3.3300000000000001e+00	   2.2273869637601251e-08	   5.0000000000000000e+00	
   3.3399999999999999e+00	   2.2203199279147157e-08	   5.0000000000000000e+00	
   3.3500000000000001e+00	   2.2081198203238728e-08	   5.0000000000000000e+00	
   3.3599999999999999e+00	   2.1766263680333964e-08	   5.0000000000000000e+00	
   3.3700000000000001e+00	   2.1267552385850763e-08	   5.0000000000000000e+00	
   3.3799999999999999e+00	   2.0597177519121601e-08	   5.0000000000000000e+00	
   3.3900000000000001e+00	   1.9829920594460759e-08	   5.0000000000000000e+00	
   3.3999999999999999e+00	   1.9281934937609435e-08	   5.0000000000000000e+00	
   3.4100000000000001e+00	   1.8576339355647065e-08	   5.0000000000000000e+00	
   3.4199999999999999e+00	   1.7727862289262930e-08	   5.0000000000000000e+00	
   3.4300000000000002e+00	   1.6753216147691319e-08	   5.0000000000000000e+00	
   3.4399999999999999e+00	   1.5670720054927756e-08	   5.0000000000000000e+00	
   3.4500000000000002e+00	   1.4684860771829733e-08	   5.0000000000000000e+00	
   3.4600000000000000e+00	   1.3731867531951991e-08	   5.0000000000000000e+00	
   3.4700000000000002e+00	   1.2682519590079266e-08	   5.0000000000000000e+00	
   3.4800000000000000e+00	   1.1555637002835795e-08	   5.0000000000000000e+00	
   3.4900000000000002e+00	   1.0370738601217511e-08	   5.0000000000000000e+00	
   3.5100000000000002e+00	   8.0889764886293847e-09	   5.0000000000000000e+00	
   3.5200000000000000e+00	   6.9805566882408243e-09	   5.0000000000000000e+00	
   3.5300000000000002e+00	   5.8413203163354410e-09	   5.0000000000000000e+00	
   3.5400000000000000e+00	   4.6900734407273603e-09	   5.0000000000000000e+00	
   3.5500000000000003e+00	   3.5452342173059037e-09	   5.0000000000000000e+00	
   3.5600000000000001e+00	   2.4418501665124381e-09	   5.0000000000000000e+00	
   3.5700000000000003e+00	   1.3802645693061777e-09	   5.0000000000000000e+00	
   3.5800000000000001e+00	   3.2931224414056715e-10	   5.0000000000000000e+00	
   3.5899999999999999e+00	   7.4895156743082225e-10	   5.0000000000000000e+00	
   3.6000000000000001e+00	   1.7349726100235330e-09	   5.0000000000000000e+00	
   3.6099999999999999e+00	   2.6680480047502897e-09	   5.0000000000000000e+00	
   3.6200000000000001e+00	   3.6020983973372722e-09	   5.0000000000000000e+00	
   3.6299999999999999e+00	   4.4910988261648299e-09	   5.0000000000000000e+00	
   3.6400000000000001e+00	   5.3213844442012714e-09	   5.0000000000000000e+00	
   3.6499999999999999e+00	   6.0806542023783550e-09	   5.0000000000000000e+00	
   3.6600000000000001e+00	   6.7581202856104028e-09	   5.0000000000000000e+00	
   3.6699999999999999e+00	   7.4149826279068520e-09	   5.0000000000000000e+00	
   3.6800000000000002e+00	   8.0839486216177647e-09	   5.0000000000000000e+00	
   3.6899999999999999e+00	   8.6718745517799789e-09	   5.0000000000000000e+00	
   3.7000000000000002e+00	   9.1703526994280082e-09	   5.0000000000000000e+00	
   3.7100000000000000e+00	   9.5726757631808823e-09	   5.0000000000000000e+00	
   3.7200000000000002e+00	   9.8738965892408714e-09	   5.0000000000000000e+00	
   3.7300000000000000e+00	   1.0264484151534248e-08	   5.0000000000000000e+00	
   3.7400000000000002e+00	   1.0590069710048056e-08	   5.0000000000000000e+00	
   3.7500000000000000e+00	   1.0816805673385943e-08	   5.0000000000000000e+00	
   3.7600000000000002e+00	   1.0942045047812599e-08	   5.0000000000000000e+00	
   3.7700000000000000e+00	   1.0964891217213335e-08	   5.0000000000000000e+00	
   3.7800000000000002e+00	   1.0959659846321301e-08	   5.0000000000000000e+00	
   3.7900000000000000e+00	   1.1021676460387653e-08	   5.0000000000000000e+00	
   3.8000000000000003e+00	   1.0983732146030434e-08	   5.0000000000000000e+00	
   3.8100000000000001e+00	   1.0847003961700352e-08	   5.0000000000000000e+00	
   3.8200000000000003e+00	   1.0614306544809438e-08	   5.0000000000000000e+00	
   3.8300000000000001e+00	   1.0290014396119318e-08	   5.0000000000000000e+00	
   3.8399999999999999e+00	   1.0044977738488114e-08	   5.0000000000000000e+00	
   3.8500000000000001e+00	   9.7625845185689286e-09	   5.0000000000000000e+00	
   3.8599999999999999e+00	   9.3909917620038641e-09	   5.0000000000000000e+00	
   3.8700000000000001e+00	   8.9362304223072897e-09	   5.0000000000000000e+00	
   3.8799999999999999e+00	   8.4056652749353589e-09	   5.0000000000000000e+00	
   3.8900000000000001e+00	   7.6606163634806990e-09	   6.0000000000000000e+00	
   3.8999999999999999e+00	   6.3842380271239563e-09	   6.0000000000000000e+00	
   3.9100000000000001e+00	   5.2347877144143240e-09	   6.0000000000000000e+00	
   3.9199999999999999e+00	   4.2126079291548990e-09	   6.0000000000000000e+00	
   3.9300000000000002e+00	   3.3154706757798635e-09	   6.0000000000000000e+00	
   3.9399999999999999e+00	   2.5390308744377421e-09	   6.0000000000000000e+00	
   3.9500000000000002e+00	   1.9000301332283698e-09	   6.0000000000000000e+00	
   3.9600000000000000e+00	   1.3687714295329556e-09	   6.0000000000000000e+00	
   3.9700000000000002e+00	   9.1750462782869135e-10	   6.0000000000000000e+00	
   3.9800000000000000e+00	   5.4240889557632954e-10	   6.0000000000000000e+00	
   3.9900000000000002e+00	   2.3851354225001842e-10	   6.0000000000000000e+00	
   4.0000000000000000e+00	   9.9920072216264089e-16	   1.0000000000000000e+00	
   4.0099999999999998e+00	   9.0035756628026320e-12	   7.0000000000000000e+00	
   4.0199999999999996e+00	   1.5543233367054654e-11	   7.0000000000000000e+00	
   4.0300000000000002e+00	   1.9914847548818670e-11	   7.0000000000000000e+00	
   4.0400000000000000e+00	   2.2417734335533623e-11	   7.0000000000000000e+00	
   4.0500000000000007e+00	   2.3360979817255156e-11	   7.0000000000000000e+00	
   4.0600000000000005e+00	   2.3244517421971977e-11	   7.0000000000000000e+00	
   4.0700000000000003e+00	   2.2425172829798612e-11	   7.0000000000000000e+00	
   4.0800000000000001e+00	   2.0799362232537533e-11	   7.0000000000000000e+00	
   4.0899999999999999e+00	   1.8574919380398569e-11	   7.0000000000000000e+00	
   4.0999999999999996e+00	   1.5942802633617248e-11	   7.0000000000000000e+00	
   4.1099999999999994e+00	   1.3081979943763145e-11	   7.0000000000000000e+00	
   4.1200000000000001e+00	   1.0295764241163852e-11	   7.0000000000000000e+00	
   4.1299999999999999e+00	   7.5126571630335093e-12	   7.0000000000000000e+00	
   4.1400000000000006e+00	   4.7783998979866737e-12	   7.0000000000000000e+00	
   4.1500000000000004e+00	   2.1964652319184097e-12	   7.0000000000000000e+00	
   4.1600000000000001e+00	   4.9737991503207013e-13	   7.0000000000000000e+00	
   4.1699999999999999e+00	   2.5794921754140887e-12	   7.0000000000000000e+00	
   4.1799999999999997e+00	   4.4046988278978461e-12	   7.0000000000000000e+00	
   4.1899999999999995e+00	   5.9217075687456600e-12	   7.0000000000000000e+00	
   4.2000000000000002e+00	   7.0909944582808748e-12	   7.0000000000000000e+00	
   4.2100000000000000e+00	   7.8956841065291883e-12	   7.0000000000000000e+00	
   4.2200000000000006e+00	   8.3453244315023767e-12	   7.0000000000000000e+00	
   4.2300000000000004e+00	   8.6051166192646633e-12	   7.0000000000000000e+00	
   4.2400000000000002e+00	   8.5154105988749507e-12	   7.0000000000000000e+00	
   4.2500000000000000e+00	   8.0895290466287406e-12	   7.0000000000000000e+00	
   4.2599999999999998e+00	   7.3474559769692860e-12	   7.0000000000000000e+00	
   4.2699999999999996e+00	   6.3193894561663910e-12	   7.0000000000000000e+00	
   4.2799999999999994e+00	   5.1219029018056972e-12	   7.0000000000000000e+00	
   4.2900000000000000e+00	   3.7105873929021982e-12	   7.0000000000000000e+00	
   4.2999999999999998e+00	   2.0718982085554671e-12	   7.0000000000000000e+00	
   4.3100000000000005e+00	   3.1386004906153175e-13	   7.0000000000000000e+00	
   4.3200000000000003e+00	   1.9804158313263542e-12	   7.0000000000000000e+00	
   4.3300000000000001e+00	   4.0232261966366423e-12	   7.0000000000000000e+00	
   4.3399999999999999e+00	   6.1513016902381423e-12	   7.0000000000000000e+00	
   4.3499999999999996e+00	   8.4343643180773142e-12	   7.0000000000000000e+00	
   4.3599999999999994e+00	   1.0754952484148816e-11	   7.0000000000000000e+00	
   4.3700000000000001e+00	   1.3057555037221391e-11	   7.0000000000000000e+00	
   4.3799999999999999e+00	   1.5296208744075557e-11	   7.0000000000000000e+00	
   4.3900000000000006e+00	   1.7434720334108533e-11	   7.0000000000000000e+00	
   4.4000000000000004e+00	   1.9849899501878099e-11	   7.0000000000000000e+00	
   4.4100000000000001e+00	   2.2160717705332900e-11	   7.0000000000000000e+00	
   4.4199999999999999e+00	   2.3681279159859514e-11	   6.0000000000000000e+00	
   4.4299999999999997e+00	   3.5645930651639901e-12	   6.0000000000000000e+00	
   4.4399999999999995e+00	   1.9097168291182243e-11	   6.0000000000000000e+00	
   4.4499999999999993e+00	   2.9909963394914030e-11	   7.0000000000000000e+00	
   4.4600000000000000e+00	   3.1844415993020903e-11	   7.0000000000000000e+00	
   4.4699999999999998e+00	   3.3539060417808741e-11	   7.0000000000000000e+00	
   4.4800000000000004e+00	   3.4968472562013631e-11	   7.0000000000000000e+00	
   4.4900000000000002e+00	   3.6102676403970690e-11	   7.0000000000000000e+00	
   4.5099999999999998e+00	   3.8293923587673362e-11	   7.0000000000000000e+00	
   4.5199999999999996e+00	   3.9365066761831713e-11	   7.0000000000000000e+00	
   4.5299999999999994e+00	   4.0124681355280245e-11	   7.0000000000000000e+00	
   4.5400000000000000e+00	   4.0569880788154933e-11	   7.0000000000000000e+00	
   4.5499999999999998e+00	   4.0692449410073550e-11	   7.0000000000000000e+00	
   4.5600000000000005e+00	   4.0912606635856719e-11	   7.0000000000000000e+00	
   4.5700000000000003e+00	   4.1303183095919849e-11	   7.0000000000000000e+00	
   4.5800000000000001e+00	   4.1384451421322410e-11	   7.0000000000000000e+00	
   4.5899999999999999e+00	   4.1156855701274253e-11	   7.0000000000000000e+00	
   4.5999999999999996e+00	   4.0629055675367454e-11	   7.0000000000000000e+00	
   4.6099999999999994e+00	   3.9809711083194088e-11	   7.0000000000000000e+00	
   4.6200000000000001e+00	   3.9524383765865423e-11	   7.0000000000000000e+00	
   4.6299999999999999e+00	   3.9019676378870827e-11	   7.0000000000000000e+00	
   4.6400000000000006e+00	   3.8242298217028292e-11	   7.0000000000000000e+00	
   4.6500000000000004e+00	   3.7206682179657946e-11	   7.0000000000000000e+00	
   4.6600000000000001e+00	   3.5937697262511392e-11	   7.0000000000000000e+00	
   4.6699999999999999e+00	   3.4756642008915151e-11	   7.0000000000000000e+00	
   4.6799999999999997e+00	   3.3819391731526594e-11	   7.0000000000000000e+00	
   4.6899999999999995e+00	   3.2660762983027780e-11	   7.0000000000000000e+00	
   4.6999999999999993e+00	   3.1308067249824489e-11	   7.0000000000000000e+00	
   4.7100000000000000e+00	   2.9785729438458475e-11	   7.0000000000000000e+00	
   4.7199999999999998e+00	   2.8118174455471490e-11	   7.0000000000000000e+00	
   4.7300000000000004e+00	   2.6839641620313159e-11	   7.0000000000000000e+00	
   4.7400000000000002e+00	   2.5493829269862545e-11	   7.0000000000000000e+00	
   4.7500000000000000e+00	   2.4017676736320936e-11	   7.0000000000000000e+00	
   4.7599999999999998e+00	   2.2437385283069489e-11	   7.0000000000000000e+00	
   4.7699999999999996e+00	   2.0779822307304130e-11	   7.0000000000000000e+00	
   4.7799999999999994e+00	   1.9218182600866385e-11	   7.0000000000000000e+00	
   4.7900000000000000e+00	   1.7865930956872944e-11	   7.0000000000000000e+00	
   4.7999999999999998e+00	   1.6447510020611844e-11	   7.0000000000000000e+00	
   4.8100000000000005e+00	   1.4988232877044538e-11	   7.0000000000000000e+00	
   4.8200000000000003e+00	   1.3509859897453680e-11	   7.0000000000000000e+00	
   4.8300000000000001e+00	   1.2040812791269673e-11	   7.0000000000000000e+00	
   4.8399999999999999e+00	   1.0806022743281574e-11	   7.0000000000000000e+00	
   4.8499999999999996e+00	   9.5998764493288036e-12	   7.0000000000000000e+00	
   4.8599999999999994e+00	   8.4039442072025849e-12	   7.0000000000000000e+00	
   4.8700000000000001e+00	   7.2439831910742214e-12	   7.0000000000000000e+00	
   4.8799999999999999e+00	   6.1346483448687650e-12	   7.0000000000000000e+00	
   4.8900000000000006e+00	   5.1456616745326755e-12	   7.0000000000000000e+00	
   4.9000000000000004e+00	   4.2674752620541767e-12	   7.0000000000000000e+00	
   4.9100000000000001e+00	   3.4465763576463360e-12	   7.0000000000000000e+00	
   4.9199999999999999e+00	   2.6947333253701800e-12	   7.0000000000000000e+00	
   4.9299999999999997e+00	   2.0230483954719602e-12	   7.0000000000000000e+00	
   4.9399999999999995e+00	   1.4506174039752295e-12	   7.0000000000000000e+00	
   4.9499999999999993e+00	   9.8576702356467649e-13	   7.0000000000000000e+00	
   4.9600000000000000e+00	   6.0329519158131006e-13	   7.0000000000000000e+00	
   4.9699999999999998e+00	   3.0997426847534371e-13	   7.0000000000000000e+00	
   4.9800000000000004e+00	   1.1524114995609125e-13	   7.0000000000000000e+00	
   4.9900000000000002e+00	   2.8699265186560297e-14	   7.0000000000000000e+00	
   5.0000000000000000e+00	   1.1102230246251565e-15	   1.0000000000000000e+00	
   5.0099999999999998e+00	   5.5844218138645374e-14	   8.0000000000000000e+00	
   5.0199999999999996e+00	   1.1446399383885364e-13	   8.0000000000000000e+00	
   5.0299999999999994e+00	   1.7597034940308731e-13	   8.0000000000000000e+00	
   5.0400000000000000e+00	   2.3725466036239595e-13	   8.0000000000000000e+00	
   5.0499999999999998e+00	   2.9987123895125478e-13	   8.0000000000000000e+00	
   5.0600000000000005e+00	   3.6370906286720128e-13	   8.0000000000000000e+00	
   5.0700000000000003e+00	   4.3565151486291143e-13	   8.0000000000000000e+00	
   5.0800000000000001e+00	   5.0492943159952119e-13	   8.0000000000000000e+00	
   5.0899999999999999e+00	   5.7331916991643084e-13	   8.0000000000000000e+00	
   5.0999999999999996e+00	   6.3948846218409017e-13	   8.0000000000000000e+00	
   5.1099999999999994e+00	   7.0610184366159956e-13	   8.0000000000000000e+00	
   5.1200000000000001e+00	   7.7671202802775952e-13	   8.0000000000000000e+00	
   5.1299999999999999e+00	   8.4998674765301985e-13	   8.0000000000000000e+00	
   5.1400000000000006e+00	   9.1837648596992949e-13	   8.0000000000000000e+00	
   5.1500000000000004e+00	   9.8587804586713901e-13	   8.0000000000000000e+00	
   5.1600000000000001e+00	   1.0449419107771973e-12	   8.0000000000000000e+00	
   5.1699999999999999e+00	   1.1033396418724806e-12	   8.0000000000000000e+00	
   5.1799999999999997e+00	   1.1739498262386405e-12	   8.0000000000000000e+00	
   5.1899999999999995e+00	   1.2423395645555502e-12	   8.0000000000000000e+00	
   5.1999999999999993e+00	   1.3005152510459084e-12	   8.0000000000000000e+00	
   5.2100000000000000e+00	   1.3511414209688155e-12	   8.0000000000000000e+00	
   5.2199999999999998e+00	   1.3942180743242716e-12	   8.0000000000000000e+00	
   5.2300000000000004e+00	   1.4521717162097048e-12	   8.0000000000000000e+00	
   5.2400000000000002e+00	   1.5092371796754378e-12	   8.0000000000000000e+00	
   5.2500000000000000e+00	   1.5583090373638697e-12	   8.0000000000000000e+00	
   5.2599999999999998e+00	   1.5973888878306752e-12	   8.0000000000000000e+00	
   5.2699999999999996e+00	   1.6275869541004795e-12	   8.0000000000000000e+00	
   5.2799999999999994e+00	   1.6553425297161084e-12	   8.0000000000000000e+00	
   5.2900000000000000e+00	   1.7019718967503650e-12	   8.0000000000000000e+00	
   5.2999999999999998e+00	   1.7383872119580701e-12	   8.0000000000000000e+00	
   5.3100000000000005e+00	   1.7654766537589239e-12	   8.0000000000000000e+00	
   5.3200000000000003e+00	   1.7845724897824766e-12	   8.0000000000000000e+00	
   5.3300000000000001e+00	   1.7907897387203775e-12	   8.0000000000000000e+00	
   5.3399999999999999e+00	   1.8101076193488552e-12	   8.0000000000000000e+00	
   5.3499999999999996e+00	   1.8340884366807586e-12	   8.0000000000000000e+00	
   5.3599999999999994e+00	   1.8507417820501360e-12	   8.0000000000000000e+00	
   5.3700000000000001e+00	   1.8531842727043113e-12	   8.0000000000000000e+00	
   5.3799999999999999e+00	   1.8447465777171601e-12	   8.0000000000000000e+00	
   5.3900000000000006e+00	   1.8287593661625579e-12	   8.0000000000000000e+00	
   5.4000000000000004e+00	   1.8431922654826849e-12	   8.0000000000000000e+00	
   5.4100000000000001e+00	   1.8434143100876099e-12	   8.0000000000000000e+00	
   5.4199999999999999e+00	   1.8334223028659835e-12	   8.0000000000000000e+00	
   5.4299999999999997e+00	   1.8127721546079556e-12	   8.0000000000000000e+00	
   5.4399999999999995e+00	   1.7847945343874017e-12	   8.0000000000000000e+00	
   5.4499999999999993e+00	   1.7655876760613864e-12	   8.0000000000000000e+00	
   5.4600000000000000e+00	   1.7539303343028223e-12	   8.0000000000000000e+00	
   5.4699999999999998e+00	   1.7330581414398694e-12	   8.0000000000000000e+00	
   5.4800000000000004e+00	   1.7046364320094654e-12	   8.0000000000000000e+00	
   5.4900000000000002e+00	   1.6647794254254222e-12	   8.0000000000000000e+00	
   5.5099999999999998e+00	   8.0224715759413812e-13	   7.0000000000000000e+00	
   5.5199999999999996e+00	   3.0797586703101842e-13	   7.0000000000000000e+00	
   5.5299999999999994e+00	   2.3836488338702111e-13	   7.0000000000000000e+00	
   5.5400000000000000e+00	   7.3863137828311665e-13	   7.0000000000000000e+00	
   5.5499999999999998e+00	   1.2219114609024473e-12	   7.0000000000000000e+00	
   5.5600000000000005e+00	   1.3899992268306960e-12	   8.0000000000000000e+00	
   5.5700000000000003e+00	   1.3529177778082158e-12	   8.0000000000000000e+00	
   5.5800000000000001e+00	   1.3113954366872349e-12	   8.0000000000000000e+00	
   5.5899999999999999e+00	   1.2629897128135781e-12	   8.0000000000000000e+00	
   5.5999999999999996e+00	   1.2094769630266455e-12	   8.0000000000000000e+00	
   5.6099999999999994e+00	   1.1479706074624119e-12	   8.0000000000000000e+00	
   5.6200000000000001e+00	   1.1084466677857563e-12	   8.0000000000000000e+00	
   5.6299999999999999e+00	   1.0638157021958250e-12	   8.0000000000000000e+00	
   5.6400000000000006e+00	   1.0156320229270932e-12	   8.0000000000000000e+00	
   5.6500000000000004e+00	   9.6012087169583538e-13	   8.0000000000000000e+00	
   5.6600000000000001e+00	   9.0349949743995239e-13	   8.0000000000000000e+00	
   5.6699999999999999e+00	   8.5287332751704525e-13	   8.0000000000000000e+00	
   5.6799999999999997e+00	   8.0935258495173912e-13	   8.0000000000000000e+00	
   5.6899999999999995e+00	   7.5983663805345714e-13	   8.0000000000000000e+00	
   5.6999999999999993e+00	   7.1120886957487528e-13	   8.0000000000000000e+00	
   5.7100000000000000e+00	   6.5947247662734299e-13	   8.0000000000000000e+00	
   5.7199999999999998e+00	   6.0751403907488566e-13	   8.0000000000000000e+00	
   5.7300000000000004e+00	   5.6532556413912971e-13	   8.0000000000000000e+00	
   5.7400000000000002e+00	   5.2313708920337376e-13	   8.0000000000000000e+00	
   5.7500000000000000e+00	   4.7983839124299266e-13	   8.0000000000000000e+00	
   5.7599999999999998e+00	   4.3587355946783646e-13	   8.0000000000000000e+00	
   5.7699999999999996e+00	   3.9213077229760529e-13	   8.0000000000000000e+00	
   5.7799999999999994e+00	   3.5216274341109965e-13	   8.0000000000000000e+00	
   5.7900000000000000e+00	   3.1641356201816961e-13	   8.0000000000000000e+00	
   5.7999999999999998e+00	   2.8177460364986473e-13	   8.0000000000000000e+00	
   5.8100000000000005e+00	   2.4713564528155985e-13	   8.0000000000000000e+00	
   5.8200000000000003e+00	   2.1116441928370477e-13	   8.0000000000000000e+00	
   5.8300000000000001e+00	   1.7985612998927536e-13	   8.0000000000000000e+00	
   5.8399999999999999e+00	   1.5343282200319663e-13	   8.0000000000000000e+00	
   5.8499999999999996e+00	   1.2789769243681803e-13	   8.0000000000000000e+00	
   5.8599999999999994e+00	   1.0125233984581428e-13	   8.0000000000000000e+00	
   5.8700000000000001e+00	   7.9047879353311146e-14	   8.0000000000000000e+00	
   5.8799999999999999e+00	   5.9952043329758453e-14	   8.0000000000000000e+00	
   5.8900000000000006e+00	   4.3298697960381105e-14	   8.0000000000000000e+00	
   5.9000000000000004e+00	   2.6201263381153694e-14	   8.0000000000000000e+00	
   5.9100000000000001e+00	   1.4654943925052066e-14	   8.0000000000000000e+00	
   5.9199999999999999e+00	   1.1490808304870370e-14	   8.0000000000000000e+00	
   5.9299999999999997e+00	   1.7541523789077473e-14	   8.0000000000000000e+00	
   5.9399999999999995e+00	   1.9317880628477724e-14	   8.0000000000000000e+00	
   5.9500000000000002e+00	   2.2648549702353193e-14	   8.0000000000000000e+00	
   5.9600000000000000e+00	   2.3536728122053319e-14	   8.0000000000000000e+00	
   5.9699999999999998e+00	   2.1427304375265521e-14	   8.0000000000000000e+00	
   5.9800000000000004e+00	   1.4654943925052066e-14	   8.0000000000000000e+00	
   5.9900000000000002e+00	   8.5487172896137054e-15	   8.0000000000000000e+00	
   6.0000000000000000e+00	   1.5543122344752192e-15	   1.0000000000000000e+00	
   6.0099999999999998e+00	   3.9857006584043120e-14	   8.0000000000000000e+00	
   6.0199999999999996e+00	   7.8936857050848630e-14	   8.0000000000000000e+00	
   6.0300000000000002e+00	   1.1779466291272911e-13	   8.0000000000000000e+00	
   6.0400000000000000e+00	   1.5509815654013437e-13	   8.0000000000000000e+00	
   6.0499999999999998e+00	   1.8929302569858919e-13	   8.0000000000000000e+00	
   6.0600000000000005e+00	   2.2493118478905672e-13	   8.0000000000000000e+00	
   6.0700000000000003e+00	   2.6356694604601216e-13	   8.0000000000000000e+00	
   6.0800000000000001e+00	   2.9776181520446698e-13	   8.0000000000000000e+00	
   6.0899999999999999e+00	   3.2929214910382143e-13	   8.0000000000000000e+00	
   6.0999999999999996e+00	   3.5860203695392556e-13	   8.0000000000000000e+00	
   6.1099999999999994e+00	   3.8813396940895473e-13	   8.0000000000000000e+00	
   6.1200000000000001e+00	   4.2055248172800930e-13	   8.0000000000000000e+00	
   6.1299999999999999e+00	   4.5030645878796349e-13	   8.0000000000000000e+00	
   6.1399999999999997e+00	   4.7650772216911719e-13	   8.0000000000000000e+00	
   6.1500000000000004e+00	   5.0226489634042082e-13	   8.0000000000000000e+00	
   6.1600000000000001e+00	   5.2269299999352370e-13	   8.0000000000000000e+00	
   6.1699999999999999e+00	   5.4556359430080192e-13	   8.0000000000000000e+00	
   6.1799999999999997e+00	   5.7087667926225549e-13	   8.0000000000000000e+00	
   6.1899999999999995e+00	   5.9530158580400894e-13	   8.0000000000000000e+00	
   6.2000000000000002e+00	   6.1262106498816138e-13	   8.0000000000000000e+00	
   6.2100000000000000e+00	   6.2683191970336338e-13	   8.0000000000000000e+00	
   6.2199999999999998e+00	   6.3749006073976489e-13	   8.0000000000000000e+00	
   6.2300000000000004e+00	   6.5991656583719305e-13	   8.0000000000000000e+00	
   6.2400000000000002e+00	   6.7590377739179530e-13	   8.0000000000000000e+00	
   6.2500000000000000e+00	   6.8967054289714724e-13	   8.0000000000000000e+00	
   6.2599999999999998e+00	   6.9766414867444837e-13	   8.0000000000000000e+00	
   6.2699999999999996e+00	   7.0254912998279906e-13	   8.0000000000000000e+00	
   6.2800000000000002e+00	   7.1165295878472534e-13	   8.0000000000000000e+00	
   6.2900000000000000e+00	   7.2364336745067703e-13	   8.0000000000000000e+00	
   6.2999999999999998e+00	   7.3163697322797816e-13	   8.0000000000000000e+00	
   6.3100000000000005e+00	   7.3474559769692860e-13	   8.0000000000000000e+00	
   6.3200000000000003e+00	   7.3696604374617891e-13	   8.0000000000000000e+00	
   6.3300000000000001e+00	   7.3296924085752835e-13	   8.0000000000000000e+00	
   6.3399999999999999e+00	   7.3763217756095401e-13	   8.0000000000000000e+00	
   6.3499999999999996e+00	   7.4074080202990444e-13	   8.0000000000000000e+00	
   6.3599999999999994e+00	   7.4251715886930469e-13	   8.0000000000000000e+00	
   6.3700000000000001e+00	   7.3829831137572910e-13	   8.0000000000000000e+00	
   6.3799999999999999e+00	   7.2963857178365288e-13	   8.0000000000000000e+00	
   6.3899999999999997e+00	   7.2097883219157666e-13	   8.0000000000000000e+00	
   6.4000000000000004e+00	   7.2297723363590194e-13	   8.0000000000000000e+00	
   6.4100000000000001e+00	   7.1831429693247628e-13	   8.0000000000000000e+00	
   6.4199999999999999e+00	   7.1032069115517515e-13	   8.0000000000000000e+00	
   6.4299999999999997e+00	   6.9855232709414850e-13	   8.0000000000000000e+00	
   6.4399999999999995e+00	   6.8589578461342171e-13	   8.0000000000000000e+00	
   6.4500000000000002e+00	   6.7668093350903291e-13	   8.0000000000000000e+00	
   6.4600000000000000e+00	   6.6890937233665682e-13	   8.0000000000000000e+00	
   6.4699999999999998e+00	   6.5836225360271783e-13	   8.0000000000000000e+00	
   6.4800000000000004e+00	   6.4626082263430362e-13	   8.0000000000000000e+00	
   6.4900000000000002e+00	   6.2894134345015118e-13	   8.0000000000000000e+00	
   6.5099999999999998e+00	   6.0274008006899749e-13	   8.0000000000000000e+00	
   6.5199999999999996e+00	   5.9208193903259598e-13	   8.0000000000000000e+00	
   6.5300000000000002e+00	   5.7553961596568115e-13	   8.0000000000000000e+00	
   6.5400000000000000e+00	   5.5921933750369135e-13	   8.0000000000000000e+00	
   6.5499999999999998e+00	   5.4067861299245124e-13	   8.0000000000000000e+00	
   6.5600000000000005e+00	   5.2358117841322382e-13	   8.0000000000000000e+00	
   6.5700000000000003e+00	   5.0892623448817176e-13	   8.0000000000000000e+00	
   6.5800000000000001e+00	   4.9460435747050724e-13	   8.0000000000000000e+00	
   6.5899999999999999e+00	   4.7750692289127983e-13	   8.0000000000000000e+00	
   6.5999999999999996e+00	   4.5863313147265217e-13	   8.0000000000000000e+00	
   6.6099999999999994e+00	   4.3576253716537394e-13	   8.0000000000000000e+00	
   6.6200000000000001e+00	   4.2055248172800930e-13	   8.0000000000000000e+00	
   6.6299999999999999e+00	   4.0567549319803220e-13	   8.0000000000000000e+00	
   6.6399999999999997e+00	   3.8979930394589246e-13	   8.0000000000000000e+00	
   6.6500000000000004e+00	   3.6870506647801449e-13	   8.0000000000000000e+00	
   6.6600000000000001e+00	   3.5016434196677437e-13	   8.0000000000000000e+00	
   6.6699999999999999e+00	   3.3029134982598407e-13	   8.0000000000000000e+00	
   6.6799999999999997e+00	   3.1608049511078207e-13	   8.0000000000000000e+00	
   6.6899999999999995e+00	   2.9765079290200447e-13	   8.0000000000000000e+00	
   6.7000000000000002e+00	   2.8155255904493970e-13	   8.0000000000000000e+00	
   6.7100000000000000e+00	   2.6501023597802487e-13	   8.0000000000000000e+00	
   6.7199999999999998e+00	   2.4702462297909733e-13	   8.0000000000000000e+00	
   6.7300000000000004e+00	   2.2715163083830703e-13	   8.0000000000000000e+00	
   6.7400000000000002e+00	   2.1349588763541760e-13	   8.0000000000000000e+00	
   6.7500000000000000e+00	   1.9961809982760315e-13	   8.0000000000000000e+00	
   6.7599999999999998e+00	   1.8507417820501360e-13	   8.0000000000000000e+00	
   6.7699999999999996e+00	   1.7030821197749901e-13	   8.0000000000000000e+00	
   6.7800000000000002e+00	   1.5298873279334657e-13	   8.0000000000000000e+00	
   6.7900000000000000e+00	   1.3877787807814457e-13	   8.0000000000000000e+00	
   6.7999999999999998e+00	   1.2756462552943049e-13	   8.0000000000000000e+00	
   6.8100000000000005e+00	   1.1601830607332886e-13	   8.0000000000000000e+00	
   6.8200000000000003e+00	   1.0158540675320182e-13	   8.0000000000000000e+00	
   6.8300000000000001e+00	   9.0150109599562711e-14	   8.0000000000000000e+00	
   6.8399999999999999e+00	   7.9602990865623724e-14	   8.0000000000000000e+00	
   6.8499999999999996e+00	   6.9610983643997315e-14	   8.0000000000000000e+00	
   6.8599999999999994e+00	   5.7509552675583109e-14	   8.0000000000000000e+00	
   6.8700000000000001e+00	   5.0182080713057076e-14	   8.0000000000000000e+00	
   6.8799999999999999e+00	   4.2410519540680980e-14	   8.0000000000000000e+00	
   6.8899999999999997e+00	   3.6082248300317588e-14	   8.0000000000000000e+00	
   6.9000000000000004e+00	   2.6645352591003757e-14	   8.0000000000000000e+00	
   6.9100000000000001e+00	   2.1538326677728037e-14	   8.0000000000000000e+00	
   6.9199999999999999e+00	   1.6875389974302379e-14	   8.0000000000000000e+00	
   6.9299999999999997e+00	   1.3322676295501878e-14	   8.0000000000000000e+00	
   6.9399999999999995e+00	   7.7160500211448380e-15	   8.0000000000000000e+00	
   6.9500000000000002e+00	   6.6613381477509392e-15	   8.0000000000000000e+00	
   6.9600000000000000e+00	   6.8833827526759706e-15	   8.0000000000000000e+00	
   6.9699999999999998e+00	   6.8833827526759706e-15	   8.0000000000000000e+00	
   6.9800000000000004e+00	   4.1078251911130792e-15	   8.0000000000000000e+00	
   6.9900000000000002e+00	   3.2196467714129540e-15	   8.0000000000000000e+00	
   7.0000000000000000e+00	   1.9984014443252818e-15	   1.0000000000000000e+00	
   7.0099999999999998e+00	   2.3869795029440866e-14	   8.0000000000000000e+00	
   7.0199999999999996e+00	   4.5630166312093934e-14	   8.0000000000000000e+00	
   7.0300000000000002e+00	   6.8500760619372159e-14	   8.0000000000000000e+00	
   7.0400000000000000e+00	   9.1149310321725352e-14	   8.0000000000000000e+00	
   7.0499999999999998e+00	   1.1246559239452836e-13	   8.0000000000000000e+00	
   7.0599999999999996e+00	   1.3422596367718143e-13	   8.0000000000000000e+00	
   7.0700000000000003e+00	   1.5987211554602254e-13	   8.0000000000000000e+00	
   7.0800000000000001e+00	   1.8207657603852567e-13	   8.0000000000000000e+00	
   7.0899999999999999e+00	   2.0383694732117874e-13	   8.0000000000000000e+00	
   7.0999999999999996e+00	   2.2559731860383181e-13	   8.0000000000000000e+00	
   7.1100000000000003e+00	   2.4868995751603507e-13	   8.0000000000000000e+00	
   7.1200000000000001e+00	   2.6956215037898801e-13	   8.0000000000000000e+00	
   7.1299999999999999e+00	   2.9221070008134120e-13	   8.0000000000000000e+00	
   7.1399999999999997e+00	   3.1308289294429414e-13	   8.0000000000000000e+00	
   7.1500000000000004e+00	   3.3706371027619753e-13	   8.0000000000000000e+00	
   7.1600000000000001e+00	   3.5527136788005009e-13	   8.0000000000000000e+00	
   7.1699999999999999e+00	   3.7192471324942744e-13	   8.0000000000000000e+00	
   7.1799999999999997e+00	   3.9501735216163070e-13	   8.0000000000000000e+00	
   7.1899999999999995e+00	   4.1899816949353408e-13	   8.0000000000000000e+00	
   7.2000000000000002e+00	   4.3853809472693683e-13	   8.0000000000000000e+00	
   7.2100000000000000e+00	   4.5496939549138915e-13	   8.0000000000000000e+00	
   7.2199999999999998e+00	   4.7051251783614134e-13	   8.0000000000000000e+00	
   7.2300000000000004e+00	   4.8938630925476900e-13	   8.0000000000000000e+00	
   7.2400000000000002e+00	   5.0937032369802182e-13	   8.0000000000000000e+00	
   7.2500000000000000e+00	   5.2757798130187439e-13	   8.0000000000000000e+00	
   7.2599999999999998e+00	   5.4267701443677652e-13	   8.0000000000000000e+00	
   7.2699999999999996e+00	   5.5555560152242833e-13	   8.0000000000000000e+00	
   7.2800000000000002e+00	   5.6754601018838002e-13	   8.0000000000000000e+00	
   7.2900000000000000e+00	   5.8597571239715762e-13	   8.0000000000000000e+00	
   7.2999999999999998e+00	   6.0151883474190981e-13	   8.0000000000000000e+00	
   7.3099999999999996e+00	   6.1484151103741169e-13	   8.0000000000000000e+00	
   7.3200000000000003e+00	   6.2838623193783860e-13	   8.0000000000000000e+00	
   7.3300000000000001e+00	   6.3549165929543960e-13	   8.0000000000000000e+00	
   7.3399999999999999e+00	   6.4659388954169117e-13	   8.0000000000000000e+00	
   7.3499999999999996e+00	   6.6080474425689317e-13	   8.0000000000000000e+00	
   7.3600000000000003e+00	   6.7590377739179530e-13	   8.0000000000000000e+00	
   7.3700000000000001e+00	   6.8345329395924637e-13	   8.0000000000000000e+00	
   7.3799999999999999e+00	   6.8833827526759706e-13	   8.0000000000000000e+00	
   7.3899999999999997e+00	   6.8922645368729718e-13	   8.0000000000000000e+00	
   7.4000000000000004e+00	   7.0476957603204937e-13	   8.0000000000000000e+00	
   7.4100000000000001e+00	   7.1431749404382572e-13	   8.0000000000000000e+00	
   7.4199999999999999e+00	   7.1986860916695150e-13	   8.0000000000000000e+00	
   7.4299999999999997e+00	   7.2231109982112685e-13	   8.0000000000000000e+00	
   7.4399999999999995e+00	   7.2386541205560206e-13	   8.0000000000000000e+00	
   7.4500000000000002e+00	   7.2697403652455250e-13	   8.0000000000000000e+00	
   7.4600000000000000e+00	   7.3374639697476596e-13	   8.0000000000000000e+00	
   7.4699999999999998e+00	   7.3774319986341652e-13	   8.0000000000000000e+00	
   7.4800000000000004e+00	   7.4018569051759187e-13	   8.0000000000000000e+00	
   7.4900000000000002e+00	   7.3607786532647879e-13	   8.0000000000000000e+00	
   7.5099999999999998e+00	   7.3685502144371640e-13	   8.0000000000000000e+00	
   7.5199999999999996e+00	   7.4040773512251690e-13	   8.0000000000000000e+00	
   7.5300000000000002e+00	   7.3752115525849149e-13	   8.0000000000000000e+00	
   7.5400000000000000e+00	   7.3285821855506583e-13	   8.0000000000000000e+00	
   7.5499999999999998e+00	   7.2553074659253980e-13	   8.0000000000000000e+00	
   7.5599999999999996e+00	   7.2120087679650169e-13	   8.0000000000000000e+00	
   7.5700000000000003e+00	   7.2009065377187653e-13	   8.0000000000000000e+00	
   7.5800000000000001e+00	   7.1720407390785113e-13	   8.0000000000000000e+00	
   7.5899999999999999e+00	   7.1054273576010019e-13	   8.0000000000000000e+00	
   7.5999999999999996e+00	   7.0010663932862371e-13	   8.0000000000000000e+00	
   7.6100000000000003e+00	   6.8434147237894649e-13	   8.0000000000000000e+00	
   7.6200000000000001e+00	   6.8300920474939630e-13	   8.0000000000000000e+00	
   7.6299999999999999e+00	   6.7701400041642046e-13	   8.0000000000000000e+00	
   7.6399999999999997e+00	   6.6924243924404436e-13	   8.0000000000000000e+00	
   7.6500000000000004e+00	   6.5458749531899230e-13	   8.0000000000000000e+00	
   7.6600000000000001e+00	   6.3926641757916514e-13	   8.0000000000000000e+00	
   7.6699999999999999e+00	   6.2772009812306351e-13	   8.0000000000000000e+00	
   7.6799999999999997e+00	   6.2061467076546251e-13	   8.0000000000000000e+00	
   7.6900000000000004e+00	   6.0706994986503560e-13	   8.0000000000000000e+00	
   7.7000000000000002e+00	   5.9308113975475862e-13	   8.0000000000000000e+00	
   7.7100000000000000e+00	   5.7731597280508140e-13	   8.0000000000000000e+00	
   7.7199999999999998e+00	   5.5888627059630380e-13	   8.0000000000000000e+00	
   7.7300000000000004e+00	   5.4667381732542708e-13	   8.0000000000000000e+00	
   7.7400000000000002e+00	   5.3379523023977526e-13	   8.0000000000000000e+00	
   7.7500000000000000e+00	   5.1869619710487314e-13	   8.0000000000000000e+00	
   7.7599999999999998e+00	   5.0048853950102057e-13	   8.0000000000000000e+00	
   7.7699999999999996e+00	   4.8072656966269278e-13	   8.0000000000000000e+00	
   7.7800000000000002e+00	   4.6229686745391518e-13	   8.0000000000000000e+00	
   7.7900000000000000e+00	   4.4741987892393809e-13	   8.0000000000000000e+00	
   7.7999999999999998e+00	   4.3076653355456074e-13	   8.0000000000000000e+00	
   7.8099999999999996e+00	   4.1144865292608301e-13	   8.0000000000000000e+00	
   7.8200000000000003e+00	   3.8835601401387976e-13	   8.0000000000000000e+00	
   7.8300000000000001e+00	   3.6570746431152656e-13	   8.0000000000000000e+00	
   7.8399999999999999e+00	   3.4927616354707425e-13	   8.0000000000000000e+00	
   7.8499999999999996e+00	   3.3084646133829665e-13	   8.0000000000000000e+00	
   7.8600000000000003e+00	   3.0841995624086849e-13	   8.0000000000000000e+00	
   7.8700000000000001e+00	   2.8732571877299051e-13	   8.0000000000000000e+00	
   7.8799999999999999e+00	   2.6467716907063732e-13	   8.0000000000000000e+00	
   7.8899999999999997e+00	   2.4424906541753444e-13	   8.0000000000000000e+00	
   7.9000000000000004e+00	   2.2248869413488137e-13	   8.0000000000000000e+00	
   7.9100000000000001e+00	   2.0161650127192843e-13	   8.0000000000000000e+00	
   7.9199999999999999e+00	   1.8030021919912542e-13	   8.0000000000000000e+00	
   7.9299999999999997e+00	   1.5787371410169726e-13	   8.0000000000000000e+00	
   7.9400000000000004e+00	   1.3278267374516872e-13	   8.0000000000000000e+00	
   7.9500000000000002e+00	   1.1191048088221578e-13	   8.0000000000000000e+00	
   7.9600000000000000e+00	   9.0927265716800321e-14	   8.0000000000000000e+00	
   7.9699999999999998e+00	   6.8833827526759706e-14	   8.0000000000000000e+00	
   7.9800000000000004e+00	   4.4630965589931293e-14	   8.0000000000000000e+00	
   7.9900000000000002e+00	   2.3092638912203256e-14	   8.0000000000000000e+00	
   8.0000000000000000e+00	   2.2204460492503131e-15	   1.0000000000000000e+00	
