   5.1000000000000001e-01	   3.4479746191211245e+00	   3.0000000000000000e+00	
   5.2000000000000002e-01	   3.3093051888892653e+00	   8.0000000000000000e+00	
   5.3000000000000003e-01	   1.5059356835703286e+00	   1.0000000000000000e+00	
   5.4000000000000004e-01	   1.6499617409174541e+00	   1.0000000000000000e+00	
   5.5000000000000004e-01	   1.7982430988531675e+00	   1.0000000000000000e+00	
   5.6000000000000005e-01	   1.7913285987093146e+00	   1.0000000000000000e+00	
   5.7000000000000006e-01	   1.5953744655473181e+00	   1.0000000000000000e+00	
   5.7999999999999996e-01	   1.4161346250226974e+00	   1.0000000000000000e+00	
   5.8999999999999997e-01	   1.4797284178158441e+00	   1.0000000000000000e+00	
   5.9999999999999998e-01	   1.6098244392189307e+00	   1.0000000000000000e+00	
   6.0999999999999999e-01	   1.7426394737895783e+00	   1.0000000000000000e+00	
   6.2000000000000000e-01	   1.5967162469228502e+00	   1.0000000000000000e+00	
   6.3000000000000000e-01	   1.4274393416658349e+00	   1.0000000000000000e+00	
   6.4000000000000001e-01	   1.3260235666395928e+00	   1.0000000000000000e+00	
   6.5000000000000002e-01	   1.4412527433065812e+00	   1.0000000000000000e+00	
   6.6000000000000003e-01	   1.5584047612046326e+00	   1.0000000000000000e+00	
   6.7000000000000004e-01	   1.5831191238198090e+00	   1.0000000000000000e+00	
   6.7999999999999994e-01	   1.4238038625869818e+00	   1.0000000000000000e+00	
   6.8999999999999995e-01	   1.2760353984045696e+00	   1.0000000000000000e+00	
   6.9999999999999996e-01	   1.2890643868001281e+00	   1.0000000000000000e+00	
   7.0999999999999996e-01	   1.3931951626155481e+00	   1.0000000000000000e+00	
   7.1999999999999997e-01	   1.4983443807179384e+00	   1.0000000000000000e+00	
   7.2999999999999998e-01	   1.4078086266876255e+00	   1.0000000000000000e+00	
   7.3999999999999999e-01	   1.2684993229354067e+00	   1.0000000000000000e+00	
   7.5000000000000000e-01	   1.1508390969312194e+00	   1.0000000000000000e+00	
   7.6000000000000001e-01	   1.2439451070520242e+00	   1.0000000000000000e+00	
   7.7000000000000002e-01	   1.3376391718125653e+00	   1.0000000000000000e+00	
   7.8000000000000003e-01	   1.3815433006565443e+00	   1.0000000000000000e+00	
   7.9000000000000004e-01	   1.2506244244930227e+00	   1.0000000000000000e+00	
   8.0000000000000004e-01	   1.1280078958694086e+00	   1.0000000000000000e+00	
   8.1000000000000005e-01	   1.1084498407670924e+00	   1.0000000000000000e+00	
   8.2000000000000006e-01	   1.1923251914987396e+00	   1.0000000000000000e+00	
   8.3000000000000007e-01	   1.2762247683499319e+00	   1.0000000000000000e+00	
   8.4000000000000008e-01	   1.2240452766871293e+00	   1.0000000000000000e+00	
   8.5000000000000009e-01	   1.1087614751897064e+00	   1.0000000000000000e+00	
   8.5999999999999999e-01	   1.0003445696165698e+00	   1.0000000000000000e+00	
   8.7000000000000000e-01	   1.0604161846993270e+00	   1.0000000000000000e+00	
   8.8000000000000000e-01	   1.1355469240688700e+00	   1.0000000000000000e+00	
   8.9000000000000001e-01	   1.1901317165639926e+00	   1.0000000000000000e+00	
   9.0000000000000002e-01	   1.0820846052710285e+00	   1.0000000000000000e+00	
   9.1000000000000003e-01	   9.8018892233468113e-01	   1.0000000000000000e+00	
   9.1999999999999993e-01	   9.4040566151701399e-01	   1.0000000000000000e+00	
   9.2999999999999994e-01	   1.0078445372644682e+00	   1.0000000000000000e+00	
   9.3999999999999995e-01	   1.0747121138852369e+00	   1.0000000000000000e+00	
   9.4999999999999996e-01	   1.0490904770801197e+00	   1.0000000000000000e+00	
   9.5999999999999996e-01	   9.5364810795234001e-01	   1.0000000000000000e+00	
   9.6999999999999997e-01	   8.6338769223878598e-01	   1.0000000000000000e+00	
   9.7999999999999998e-01	   8.9173864746720843e-01	   1.0000000000000000e+00	
   9.8999999999999999e-01	   9.5166394210938554e-01	   1.0000000000000000e+00	
   1.0000000000000000e+00	   1.0107404426990190e+00	   1.0000000000000000e+00	
   1.0100000000000000e+00	   4.0823711139844328e+00	   8.0000000000000000e+00	
   1.0200000000000000e+00	   4.0923432471801888e+00	   8.0000000000000000e+00	
   1.0300000000000000e+00	   4.1040474455969722e+00	   8.0000000000000000e+00	
   1.0400000000000000e+00	   4.1175693944181813e+00	   8.0000000000000000e+00	
   1.0500000000000000e+00	   4.1330060411310026e+00	   8.0000000000000000e+00	
   1.0600000000000001e+00	   4.1504663365303793e+00	   8.0000000000000000e+00	
   1.0700000000000001e+00	   4.1700720824306661e+00	   8.0000000000000000e+00	
   1.0800000000000001e+00	   4.1919588917440729e+00	   8.0000000000000000e+00	
   1.0899999999999999e+00	   4.2162772672404554e+00	   8.0000000000000000e+00	
   1.1000000000000001e+00	   4.2431938057943306e+00	   8.0000000000000000e+00	
   1.1099999999999999e+00	   4.2728925351999543e+00	   8.0000000000000000e+00	
   1.1200000000000001e+00	   4.3055763906197413e+00	   8.0000000000000000e+00	
   1.1299999999999999e+00	   4.3414688373230454e+00	   8.0000000000000000e+00	
   1.1400000000000001e+00	   4.3808156454341427e+00	   8.0000000000000000e+00	
   1.1499999999999999e+00	   4.4238868207563993e+00	   8.0000000000000000e+00	
   1.1600000000000001e+00	   4.4709786931334143e+00	   8.0000000000000000e+00	
   1.1699999999999999e+00	   4.5224161599314971e+00	   8.0000000000000000e+00	
   1.1800000000000002e+00	   4.5785550803898918e+00	   8.0000000000000000e+00	
   1.1899999999999999e+00	   6.0725051225060533e-01	   1.0000000000000000e+00	
   1.2000000000000002e+00	   6.0002119920007779e-01	   1.0000000000000000e+00	
   1.2100000000000000e+00	   6.3634287930732925e-01	   1.0000000000000000e+00	
   1.2200000000000000e+00	   6.7145363912352629e-01	   1.0000000000000000e+00	
   1.2300000000000000e+00	   6.3215665200412563e-01	   1.0000000000000000e+00	
   1.2400000000000000e+00	   5.7562420673646397e-01	   1.0000000000000000e+00	
   1.2500000000000000e+00	   5.3712933984685762e-01	   1.0000000000000000e+00	
   1.2600000000000000e+00	   5.5238919379176810e-01	   1.0000000000000000e+00	
   1.2700000000000000e+00	   5.8327662135092229e-01	   1.0000000000000000e+00	
   1.2800000000000000e+00	   5.9331914427477528e-01	   1.0000000000000000e+00	
   1.2900000000000000e+00	   5.4136667535365202e-01	   1.0000000000000000e+00	
   1.3000000000000000e+00	   4.9446489531764526e-01	   1.0000000000000000e+00	
   1.3100000000000001e+00	   4.8365134429377166e-01	   1.0000000000000000e+00	
   1.3200000000000001e+00	   5.0365039724821914e-01	   1.0000000000000000e+00	
   1.3300000000000001e+00	   5.2943936738397346e-01	   1.0000000000000000e+00	
   1.3399999999999999e+00	   5.0492823995504255e-01	   1.0000000000000000e+00	
   1.3500000000000001e+00	   4.5966315002159730e-01	   1.0000000000000000e+00	
   1.3599999999999999e+00	   4.4125167046904590e-01	   1.0000000000000000e+00	
   1.3700000000000001e+00	   4.3231214344403435e-01	   1.0000000000000000e+00	
   1.3799999999999999e+00	   4.5422940139681467e-01	   1.0000000000000000e+00	
   1.3900000000000001e+00	   4.6673169415466687e-01	   1.0000000000000000e+00	
   1.3999999999999999e+00	   4.2554929821926502e-01	   1.0000000000000000e+00	
   1.4100000000000001e+00	   3.9886893563136772e-01	   1.0000000000000000e+00	
   1.4199999999999999e+00	   3.8865670770351257e-01	   1.0000000000000000e+00	
   1.4300000000000002e+00	   3.8665383654017416e-01	   1.0000000000000000e+00	
   1.4399999999999999e+00	   4.0452147465359833e-01	   1.0000000000000000e+00	
   1.4500000000000002e+00	   3.8992120388135354e-01	   1.0000000000000000e+00	
   1.4600000000000000e+00	   3.5689266997335434e-01	   1.0000000000000000e+00	
   1.4700000000000000e+00	   3.4735545250485234e-01	   1.0000000000000000e+00	
   1.4800000000000000e+00	   3.3878903752808687e-01	   1.0000000000000000e+00	
   1.4900000000000000e+00	   3.4110470051615582e-01	   1.0000000000000000e+00	
   1.5100000000000000e+00	   1.8063991899386567e-02	   1.0000000000000000e+00	
   1.5200000000000000e+00	   1.7654327101198630e-02	   1.0000000000000000e+00	
   1.5300000000000000e+00	   1.7398379143029441e-02	   1.0000000000000000e+00	
   1.5400000000000000e+00	   1.7063112649916112e-02	   1.0000000000000000e+00	
   1.5500000000000000e+00	   1.6689884740319849e-02	   1.0000000000000000e+00	
   1.5600000000000001e+00	   1.6228612238900153e-02	   1.0000000000000000e+00	
   1.5700000000000001e+00	   1.5763276198575982e-02	   1.0000000000000000e+00	
   1.5800000000000001e+00	   1.5472591029253246e-02	   1.0000000000000000e+00	
   1.5900000000000001e+00	   1.5138382343238721e-02	   1.0000000000000000e+00	
   1.6000000000000001e+00	   1.4741034874558689e-02	   1.0000000000000000e+00	
   1.6100000000000001e+00	   1.4268215867045964e-02	   1.0000000000000000e+00	
   1.6200000000000001e+00	   1.3771199579390214e-02	   1.0000000000000000e+00	
   1.6300000000000001e+00	   1.3474544387862664e-02	   1.0000000000000000e+00	
   1.6400000000000001e+00	   1.3133789658145267e-02	   1.0000000000000000e+00	
   1.6500000000000001e+00	   1.2723609845834871e-02	   1.0000000000000000e+00	
   1.6599999999999999e+00	   1.2250400645499648e-02	   1.0000000000000000e+00	
   1.6699999999999999e+00	   1.1755771142861193e-02	   1.0000000000000000e+00	
   1.6799999999999999e+00	   1.1462915671646923e-02	   1.0000000000000000e+00	
   1.6899999999999999e+00	   1.1106727813440354e-02	   1.0000000000000000e+00	
   1.7000000000000000e+00	   1.0693275515149758e-02	   1.0000000000000000e+00	
   1.7100000000000000e+00	   1.0128630416164852e-02	   2.0000000000000000e+00	
   1.7200000000000000e+00	   9.4800334647888729e-03	   2.0000000000000000e+00	
   1.7300000000000000e+00	   8.8222101371907558e-03	   2.0000000000000000e+00	
   1.7400000000000000e+00	   8.1619876604748232e-03	   2.0000000000000000e+00	
   1.7500000000000000e+00	   7.5901820005098708e-03	   2.0000000000000000e+00	
   1.7600000000000000e+00	   7.0977483361255311e-03	   2.0000000000000000e+00	
   1.7700000000000000e+00	   6.5961294146689164e-03	   2.0000000000000000e+00	
   1.7800000000000000e+00	   6.0910474884333654e-03	   2.0000000000000000e+00	
   1.7900000000000000e+00	   5.5877717278148831e-03	   2.0000000000000000e+00	
   1.8000000000000000e+00	   5.0984117075243418e-03	   2.0000000000000000e+00	
   1.8100000000000001e+00	   4.7177573973380404e-03	   2.0000000000000000e+00	
   1.8200000000000001e+00	   4.3335067739413979e-03	   2.0000000000000000e+00	
   1.8300000000000001e+00	   3.9501606692455837e-03	   2.0000000000000000e+00	
   1.8400000000000001e+00	   3.5718153277781717e-03	   2.0000000000000000e+00	
   1.8500000000000001e+00	   3.2021556636214754e-03	   2.0000000000000000e+00	
   1.8600000000000001e+00	   2.8877831232634321e-03	   2.0000000000000000e+00	
   1.8700000000000001e+00	   2.5986213633815147e-03	   2.0000000000000000e+00	
   1.8800000000000001e+00	   2.3136811115151978e-03	   2.0000000000000000e+00	
   1.8900000000000001e+00	   2.0360604223710332e-03	   2.0000000000000000e+00	
   1.9000000000000001e+00	   1.7684962205217758e-03	   2.0000000000000000e+00	
   1.9099999999999999e+00	   1.5237036875446197e-03	   2.0000000000000000e+00	
   1.9199999999999999e+00	   1.3112562522537008e-03	   2.0000000000000000e+00	
   1.9299999999999999e+00	   1.1054116181312690e-03	   2.0000000000000000e+00	
   1.9399999999999999e+00	   9.0842617164788031e-04	   2.0000000000000000e+00	
   1.9500000000000000e+00	   7.2224201495862950e-04	   2.0000000000000000e+00	
   1.9600000000000000e+00	   5.4849070995088844e-04	   2.0000000000000000e+00	
   1.9700000000000000e+00	   3.9738953979151503e-04	   2.0000000000000000e+00	
   1.9800000000000000e+00	   2.5478128505218578e-04	   2.0000000000000000e+00	
   1.9900000000000000e+00	   1.2189037936138902e-04	   2.0000000000000000e+00	
   2.0000000000000000e+00	   1.1102230246251565e-15	   1.0000000000000000e+00	
   2.0099999999999998e+00	   1.0987130689565916e-04	   2.0000000000000000e+00	
   2.0200000000000000e+00	   2.1045529393459717e-04	   2.0000000000000000e+00	
   2.0300000000000002e+00	   3.0276358451963858e-04	   2.0000000000000000e+00	
   2.0400000000000000e+00	   3.8508076629373278e-04	   2.0000000000000000e+00	
   2.0499999999999998e+00	   4.5666278877765087e-04	   2.0000000000000000e+00	
   2.0600000000000001e+00	   5.1698811621680996e-04	   2.0000000000000000e+00	
   2.0700000000000003e+00	   5.7303920188633839e-04	   2.0000000000000000e+00	
   2.0800000000000001e+00	   6.2554288791050183e-04	   2.0000000000000000e+00	
   2.0899999999999999e+00	   6.6827137366121114e-04	   2.0000000000000000e+00	
   2.1000000000000001e+00	   7.0091476865341562e-04	   2.0000000000000000e+00	
   2.1100000000000003e+00	   7.2334719200073394e-04	   2.0000000000000000e+00	
   2.1200000000000001e+00	   7.4438932058296103e-04	   2.0000000000000000e+00	
   2.1299999999999999e+00	   7.6557486380135487e-04	   2.0000000000000000e+00	
   2.1400000000000001e+00	   7.7759989579151423e-04	   2.0000000000000000e+00	
   2.1500000000000004e+00	   7.8049723983264485e-04	   2.0000000000000000e+00	
   2.1600000000000001e+00	   7.7444864369136113e-04	   2.0000000000000000e+00	
   2.1699999999999999e+00	   7.7190688437189792e-04	   2.0000000000000000e+00	
   2.1799999999999997e+00	   7.6863330174326006e-04	   2.0000000000000000e+00	
   2.1899999999999999e+00	   7.5712692505658374e-04	   2.0000000000000000e+00	
   2.2000000000000002e+00	   7.3768405763119382e-04	   2.0000000000000000e+00	
   2.2100000000000000e+00	   7.1128395292086033e-04	   2.0000000000000000e+00	
   2.2199999999999998e+00	   6.9657799010036658e-04	   2.0000000000000000e+00	
   2.2300000000000000e+00	   6.7440815003794174e-04	   2.0000000000000000e+00	
   2.2400000000000002e+00	   6.4516667457847898e-04	   2.0000000000000000e+00	
   2.2500000000000000e+00	   6.0934505463594579e-04	   2.0000000000000000e+00	
   2.2599999999999998e+00	   5.8347821345572370e-04	   2.0000000000000000e+00	
   2.2700000000000000e+00	   5.5326632354812944e-04	   2.0000000000000000e+00	
   2.2800000000000002e+00	   5.1674987601102451e-04	   2.0000000000000000e+00	
   2.2900000000000000e+00	   4.8000460679142876e-04	   2.0000000000000000e+00	
   2.2999999999999998e+00	   4.4965139783470498e-04	   2.0000000000000000e+00	
   2.3100000000000001e+00	   4.1316142398484246e-04	   2.0000000000000000e+00	
   2.3200000000000003e+00	   3.7891490617858459e-04	   2.0000000000000000e+00	
   2.3300000000000001e+00	   3.4886368315523164e-04	   2.0000000000000000e+00	
   2.3399999999999999e+00	   3.1661816352568373e-04	   2.0000000000000000e+00	
   2.3500000000000001e+00	   2.9346157559229091e-04	   2.0000000000000000e+00	
   2.3600000000000003e+00	   2.7276737324855027e-04	   2.0000000000000000e+00	
   2.3700000000000001e+00	   2.5678368224868464e-04	   2.0000000000000000e+00	
   2.3799999999999999e+00	   2.5416366956365621e-04	   2.0000000000000000e+00	
   2.3900000000000001e+00	   2.5791468164571008e-04	   2.0000000000000000e+00	
   2.4000000000000004e+00	   2.6722854512517547e-04	   2.0000000000000000e+00	
   2.4100000000000001e+00	   2.8709064349297098e-04	   2.0000000000000000e+00	
   2.4199999999999999e+00	   3.1155161225793204e-04	   2.0000000000000000e+00	
   2.4299999999999997e+00	   3.3815144945392728e-04	   2.0000000000000000e+00	
   2.4399999999999999e+00	   3.6970958487581029e-04	   2.0000000000000000e+00	
   2.4500000000000002e+00	   4.0272291193188536e-04	   2.0000000000000000e+00	
   2.4600000000000000e+00	   4.3113879448419823e-04	   2.0000000000000000e+00	
   2.4699999999999998e+00	   4.7020119527463322e-04	   2.0000000000000000e+00	
   2.4800000000000000e+00	   5.0368889797036687e-04	   2.0000000000000000e+00	
   2.4900000000000002e+00	   5.3120891424018879e-04	   2.0000000000000000e+00	
   2.5100000000000002e+00	   6.8068205336224707e-05	   3.0000000000000000e+00	
   2.5200000000000000e+00	   6.8381831542563276e-05	   3.0000000000000000e+00	
   2.5300000000000002e+00	   6.8292719934248680e-05	   3.0000000000000000e+00	
   2.5400000000000000e+00	   6.7805732701931021e-05	   3.0000000000000000e+00	
   2.5499999999999998e+00	   6.6929980423902080e-05	   3.0000000000000000e+00	
   2.5600000000000001e+00	   6.5741896649207376e-05	   3.0000000000000000e+00	
   2.5699999999999998e+00	   6.5597972375597280e-05	   3.0000000000000000e+00	
   2.5800000000000001e+00	   6.5073418420880103e-05	   3.0000000000000000e+00	
   2.5899999999999999e+00	   6.4179778548112409e-05	   3.0000000000000000e+00	
   2.6000000000000001e+00	   6.2932272598459349e-05	   3.0000000000000000e+00	
   2.6099999999999999e+00	   6.1349524481446593e-05	   3.0000000000000000e+00	
   2.6200000000000001e+00	   6.0394220507076213e-05	   3.0000000000000000e+00	
   2.6299999999999999e+00	   5.9520276326940902e-05	   3.0000000000000000e+00	
   2.6400000000000001e+00	   5.8315824992716259e-05	   3.0000000000000000e+00	
   2.6499999999999999e+00	   5.6800730729777982e-05	   3.0000000000000000e+00	
   2.6600000000000001e+00	   5.4997587532801262e-05	   3.0000000000000000e+00	
   2.6699999999999999e+00	   5.3380727519036775e-05	   3.0000000000000000e+00	
   2.6800000000000002e+00	   5.2243201186796817e-05	   3.0000000000000000e+00	
   2.6899999999999999e+00	   5.0820584404198677e-05	   3.0000000000000000e+00	
   2.7000000000000002e+00	   4.9135985551784778e-05	   3.0000000000000000e+00	
   2.7100000000000000e+00	   4.7214566464393037e-05	   3.0000000000000000e+00	
   2.7200000000000002e+00	   4.5169379766396567e-05	   3.0000000000000000e+00	
   2.7300000000000000e+00	   4.3849819529317990e-05	   3.0000000000000000e+00	
   2.7400000000000002e+00	   4.2294809136866895e-05	   3.0000000000000000e+00	
   2.7500000000000000e+00	   4.0529401810762700e-05	   3.0000000000000000e+00	
   2.7600000000000002e+00	   3.8580050402470256e-05	   3.0000000000000000e+00	
   2.7700000000000000e+00	   3.6474271225661603e-05	   3.0000000000000000e+00	
   2.7800000000000002e+00	   3.4908453645510207e-05	   3.0000000000000000e+00	
   2.7900000000000000e+00	   3.3298040479579072e-05	   3.0000000000000000e+00	
   2.8000000000000003e+00	   3.1529573463640048e-05	   3.0000000000000000e+00	
   2.8100000000000001e+00	   2.9629664690222768e-05	   3.0000000000000000e+00	
   2.8199999999999998e+00	   2.7625391057828352e-05	   3.0000000000000000e+00	
   2.8300000000000001e+00	   2.5922469147232619e-05	   3.0000000000000000e+00	
   2.8399999999999999e+00	   2.4324139229481290e-05	   3.0000000000000000e+00	
   2.8500000000000001e+00	   2.2023911770308047e-05	   4.0000000000000000e+00	
   2.8599999999999999e+00	   1.9099386451504330e-05	   4.0000000000000000e+00	
   2.8700000000000001e+00	   1.6691067036500584e-05	   4.0000000000000000e+00	
   2.8799999999999999e+00	   1.4485645468464980e-05	   4.0000000000000000e+00	
   2.8900000000000001e+00	   1.2421386724081884e-05	   4.0000000000000000e+00	
   2.8999999999999999e+00	   1.0509662131674702e-05	   4.0000000000000000e+00	
   2.9100000000000001e+00	   8.7579920049485338e-06	   4.0000000000000000e+00	
   2.9199999999999999e+00	   7.1979480404937846e-06	   4.0000000000000000e+00	
   2.9300000000000002e+00	   5.8964557940743845e-06	   4.0000000000000000e+00	
   2.9399999999999999e+00	   4.7061619181665293e-06	   4.0000000000000000e+00	
   2.9500000000000002e+00	   3.6319329879130891e-06	   4.0000000000000000e+00	
   2.9600000000000000e+00	   2.6759344502469418e-06	   4.0000000000000000e+00	
   2.9700000000000002e+00	   1.8379357793474327e-06	   4.0000000000000000e+00	
   2.9800000000000000e+00	   1.1268282329446322e-06	   4.0000000000000000e+00	
   2.9900000000000002e+00	   5.2087919177878916e-07	   4.0000000000000000e+00	
   3.0000000000000000e+00	   1.1102230246251565e-15	   1.0000000000000000e+00	
   3.0100000000000002e+00	   4.3705989138942414e-07	   4.0000000000000000e+00	
   3.0200000000000000e+00	   7.9311162370920840e-07	   4.0000000000000000e+00	
   3.0300000000000002e+00	   1.0722837289200982e-06	   4.0000000000000000e+00	
   3.0400000000000000e+00	   1.2957189647888612e-06	   4.0000000000000000e+00	
   3.0500000000000003e+00	   1.4687004561420025e-06	   4.0000000000000000e+00	
   3.0600000000000001e+00	   1.5859084605551743e-06	   4.0000000000000000e+00	
   3.0699999999999998e+00	   1.6514848557580564e-06	   4.0000000000000000e+00	
   3.0800000000000001e+00	   1.6703100580439667e-06	   4.0000000000000000e+00	
   3.0899999999999999e+00	   1.6478209146075784e-06	   4.0000000000000000e+00	
   3.1000000000000001e+00	   1.5963636272875448e-06	   4.0000000000000000e+00	
   3.1099999999999999e+00	   1.5335359599966125e-06	   4.0000000000000000e+00	
   3.1200000000000001e+00	   1.4420313898533266e-06	   4.0000000000000000e+00	
   3.1299999999999999e+00	   1.3267440039932410e-06	   4.0000000000000000e+00	
   3.1400000000000001e+00	   1.1927493404062517e-06	   4.0000000000000000e+00	
   3.1499999999999999e+00	   1.0451783594156439e-06	   4.0000000000000000e+00	
   3.1600000000000001e+00	   8.8910318885027095e-07	   4.0000000000000000e+00	
   3.1699999999999999e+00	   7.2943495754707044e-07	   4.0000000000000000e+00	
   3.1800000000000002e+00	   5.7083426341364429e-07	   4.0000000000000000e+00	
   3.1899999999999999e+00	   4.4088946804521356e-07	   4.0000000000000000e+00	
   3.2000000000000002e+00	   3.6415412796308999e-07	   4.0000000000000000e+00	
   3.2100000000000000e+00	   3.8894482701223865e-07	   4.0000000000000000e+00	
   3.2200000000000002e+00	   4.9930706413903181e-07	   4.0000000000000000e+00	
   3.2300000000000000e+00	   6.5514448976955464e-07	   4.0000000000000000e+00	
   3.2400000000000002e+00	   8.1779613481103297e-07	   4.0000000000000000e+00	
   3.2500000000000000e+00	   9.8392764513732800e-07	   4.0000000000000000e+00	
   3.2600000000000002e+00	   1.1501987420281523e-06	   4.0000000000000000e+00	
   3.2700000000000000e+00	   1.3133342235960299e-06	   4.0000000000000000e+00	
   3.2800000000000002e+00	   1.4701884838430601e-06	   4.0000000000000000e+00	
   3.2900000000000000e+00	   1.6178031079228106e-06	   4.0000000000000000e+00	
   3.3000000000000003e+00	   1.7534571110644492e-06	   4.0000000000000000e+00	
   3.3100000000000001e+00	   1.8747096510729477e-06	   4.0000000000000000e+00	
   3.3199999999999998e+00	   1.9794350141211225e-06	   4.0000000000000000e+00	
   3.3300000000000001e+00	   2.0995326530659497e-06	   4.0000000000000000e+00	
   3.3399999999999999e+00	   2.2099113174967044e-06	   4.0000000000000000e+00	
   3.3500000000000001e+00	   2.3035594565179451e-06	   4.0000000000000000e+00	
   3.3599999999999999e+00	   2.3789016743158697e-06	   4.0000000000000000e+00	
   3.3700000000000001e+00	   2.4347079055075938e-06	   4.0000000000000000e+00	
   3.3799999999999999e+00	   2.4701030070239938e-06	   4.0000000000000000e+00	
   3.3900000000000001e+00	   2.5307311368738539e-06	   4.0000000000000000e+00	
   3.3999999999999999e+00	   2.5789782520657667e-06	   4.0000000000000000e+00	
   3.4100000000000001e+00	   2.6072860197512426e-06	   4.0000000000000000e+00	
   3.4199999999999999e+00	   2.6152537622170513e-06	   4.0000000000000000e+00	
   3.4300000000000002e+00	   2.6028160851065962e-06	   4.0000000000000000e+00	
   3.4399999999999999e+00	   2.5896212143550201e-06	   4.0000000000000000e+00	
   3.4500000000000002e+00	   2.5946458377390513e-06	   4.0000000000000000e+00	
   3.4600000000000000e+00	   2.5799462592956957e-06	   4.0000000000000000e+00	
   3.4700000000000002e+00	   2.5458405807921025e-06	   4.0000000000000000e+00	
   3.4800000000000000e+00	   2.4929402768769648e-06	   4.0000000000000000e+00	
   3.4900000000000002e+00	   2.4257361057600235e-06	   4.0000000000000000e+00	
   3.5100000000000002e+00	   1.1165120117340166e-07	   5.0000000000000000e+00	
   3.5200000000000000e+00	   1.1639351726877578e-07	   5.0000000000000000e+00	
   3.5300000000000002e+00	   1.2037896990335639e-07	   5.0000000000000000e+00	
   3.5400000000000000e+00	   1.2353720002522550e-07	   5.0000000000000000e+00	
   3.5500000000000003e+00	   1.2763846002350476e-07	   5.0000000000000000e+00	
   3.5600000000000001e+00	   1.3219196715041903e-07	   5.0000000000000000e+00	
   3.5700000000000003e+00	   1.3588950431575597e-07	   5.0000000000000000e+00	
   3.5800000000000001e+00	   1.3867329506922488e-07	   5.0000000000000000e+00	
   3.5899999999999999e+00	   1.4049744789801366e-07	   5.0000000000000000e+00	
   3.6000000000000001e+00	   1.4341871823475572e-07	   5.0000000000000000e+00	
   3.6099999999999999e+00	   1.4666918901617976e-07	   5.0000000000000000e+00	
   3.6200000000000001e+00	   1.4894739619464303e-07	   5.0000000000000000e+00	
   3.6299999999999999e+00	   1.5022130872566208e-07	   5.0000000000000000e+00	
   3.6400000000000001e+00	   1.5047193557826688e-07	   5.0000000000000000e+00	
   3.6499999999999999e+00	   1.5139114184492541e-07	   5.0000000000000000e+00	
   3.6600000000000001e+00	   1.5308191980700769e-07	   5.0000000000000000e+00	
   3.6699999999999999e+00	   1.5374819661850836e-07	   5.0000000000000000e+00	
   3.6800000000000002e+00	   1.5338475933823759e-07	   5.0000000000000000e+00	
   3.6899999999999999e+00	   1.5199963421252960e-07	   5.0000000000000000e+00	
   3.7000000000000002e+00	   1.5046268520002570e-07	   5.0000000000000000e+00	
   3.7100000000000000e+00	   1.5049452195547985e-07	   5.0000000000000000e+00	
   3.7200000000000002e+00	   1.4951026694465241e-07	   5.0000000000000000e+00	
   3.7300000000000000e+00	   1.4753065913364338e-07	   5.0000000000000000e+00	
   3.7400000000000002e+00	   1.4458896724356407e-07	   5.0000000000000000e+00	
   3.7500000000000000e+00	   1.4073050935703435e-07	   5.0000000000000000e+00	
   3.7600000000000002e+00	   1.3894173411799216e-07	   5.0000000000000000e+00	
   3.7700000000000000e+00	   1.3638914919678058e-07	   5.0000000000000000e+00	
   3.7800000000000002e+00	   1.3292726930291821e-07	   5.0000000000000000e+00	
   3.7900000000000000e+00	   1.2861156295507215e-07	   5.0000000000000000e+00	
   3.8000000000000003e+00	   1.2350789657666894e-07	   5.0000000000000000e+00	
   3.8100000000000001e+00	   1.1926522280880647e-07	   5.0000000000000000e+00	
   3.8200000000000003e+00	   1.1531408650178321e-07	   5.0000000000000000e+00	
   3.8300000000000001e+00	   1.1058181370593445e-07	   5.0000000000000000e+00	
   3.8399999999999999e+00	   1.0514212012147084e-07	   5.0000000000000000e+00	
   3.8500000000000001e+00	   9.9077034798611407e-08	   5.0000000000000000e+00	
   3.8599999999999999e+00	   9.2914468341476208e-08	   5.0000000000000000e+00	
   3.8700000000000001e+00	   8.7457485697939319e-08	   6.0000000000000000e+00	
   3.8799999999999999e+00	   7.4322551224526023e-08	   6.0000000000000000e+00	
   3.8900000000000001e+00	   6.2377657705781075e-08	   6.0000000000000000e+00	
   3.8999999999999999e+00	   5.1631717568056956e-08	   6.0000000000000000e+00	
   3.9100000000000001e+00	   4.2070534611582389e-08	   6.0000000000000000e+00	
   3.9199999999999999e+00	   3.3827298073774159e-08	   6.0000000000000000e+00	
   3.9300000000000002e+00	   2.7071995090111045e-08	   6.0000000000000000e+00	
   3.9399999999999999e+00	   2.1096144164900466e-08	   6.0000000000000000e+00	
   3.9500000000000002e+00	   1.5885265769455259e-08	   6.0000000000000000e+00	
   3.9600000000000000e+00	   1.1411410705264302e-08	   6.0000000000000000e+00	
   3.9700000000000002e+00	   7.6358388501063246e-09	   6.0000000000000000e+00	
   3.9800000000000000e+00	   4.5726338271379063e-09	   6.0000000000000000e+00	
   3.9900000000000002e+00	   2.0567474390276175e-09	   6.0000000000000000e+00	
   4.0000000000000000e+00	   1.4432899320127035e-15	   2.0000000000000000e+00	
   4.0099999999999998e+00	   1.6290711002397984e-09	   6.0000000000000000e+00	
   4.0199999999999996e+00	   2.8671061080842719e-09	   6.0000000000000000e+00	
   4.0300000000000002e+00	   3.7542524644607056e-09	   6.0000000000000000e+00	
   4.0400000000000000e+00	   4.4254055975301299e-09	   6.0000000000000000e+00	
   4.0500000000000007e+00	   4.8488739690100147e-09	   6.0000000000000000e+00	
   4.0600000000000005e+00	   5.0518400573906774e-09	   6.0000000000000000e+00	
   4.0700000000000003e+00	   5.0648540916853335e-09	   6.0000000000000000e+00	
   4.0800000000000001e+00	   4.9190251871777946e-09	   6.0000000000000000e+00	
   4.0899999999999999e+00	   4.6736958747572999e-09	   6.0000000000000000e+00	
   4.0999999999999996e+00	   4.3909940128372682e-09	   6.0000000000000000e+00	
   4.1099999999999994e+00	   4.0202818851753364e-09	   6.0000000000000000e+00	
   4.1200000000000001e+00	   3.5842875334424207e-09	   6.0000000000000000e+00	
   4.1299999999999999e+00	   3.1048073001471721e-09	   6.0000000000000000e+00	
   4.1400000000000006e+00	   2.6021251819940971e-09	   6.0000000000000000e+00	
   4.1500000000000004e+00	   2.1132637861853709e-09	   6.0000000000000000e+00	
   4.1600000000000001e+00	   1.6428360893883109e-09	   6.0000000000000000e+00	
   4.1699999999999999e+00	   1.1778782393889742e-09	   6.0000000000000000e+00	
   4.1799999999999997e+00	   7.3156947166808095e-10	   6.0000000000000000e+00	
   4.1899999999999995e+00	   3.1518587739753912e-10	   6.0000000000000000e+00	
   4.2000000000000002e+00	   3.3882285865871609e-10	   6.0000000000000000e+00	
   4.2100000000000000e+00	   6.9064720609190999e-10	   6.0000000000000000e+00	
   4.2200000000000006e+00	   1.0031754316131014e-09	   6.0000000000000000e+00	
   4.2300000000000004e+00	   1.2704407525987449e-09	   6.0000000000000000e+00	
   4.2400000000000002e+00	   1.4883020371669886e-09	   6.0000000000000000e+00	
   4.2500000000000000e+00	   1.6544500214266122e-09	   6.0000000000000000e+00	
   4.2599999999999998e+00	   1.7683247088839948e-09	   6.0000000000000000e+00	
   4.2699999999999996e+00	   1.8477218644008531e-09	   6.0000000000000000e+00	
   4.2799999999999994e+00	   1.8901448184394098e-09	   6.0000000000000000e+00	
   4.2900000000000000e+00	   1.8848956839789821e-09	   6.0000000000000000e+00	
   4.2999999999999998e+00	   1.8344733510033961e-09	   6.0000000000000000e+00	
   4.3100000000000005e+00	   1.7426108334106516e-09	   6.0000000000000000e+00	
   4.3200000000000003e+00	   1.6141509240341634e-09	   6.0000000000000000e+00	
   4.3300000000000001e+00	   1.4548086069154920e-09	   6.0000000000000000e+00	
   4.3399999999999999e+00	   1.2710711372321271e-09	   6.0000000000000000e+00	
   4.3499999999999996e+00	   1.0699369168420958e-09	   6.0000000000000000e+00	
   4.3599999999999994e+00	   8.7266560644394531e-10	   6.0000000000000000e+00	
   4.3700000000000001e+00	   7.3829720115270447e-10	   6.0000000000000000e+00	
   4.3799999999999999e+00	   7.4984463083183073e-10	   6.0000000000000000e+00	
   4.3900000000000006e+00	   9.2633922754714604e-10	   6.0000000000000000e+00	
   4.4000000000000004e+00	   1.2110439318036015e-09	   6.0000000000000000e+00	
   4.4100000000000001e+00	   1.5293384336700910e-09	   6.0000000000000000e+00	
   4.4199999999999999e+00	   1.8701138415622154e-09	   6.0000000000000000e+00	
   4.4299999999999997e+00	   2.2276545053045993e-09	   6.0000000000000000e+00	
   4.4399999999999995e+00	   2.5957824778544136e-09	   6.0000000000000000e+00	
   4.4499999999999993e+00	   2.9679663171577886e-09	   6.0000000000000000e+00	
   4.4600000000000000e+00	   3.3375107122424197e-09	   6.0000000000000000e+00	
   4.4699999999999998e+00	   3.6976961492740656e-09	   6.0000000000000000e+00	
   4.4800000000000004e+00	   4.0418990376878128e-09	   6.0000000000000000e+00	
   4.4900000000000002e+00	   4.3637207181035365e-09	   6.0000000000000000e+00	
   4.5099999999999998e+00	   1.1088641116430153e-10	   7.0000000000000000e+00	
   4.5199999999999996e+00	   1.0303313757731303e-10	   7.0000000000000000e+00	
   4.5299999999999994e+00	   9.5861540927444366e-11	   7.0000000000000000e+00	
   4.5400000000000000e+00	   8.9401153147150580e-11	   7.0000000000000000e+00	
   4.5499999999999998e+00	   8.3641316095395268e-11	   7.0000000000000000e+00	
   4.5600000000000005e+00	   7.8545392412365800e-11	   7.0000000000000000e+00	
   4.5700000000000003e+00	   7.4062533883534343e-11	   7.0000000000000000e+00	
   4.5800000000000001e+00	   7.0143668651212465e-11	   7.0000000000000000e+00	
   4.5899999999999999e+00	   6.6697980471985829e-11	   7.0000000000000000e+00	
   4.5999999999999996e+00	   6.4037886104983954e-11	   7.0000000000000000e+00	
   4.6099999999999994e+00	   6.2094107633470230e-11	   7.0000000000000000e+00	
   4.6200000000000001e+00	   6.0439431237568897e-11	   7.0000000000000000e+00	
   4.6299999999999999e+00	   5.8986149298334567e-11	   7.0000000000000000e+00	
   4.6400000000000006e+00	   5.7628790628427851e-11	   7.0000000000000000e+00	
   4.6500000000000004e+00	   5.6419091620796280e-11	   7.0000000000000000e+00	
   4.6600000000000001e+00	   5.6438631546029683e-11	   7.0000000000000000e+00	
   4.6699999999999999e+00	   5.6383120394798425e-11	   7.0000000000000000e+00	
   4.6799999999999997e+00	   5.6170623707885170e-11	   7.0000000000000000e+00	
   4.6899999999999995e+00	   5.6721960461914023e-11	   7.0000000000000000e+00	
   4.6999999999999993e+00	   5.7737370440236191e-11	   7.0000000000000000e+00	
   4.7100000000000000e+00	   5.8440807748638690e-11	   7.0000000000000000e+00	
   4.7199999999999998e+00	   5.9449556388813107e-11	   7.0000000000000000e+00	
   4.7300000000000004e+00	   6.1209926016658756e-11	   7.0000000000000000e+00	
   4.7400000000000002e+00	   6.2540861378579393e-11	   7.0000000000000000e+00	
   4.7500000000000000e+00	   6.3360205970752759e-11	   7.0000000000000000e+00	
   4.7599999999999998e+00	   6.5516814196087125e-11	   7.0000000000000000e+00	
   4.7699999999999996e+00	   6.7130190295472403e-11	   7.0000000000000000e+00	
   4.7799999999999994e+00	   6.8123173768697143e-11	   7.0000000000000000e+00	
   4.7900000000000000e+00	   6.8914318696045029e-11	   7.0000000000000000e+00	
   4.7999999999999998e+00	   7.0468186841310398e-11	   7.0000000000000000e+00	
   4.8100000000000005e+00	   7.1314620875284618e-11	   7.0000000000000000e+00	
   4.8200000000000003e+00	   7.1424310910117583e-11	   7.0000000000000000e+00	
   4.8300000000000001e+00	   7.0860206591305541e-11	   7.0000000000000000e+00	
   4.8399999999999999e+00	   7.1236350152048544e-11	   7.0000000000000000e+00	
   4.8499999999999996e+00	   7.0812689045851585e-11	   7.0000000000000000e+00	
   4.8599999999999994e+00	   6.9570571525900959e-11	   7.0000000000000000e+00	
   4.8700000000000001e+00	   6.7533534320318722e-11	   7.0000000000000000e+00	
   4.8799999999999999e+00	   6.5406791094346772e-11	   7.0000000000000000e+00	
   4.8900000000000006e+00	   6.3313798648323427e-11	   7.0000000000000000e+00	
   4.9000000000000004e+00	   6.0363269938079611e-11	   7.0000000000000000e+00	
   4.9100000000000001e+00	   5.6611604293266282e-11	   7.0000000000000000e+00	
   4.9199999999999999e+00	   5.2098325653560096e-11	   7.0000000000000000e+00	
   4.9299999999999997e+00	   4.7493786681229722e-11	   7.0000000000000000e+00	
   4.9399999999999995e+00	   4.2575498682140278e-11	   7.0000000000000000e+00	
   4.9499999999999993e+00	   3.6884495457911726e-11	   7.0000000000000000e+00	
   4.9600000000000000e+00	   3.0493607638959475e-11	   7.0000000000000000e+00	
   4.9699999999999998e+00	   2.3492097156463387e-11	   7.0000000000000000e+00	
   4.9800000000000004e+00	   1.3558931755142112e-11	   8.0000000000000000e+00	
   4.9900000000000002e+00	   5.8100191324683692e-12	   8.0000000000000000e+00	
   5.0000000000000000e+00	   2.2204460492503131e-15	   1.0000000000000000e+00	
   5.0099999999999998e+00	   4.1007197637554782e-12	   8.0000000000000000e+00	
   5.0199999999999996e+00	   6.7363892242155998e-12	   8.0000000000000000e+00	
   5.0299999999999994e+00	   8.2467366269156628e-12	   8.0000000000000000e+00	
   5.0400000000000000e+00	   8.8562490674348737e-12	   8.0000000000000000e+00	
   5.0499999999999998e+00	   8.6570750568171206e-12	   8.0000000000000000e+00	
   5.0600000000000005e+00	   7.8106410228429013e-12	   8.0000000000000000e+00	
   5.0700000000000003e+00	   6.4799277055271887e-12	   8.0000000000000000e+00	
   5.0800000000000001e+00	   4.9527049128528233e-12	   8.0000000000000000e+00	
   5.0899999999999999e+00	   3.1508129438861943e-12	   8.0000000000000000e+00	
   5.0999999999999996e+00	   1.3596901382584292e-12	   8.0000000000000000e+00	
   5.1099999999999994e+00	   1.6537882174816332e-12	   8.0000000000000000e+00	
   5.1200000000000001e+00	   3.5633718198369024e-12	   8.0000000000000000e+00	
   5.1299999999999999e+00	   5.5626614425818843e-12	   8.0000000000000000e+00	
   5.1400000000000006e+00	   7.4629191715303023e-12	   8.0000000000000000e+00	
   5.1500000000000004e+00	   9.1799901014155694e-12	   8.0000000000000000e+00	
   5.1600000000000001e+00	   1.0728973265372588e-11	   8.0000000000000000e+00	
   5.1699999999999999e+00	   1.2245093827800702e-11	   8.0000000000000000e+00	
   5.1799999999999997e+00	   1.3526291198218132e-11	   8.0000000000000000e+00	
   5.1899999999999995e+00	   1.4560574967958928e-11	   8.0000000000000000e+00	
   5.1999999999999993e+00	   1.5331069747048787e-11	   8.0000000000000000e+00	
   5.2100000000000000e+00	   1.5841661316073896e-11	   8.0000000000000000e+00	
   5.2199999999999998e+00	   1.6430079519125229e-11	   8.0000000000000000e+00	
   5.2300000000000004e+00	   1.6782242262536329e-11	   8.0000000000000000e+00	
   5.2400000000000002e+00	   1.6894596832628395e-11	   8.0000000000000000e+00	
   5.2500000000000000e+00	   1.6780021816487078e-11	   8.0000000000000000e+00	
   5.2599999999999998e+00	   1.6460721674604883e-11	   8.0000000000000000e+00	
   5.2699999999999996e+00	   1.6033285810124198e-11	   8.0000000000000000e+00	
   5.2799999999999994e+00	   1.5674461728565348e-11	   8.0000000000000000e+00	
   5.2900000000000000e+00	   1.5140666498325572e-11	   8.0000000000000000e+00	
   5.2999999999999998e+00	   1.4464762720933777e-11	   8.0000000000000000e+00	
   5.3100000000000005e+00	   1.3671619392141565e-11	   8.0000000000000000e+00	
   5.3200000000000003e+00	   1.2792322756638441e-11	   8.0000000000000000e+00	
   5.3300000000000001e+00	   1.1835754598621406e-11	   8.0000000000000000e+00	
   5.3399999999999999e+00	   1.0963230323568496e-11	   8.0000000000000000e+00	
   5.3499999999999996e+00	   1.0080380974386571e-11	   8.0000000000000000e+00	
   5.3599999999999994e+00	   9.1664453805151425e-12	   8.0000000000000000e+00	
   5.3700000000000001e+00	   8.2311935045709106e-12	   8.0000000000000000e+00	
   5.3799999999999999e+00	   7.2977179854660790e-12	   8.0000000000000000e+00	
   5.3900000000000006e+00	   6.3935523542113515e-12	   8.0000000000000000e+00	
   5.4000000000000004e+00	   5.5386806252499809e-12	   8.0000000000000000e+00	
   5.4100000000000001e+00	   4.7313264417425671e-12	   8.0000000000000000e+00	
   5.4199999999999999e+00	   3.9910297289225127e-12	   8.0000000000000000e+00	
   5.4299999999999997e+00	   3.3275604494065192e-12	   8.0000000000000000e+00	
   5.4399999999999995e+00	   2.8260727091833360e-12	   8.0000000000000000e+00	
   5.4499999999999993e+00	   2.4641400031555349e-12	   8.0000000000000000e+00	
   5.4600000000000000e+00	   2.3351320876940918e-12	   8.0000000000000000e+00	
   5.4699999999999998e+00	   2.4018564914740637e-12	   8.0000000000000000e+00	
   5.4800000000000004e+00	   2.5757174171303632e-12	   8.0000000000000000e+00	
   5.4900000000000002e+00	   2.8106406091410463e-12	   8.0000000000000000e+00	
   5.5099999999999998e+00	   3.2389646520414317e-12	   8.0000000000000000e+00	
   5.5199999999999996e+00	   3.0095925751538743e-12	   8.0000000000000000e+00	
   5.5299999999999994e+00	   2.7861046802968303e-12	   8.0000000000000000e+00	
   5.5400000000000000e+00	   2.6169066913439565e-12	   8.0000000000000000e+00	
   5.5499999999999998e+00	   2.5360824551512451e-12	   8.0000000000000000e+00	
   5.5600000000000005e+00	   2.5153212845907547e-12	   8.0000000000000000e+00	
   5.5700000000000003e+00	   2.5501822875639846e-12	   8.0000000000000000e+00	
   5.5800000000000001e+00	   2.6547652964836743e-12	   8.0000000000000000e+00	
   5.5899999999999999e+00	   2.8410607200157756e-12	   8.0000000000000000e+00	
   5.5999999999999996e+00	   3.0107027981784995e-12	   8.0000000000000000e+00	
   5.6099999999999994e+00	   3.2456259901891826e-12	   8.0000000000000000e+00	
   5.6200000000000001e+00	   3.4465763576463360e-12	   8.0000000000000000e+00	
   5.6299999999999999e+00	   3.7096992144824981e-12	   8.0000000000000000e+00	
   5.6400000000000006e+00	   3.9437342280734811e-12	   8.0000000000000000e+00	
   5.6500000000000004e+00	   4.1202596889888810e-12	   8.0000000000000000e+00	
   5.6600000000000001e+00	   4.3782755199117673e-12	   8.0000000000000000e+00	
   5.6699999999999999e+00	   4.5998760356269486e-12	   8.0000000000000000e+00	
   5.6799999999999997e+00	   4.7710724260241477e-12	   8.0000000000000000e+00	
   5.6899999999999995e+00	   4.9220627573731690e-12	   8.0000000000000000e+00	
   5.6999999999999993e+00	   5.1223469910155472e-12	   8.0000000000000000e+00	
   5.7100000000000000e+00	   5.2782223036729192e-12	   8.0000000000000000e+00	
   5.7199999999999998e+00	   5.3865800708763345e-12	   8.0000000000000000e+00	
   5.7300000000000004e+00	   5.4364290846820040e-12	   8.0000000000000000e+00	
   5.7400000000000002e+00	   5.5749849181552236e-12	   8.0000000000000000e+00	
   5.7500000000000000e+00	   5.6642468493350862e-12	   8.0000000000000000e+00	
   5.7599999999999998e+00	   5.7042148782215918e-12	   8.0000000000000000e+00	
   5.7699999999999996e+00	   5.6877835774571395e-12	   8.0000000000000000e+00	
   5.7799999999999994e+00	   5.6626925371006109e-12	   8.0000000000000000e+00	
   5.7900000000000000e+00	   5.6817883731241636e-12	   8.0000000000000000e+00	
   5.7999999999999998e+00	   5.6533666636937596e-12	   8.0000000000000000e+00	
   5.8100000000000005e+00	   5.5725424275010482e-12	   8.0000000000000000e+00	
   5.8200000000000003e+00	   5.4335425048179786e-12	   8.0000000000000000e+00	
   5.8300000000000001e+00	   5.3135273958559992e-12	   8.0000000000000000e+00	
   5.8399999999999999e+00	   5.2144955020594352e-12	   8.0000000000000000e+00	
   5.8499999999999996e+00	   5.0643933491301141e-12	   8.0000000000000000e+00	
   5.8599999999999994e+00	   4.8574477773399849e-12	   8.0000000000000000e+00	
   5.8700000000000001e+00	   4.6185277824406512e-12	   8.0000000000000000e+00	
   5.8799999999999999e+00	   4.3778314307019173e-12	   8.0000000000000000e+00	
   5.8900000000000006e+00	   4.1562309149867360e-12	   8.0000000000000000e+00	
   5.9000000000000004e+00	   3.8840042293486476e-12	   8.0000000000000000e+00	
   5.9100000000000001e+00	   3.5798031206013547e-12	   8.0000000000000000e+00	
   5.9199999999999999e+00	   3.2440716779547074e-12	   8.0000000000000000e+00	
   5.9299999999999997e+00	   2.8845814625810817e-12	   8.0000000000000000e+00	
   5.9399999999999995e+00	   2.5421886817866834e-12	   8.0000000000000000e+00	
   5.9500000000000002e+00	   2.1700419239323310e-12	   8.0000000000000000e+00	
   5.9600000000000000e+00	   1.7721379919066749e-12	   8.0000000000000000e+00	
   5.9699999999999998e+00	   1.3506973317589654e-12	   8.0000000000000000e+00	
   5.9800000000000004e+00	   9.0105700678577705e-13	   8.0000000000000000e+00	
   5.9900000000000002e+00	   4.6274095666376525e-13	   8.0000000000000000e+00	
   6.0000000000000000e+00	   2.1094237467877974e-15	   1.0000000000000000e+00	
   6.0099999999999998e+00	   4.7917225742821756e-13	   8.0000000000000000e+00	
   6.0199999999999996e+00	   9.7077901273223688e-13	   8.0000000000000000e+00	
   6.0300000000000002e+00	   1.4757084443317581e-12	   8.0000000000000000e+00	
   6.0400000000000000e+00	   1.9897417047332056e-12	   8.0000000000000000e+00	
   6.0499999999999998e+00	   2.5295321393059567e-12	   8.0000000000000000e+00	
   6.0600000000000005e+00	   3.0777602688658590e-12	   8.0000000000000000e+00	
   6.0700000000000003e+00	   3.6277647552651615e-12	   8.0000000000000000e+00	
   6.0800000000000001e+00	   4.1604497624803116e-12	   8.0000000000000000e+00	
   6.0899999999999999e+00	   4.6926906804856117e-12	   8.0000000000000000e+00	
   6.0999999999999996e+00	   5.2939874706225964e-12	   8.0000000000000000e+00	
   6.1099999999999994e+00	   5.8952842607595812e-12	   8.0000000000000000e+00	
   6.1200000000000001e+00	   6.4672711630464619e-12	   8.0000000000000000e+00	
   6.1299999999999999e+00	   7.0172756494457644e-12	   8.0000000000000000e+00	
   6.1399999999999997e+00	   7.5293105084028866e-12	   8.0000000000000000e+00	
   6.1500000000000004e+00	   8.1563644727111750e-12	   8.0000000000000000e+00	
   6.1600000000000001e+00	   8.7765350542667875e-12	   8.0000000000000000e+00	
   6.1699999999999999e+00	   9.3618446328491700e-12	   8.0000000000000000e+00	
   6.1799999999999997e+00	   9.9080743609647470e-12	   8.0000000000000000e+00	
   6.1899999999999995e+00	   1.0412337658749493e-11	   8.0000000000000000e+00	
   6.2000000000000002e+00	   1.0951684004112394e-11	   8.0000000000000000e+00	
   6.2100000000000000e+00	   1.1578182856908370e-11	   8.0000000000000000e+00	
   6.2199999999999998e+00	   1.2162715279373515e-11	   8.0000000000000000e+00	
   6.2300000000000004e+00	   1.2694401085866502e-11	   8.0000000000000000e+00	
   6.2400000000000002e+00	   1.3160361689301681e-11	   8.0000000000000000e+00	
   6.2500000000000000e+00	   1.3549716904037723e-11	   8.0000000000000000e+00	
   6.2599999999999998e+00	   1.4171885887037661e-11	   8.0000000000000000e+00	
   6.2699999999999996e+00	   1.4728551711584714e-11	   8.0000000000000000e+00	
   6.2800000000000002e+00	   1.5230927630227598e-11	   8.0000000000000000e+00	
   6.2900000000000000e+00	   1.5644485706900468e-11	   8.0000000000000000e+00	
   6.2999999999999998e+00	   1.5974110922911677e-11	   8.0000000000000000e+00	
   6.3100000000000005e+00	   1.6418200132761740e-11	   8.0000000000000000e+00	
   6.3200000000000003e+00	   1.6948886738532565e-11	   8.0000000000000000e+00	
   6.3300000000000001e+00	   1.7390755502333377e-11	   8.0000000000000000e+00	
   6.3399999999999999e+00	   1.7737145086016426e-11	   8.0000000000000000e+00	
   6.3499999999999996e+00	   1.8001600210482138e-11	   8.0000000000000000e+00	
   6.3599999999999994e+00	   1.8223644815407170e-11	   8.0000000000000000e+00	
   6.3700000000000001e+00	   1.8692603021008836e-11	   8.0000000000000000e+00	
   6.3799999999999999e+00	   1.9070078849381389e-11	   8.0000000000000000e+00	
   6.3899999999999997e+00	   1.9348522783957378e-11	   8.0000000000000000e+00	
   6.4000000000000004e+00	   1.9541257501032305e-11	   8.0000000000000000e+00	
   6.4100000000000001e+00	   1.9619195157360991e-11	   8.0000000000000000e+00	
   6.4199999999999999e+00	   1.9890089575369529e-11	   8.0000000000000000e+00	
   6.4299999999999997e+00	   2.0197177263980848e-11	   8.0000000000000000e+00	
   6.4399999999999995e+00	   2.0408119638659628e-11	   8.0000000000000000e+00	
   6.4500000000000002e+00	   2.0506263354036491e-11	   8.0000000000000000e+00	
   6.4600000000000000e+00	   2.0497159525234565e-11	   8.0000000000000000e+00	
   6.4699999999999998e+00	   2.0491164320901589e-11	   8.0000000000000000e+00	
   6.4800000000000004e+00	   2.0727197735936898e-11	   8.0000000000000000e+00	
   6.4900000000000002e+00	   2.0844881376547164e-11	   8.0000000000000000e+00	
   6.5099999999999998e+00	   2.6895152771544417e-12	   8.0000000000000000e+00	
   6.5199999999999996e+00	   2.6850743850559411e-12	   8.0000000000000000e+00	
   6.5300000000000002e+00	   2.7342572650468355e-12	   8.0000000000000000e+00	
   6.5400000000000000e+00	   2.7720048478840909e-12	   8.0000000000000000e+00	
   6.5499999999999998e+00	   2.8368418725222000e-12	   8.0000000000000000e+00	
   6.5600000000000005e+00	   2.9101165921474603e-12	   8.0000000000000000e+00	
   6.5700000000000003e+00	   2.9449775951206902e-12	   8.0000000000000000e+00	
   6.5800000000000001e+00	   3.0520030946945553e-12	   8.0000000000000000e+00	
   6.5899999999999999e+00	   3.1332714200971168e-12	   8.0000000000000000e+00	
   6.5999999999999996e+00	   3.1925573296121001e-12	   8.0000000000000000e+00	
   6.6099999999999994e+00	   3.2915892234086641e-12	   8.0000000000000000e+00	
   6.6200000000000001e+00	   3.3728575488112256e-12	   8.0000000000000000e+00	
   6.6299999999999999e+00	   3.4208191834750323e-12	   8.0000000000000000e+00	
   6.6399999999999997e+00	   3.5145220067533955e-12	   8.0000000000000000e+00	
   6.6500000000000004e+00	   3.5873526371688058e-12	   8.0000000000000000e+00	
   6.6600000000000001e+00	   3.6390890301163381e-12	   8.0000000000000000e+00	
   6.6699999999999999e+00	   3.6657343827073419e-12	   8.0000000000000000e+00	
   6.6799999999999997e+00	   3.7481129311345285e-12	   8.0000000000000000e+00	
   6.6899999999999995e+00	   3.7903014060702844e-12	   8.0000000000000000e+00	
   6.7000000000000002e+00	   3.8122838219578625e-12	   8.0000000000000000e+00	
   6.7100000000000000e+00	   3.8022918147362361e-12	   8.0000000000000000e+00	
   6.7199999999999998e+00	   3.8524738954492932e-12	   8.0000000000000000e+00	
   6.7300000000000004e+00	   3.8649083933250949e-12	   8.0000000000000000e+00	
   6.7400000000000002e+00	   3.8578029659674939e-12	   8.0000000000000000e+00	
   6.7500000000000000e+00	   3.8167247140563632e-12	   8.0000000000000000e+00	
   6.7599999999999998e+00	   3.7961855881007978e-12	   8.0000000000000000e+00	
   6.7699999999999996e+00	   3.7840841571323836e-12	   8.0000000000000000e+00	
   6.7800000000000002e+00	   3.7394531915424523e-12	   8.0000000000000000e+00	
   6.7900000000000000e+00	   3.6697311855959924e-12	   8.0000000000000000e+00	
   6.7999999999999998e+00	   3.5781377860644170e-12	   8.0000000000000000e+00	
   6.8100000000000005e+00	   3.5207392556912964e-12	   8.0000000000000000e+00	
   6.8200000000000003e+00	   3.4399150194985850e-12	   8.0000000000000000e+00	
   6.8300000000000001e+00	   3.3429925494488089e-12	   8.0000000000000000e+00	
   6.8399999999999999e+00	   3.2183145037834038e-12	   8.0000000000000000e+00	
   6.8499999999999996e+00	   3.0720981314402707e-12	   8.0000000000000000e+00	
   6.8599999999999994e+00	   2.9547475577373916e-12	   8.0000000000000000e+00	
   6.8700000000000001e+00	   2.8250735084611733e-12	   8.0000000000000000e+00	
   6.8799999999999999e+00	   2.6714186418530517e-12	   8.0000000000000000e+00	
   6.8899999999999997e+00	   2.4942270471228767e-12	   8.0000000000000000e+00	
   6.9000000000000004e+00	   2.2890578321721478e-12	   8.0000000000000000e+00	
   6.9100000000000001e+00	   2.1240786907128495e-12	   8.0000000000000000e+00	
   6.9199999999999999e+00	   1.9366730441561231e-12	   8.0000000000000000e+00	
   6.9299999999999997e+00	   1.7286172493413687e-12	   8.0000000000000000e+00	
   6.9399999999999995e+00	   1.4983569940341113e-12	   8.0000000000000000e+00	
   6.9500000000000002e+00	   1.2621015343938780e-12	   8.0000000000000000e+00	
   6.9600000000000000e+00	   1.0358380819752711e-12	   8.0000000000000000e+00	
   6.9699999999999998e+00	   7.9669604247101233e-13	   8.0000000000000000e+00	
   6.9800000000000004e+00	   5.3002047195604973e-13	   8.0000000000000000e+00	
   6.9900000000000002e+00	   2.6778579353958776e-13	   8.0000000000000000e+00	
   7.0000000000000000e+00	   1.2212453270876722e-15	   2.0000000000000000e+00	
   7.0099999999999998e+00	   2.7333690866271354e-13	   8.0000000000000000e+00	
   7.0199999999999996e+00	   5.6332716269480443e-13	   8.0000000000000000e+00	
   7.0300000000000002e+00	   8.6819440525687241e-13	   8.0000000000000000e+00	
   7.0400000000000000e+00	   1.1646239528317892e-12	   8.0000000000000000e+00	
   7.0499999999999998e+00	   1.4619416788264061e-12	   8.0000000000000000e+00	
   7.0599999999999996e+00	   1.7703616350672746e-12	   8.0000000000000000e+00	
   7.0700000000000003e+00	   2.1078694345533222e-12	   8.0000000000000000e+00	
   7.0800000000000001e+00	   2.4378277174719187e-12	   8.0000000000000000e+00	
   7.0899999999999999e+00	   2.7646773759215648e-12	   8.0000000000000000e+00	
   7.0999999999999996e+00	   3.0757618674215337e-12	   8.0000000000000000e+00	
   7.1100000000000003e+00	   3.3990588121923793e-12	   8.0000000000000000e+00	
   7.1200000000000001e+00	   3.7621017412448055e-12	   8.0000000000000000e+00	
   7.1299999999999999e+00	   4.1215919566184311e-12	   8.0000000000000000e+00	
   7.1399999999999997e+00	   4.4622083805734292e-12	   8.0000000000000000e+00	
   7.1500000000000004e+00	   4.7983839124299266e-12	   8.0000000000000000e+00	
   7.1600000000000001e+00	   5.1030291103870695e-12	   8.0000000000000000e+00	
   7.1699999999999999e+00	   5.4793947157349976e-12	   8.0000000000000000e+00	
   7.1799999999999997e+00	   5.8542060088484504e-12	   8.0000000000000000e+00	
   7.1899999999999995e+00	   6.2170268932959516e-12	   8.0000000000000000e+00	
   7.2000000000000002e+00	   6.5443206409554477e-12	   8.0000000000000000e+00	
   7.2100000000000000e+00	   6.8414163223451396e-12	   8.0000000000000000e+00	
   7.2199999999999998e+00	   7.1872507945158759e-12	   8.0000000000000000e+00	
   7.2300000000000004e+00	   7.5807138344430314e-12	   8.0000000000000000e+00	
   7.2400000000000002e+00	   7.9422024512609823e-12	   8.0000000000000000e+00	
   7.2500000000000000e+00	   8.2623907715628775e-12	   8.0000000000000000e+00	
   7.2599999999999998e+00	   8.5461637766570675e-12	   8.0000000000000000e+00	
   7.2699999999999996e+00	   8.8203888637394812e-12	   8.0000000000000000e+00	
   7.2800000000000002e+00	   9.2214014202340877e-12	   8.0000000000000000e+00	
   7.2900000000000000e+00	   9.5717878068057871e-12	   8.0000000000000000e+00	
   7.2999999999999998e+00	   9.8830943429106810e-12	   8.0000000000000000e+00	
   7.3099999999999996e+00	   1.0146439244351768e-11	   8.0000000000000000e+00	
   7.3200000000000003e+00	   1.0367595670857099e-11	   8.0000000000000000e+00	
   7.3300000000000001e+00	   1.0706546760275160e-11	   8.0000000000000000e+00	
   7.3399999999999999e+00	   1.1044054559761207e-11	   8.0000000000000000e+00	
   7.3499999999999996e+00	   1.1335377081422848e-11	   8.0000000000000000e+00	
   7.3600000000000003e+00	   1.1578737968420683e-11	   8.0000000000000000e+00	
   7.3700000000000001e+00	   1.1758594098409958e-11	   8.0000000000000000e+00	
   7.3799999999999999e+00	   1.1975753722026639e-11	   8.0000000000000000e+00	
   7.3899999999999997e+00	   1.2292833417859583e-11	   8.0000000000000000e+00	
   7.4000000000000004e+00	   1.2564616014287822e-11	   8.0000000000000000e+00	
   7.4100000000000001e+00	   1.2767120693979450e-11	   8.0000000000000000e+00	
   7.4199999999999999e+00	   1.2905676527452670e-11	   8.0000000000000000e+00	
   7.4299999999999997e+00	   1.2981171693127180e-11	   8.0000000000000000e+00	
   7.4399999999999995e+00	   1.3270495813344496e-11	   8.0000000000000000e+00	
   7.4500000000000002e+00	   1.3498313577997578e-11	   8.0000000000000000e+00	
   7.4600000000000000e+00	   1.3661294318012551e-11	   8.0000000000000000e+00	
   7.4699999999999998e+00	   1.3755441230500765e-11	   8.0000000000000000e+00	
   7.4800000000000004e+00	   1.3792300634918320e-11	   8.0000000000000000e+00	
   7.4900000000000002e+00	   1.3915091301441862e-11	   8.0000000000000000e+00	
   7.5099999999999998e+00	   1.4649170765324016e-11	   8.0000000000000000e+00	
   7.5199999999999996e+00	   1.4453327423780138e-11	   8.0000000000000000e+00	
   7.5300000000000002e+00	   1.4424461625139884e-11	   8.0000000000000000e+00	
   7.5400000000000000e+00	   1.4395817871104555e-11	   8.0000000000000000e+00	
   7.5499999999999998e+00	   1.4297452111122766e-11	   8.0000000000000000e+00	
   7.5599999999999996e+00	   1.4128032077564967e-11	   8.0000000000000000e+00	
   7.5700000000000003e+00	   1.3888445948850858e-11	   8.0000000000000000e+00	
   7.5800000000000001e+00	   1.3690160116652805e-11	   8.0000000000000000e+00	
   7.5899999999999999e+00	   1.3619771976891570e-11	   8.0000000000000000e+00	
   7.5999999999999996e+00	   1.3480105920393726e-11	   8.0000000000000000e+00	
   7.6100000000000003e+00	   1.3263390385986895e-11	   8.0000000000000000e+00	
   7.6200000000000001e+00	   1.3000489573755658e-11	   8.0000000000000000e+00	
   7.6299999999999999e+00	   1.2673639915306012e-11	   8.0000000000000000e+00	
   7.6399999999999997e+00	   1.2530199100524442e-11	   8.0000000000000000e+00	
   7.6500000000000004e+00	   1.2345013900016966e-11	   8.0000000000000000e+00	
   7.6600000000000001e+00	   1.2106093905117632e-11	   8.0000000000000000e+00	
   7.6699999999999999e+00	   1.1816103651085541e-11	   8.0000000000000000e+00	
   7.6799999999999997e+00	   1.1468381799772942e-11	   8.0000000000000000e+00	
   7.6900000000000004e+00	   1.1163625579513337e-11	   8.0000000000000000e+00	
   7.7000000000000002e+00	   1.0956568985420745e-11	   8.0000000000000000e+00	
   7.7100000000000000e+00	   1.0685008433597432e-11	   8.0000000000000000e+00	
   7.7199999999999998e+00	   1.0371037362233437e-11	   8.0000000000000000e+00	
   7.7300000000000004e+00	   1.0000000827403710e-11	   8.0000000000000000e+00	
   7.7400000000000002e+00	   9.5954355572303029e-12	   8.0000000000000000e+00	
   7.7500000000000000e+00	   9.3463015105044178e-12	   8.0000000000000000e+00	
   7.7599999999999998e+00	   9.0567553456821770e-12	   8.0000000000000000e+00	
   7.7699999999999996e+00	   8.7190255015912044e-12	   8.0000000000000000e+00	
   7.7800000000000002e+00	   8.3388851379595508e-12	   8.0000000000000000e+00	
   7.7900000000000000e+00	   7.9313222656196558e-12	   8.0000000000000000e+00	
   7.7999999999999998e+00	   7.5777162322765435e-12	   8.0000000000000000e+00	
   7.8099999999999996e+00	   7.2652994731470244e-12	   8.0000000000000000e+00	
   7.8200000000000003e+00	   6.9062533469832488e-12	   8.0000000000000000e+00	
   7.8300000000000001e+00	   6.5272232063762203e-12	   8.0000000000000000e+00	
   7.8399999999999999e+00	   6.1224358915978883e-12	   8.0000000000000000e+00	
   7.8499999999999996e+00	   5.7065463465733046e-12	   8.0000000000000000e+00	
   7.8600000000000003e+00	   5.3652637888035315e-12	   8.0000000000000000e+00	
   7.8700000000000001e+00	   5.0062176626397559e-12	   8.0000000000000000e+00	
   7.8799999999999999e+00	   4.6247450313785521e-12	   8.0000000000000000e+00	
   7.8899999999999997e+00	   4.2272851885627460e-12	   8.0000000000000000e+00	
   7.9000000000000004e+00	   3.8073988406495118e-12	   8.0000000000000000e+00	
   7.9100000000000001e+00	   3.4308111906966587e-12	   8.0000000000000000e+00	
   7.9199999999999999e+00	   3.0644375925703571e-12	   8.0000000000000000e+00	
   7.9299999999999997e+00	   2.6827429167042283e-12	   8.0000000000000000e+00	
   7.9400000000000004e+00	   2.2850610292834972e-12	   8.0000000000000000e+00	
   7.9500000000000002e+00	   1.8907098109366416e-12	   8.0000000000000000e+00	
   7.9600000000000000e+00	   1.5019097077129118e-12	   8.0000000000000000e+00	
   7.9699999999999998e+00	   1.1344258865619850e-12	   8.0000000000000000e+00	
   7.9800000000000004e+00	   7.4895645241213060e-13	   8.0000000000000000e+00	
   7.9900000000000002e+00	   3.7214675785435247e-13	   8.0000000000000000e+00	
   8.0000000000000000e+00	   2.2204460492503131e-15	   8.0000000000000000e+00	
