   5.1000000000000001e-01	   3.5356636154891330e+00	   7.0000000000000000e+00	
   5.2000000000000002e-01	   3.2384399664416881e+00	   4.0000000000000000e+00	
   5.3000000000000003e-01	   3.2796761978243127e+00	   4.0000000000000000e+00	
   5.4000000000000004e-01	   3.3731448023687038e+00	   5.0000000000000000e+00	
   5.5000000000000004e-01	   3.7966377172957255e-01	   1.0000000000000000e+00	
   5.6000000000000005e-01	   3.7689434879736461e-01	   1.0000000000000000e+00	
   5.7000000000000006e-01	   3.7360296085937894e-01	   1.0000000000000000e+00	
   5.7999999999999996e-01	   3.6968805413853301e-01	   1.0000000000000000e+00	
   5.8999999999999997e-01	   3.6680641159283112e-01	   1.0000000000000000e+00	
   5.9999999999999998e-01	   3.6503068005136208e-01	   1.0000000000000000e+00	
   6.0999999999999999e-01	   3.6372597881325808e-01	   1.0000000000000000e+00	
   6.2000000000000000e-01	   3.5967170527413694e-01	   1.0000000000000000e+00	
   6.3000000000000000e-01	   3.5479865011585865e-01	   1.0000000000000000e+00	
   6.4000000000000001e-01	   3.4998970709055333e-01	   1.0000000000000000e+00	
   6.5000000000000002e-01	   3.4934798151680657e-01	   1.0000000000000000e+00	
   6.6000000000000003e-01	   3.4906014831900900e-01	   1.0000000000000000e+00	
   6.7000000000000004e-01	   3.4725862608080194e-01	   1.0000000000000000e+00	
   6.7999999999999994e-01	   3.4160334366984069e-01	   1.0000000000000000e+00	
   6.8999999999999995e-01	   3.3560467327523336e-01	   1.0000000000000000e+00	
   6.9999999999999996e-01	   3.3300528606105873e-01	   1.0000000000000000e+00	
   7.0999999999999996e-01	   3.3352510038669381e-01	   1.0000000000000000e+00	
   7.1999999999999997e-01	   3.3431095130318422e-01	   1.0000000000000000e+00	
   7.2999999999999998e-01	   3.2961102682314702e-01	   1.0000000000000000e+00	
   7.3999999999999999e-01	   3.2307082286078115e-01	   1.0000000000000000e+00	
   7.5000000000000000e-01	   3.1628469984560159e-01	   1.0000000000000000e+00	
   7.6000000000000001e-01	   3.1743932320148172e-01	   1.0000000000000000e+00	
   7.7000000000000002e-01	   3.1879125804996467e-01	   1.0000000000000000e+00	
   7.8000000000000003e-01	   3.1845350540215411e-01	   1.0000000000000000e+00	
   7.9000000000000004e-01	   3.1148409780311737e-01	   1.0000000000000000e+00	
   8.0000000000000004e-01	   3.0433542096225519e-01	   1.0000000000000000e+00	
   8.1000000000000005e-01	   3.0103962602533563e-01	   1.0000000000000000e+00	
   8.2000000000000006e-01	   3.0282936322225118e-01	   1.0000000000000000e+00	
   8.3000000000000007e-01	   3.0475916981388274e-01	   1.0000000000000000e+00	
   8.4000000000000008e-01	   3.0055131639110599e-01	   1.0000000000000000e+00	
   8.5000000000000009e-01	   2.9312449623281300e-01	   1.0000000000000000e+00	
   8.5999999999999999e-01	   2.8557999770087461e-01	   1.0000000000000000e+00	
   8.7000000000000000e-01	   2.8662350191369890e-01	   1.0000000000000000e+00	
   8.8000000000000000e-01	   2.8884027537574108e-01	   1.0000000000000000e+00	
   8.9000000000000001e-01	   2.9004556116239111e-01	   1.0000000000000000e+00	
   9.0000000000000002e-01	   2.8241576284882797e-01	   1.0000000000000000e+00	
   9.1000000000000003e-01	   2.7470917083869639e-01	   1.0000000000000000e+00	
   9.1999999999999993e-01	   2.7032612535739564e-01	   1.0000000000000000e+00	
   9.2999999999999994e-01	   2.7274649751500646e-01	   1.0000000000000000e+00	
   9.3999999999999995e-01	   2.7522516994109125e-01	   1.0000000000000000e+00	
   9.4999999999999996e-01	   2.7202327540617732e-01	   1.0000000000000000e+00	
   9.5999999999999996e-01	   2.6421306401577160e-01	   1.0000000000000000e+00	
   9.6999999999999997e-01	   2.5636733478488871e-01	   1.0000000000000000e+00	
   9.7999999999999998e-01	   2.5660797960469295e-01	   1.0000000000000000e+00	
   9.8999999999999999e-01	   2.5919135876472965e-01	   1.0000000000000000e+00	
   1.0000000000000000e+00	   2.6179938779914935e-01	   1.0000000000000000e+00	
   1.0100000000000000e+00	   4.8307999384194105e+00	   8.0000000000000000e+00	
   1.0200000000000000e+00	   4.8566575410101214e+00	   8.0000000000000000e+00	
   1.0300000000000000e+00	   4.8823487140486819e+00	   8.0000000000000000e+00	
   1.0400000000000000e+00	   4.9078600891012671e+00	   8.0000000000000000e+00	
   1.0500000000000000e+00	   4.9331777078939432e+00	   8.0000000000000000e+00	
   1.0600000000000001e+00	   4.9582869385480119e+00	   8.0000000000000000e+00	
   1.0700000000000001e+00	   4.9831723865877038e+00	   8.0000000000000000e+00	
   1.0800000000000001e+00	   5.0078177997598861e+00	   8.0000000000000000e+00	
   1.0899999999999999e+00	   5.0322059656368374e+00	   8.0000000000000000e+00	
   1.1000000000000001e+00	   5.0563186008893295e+00	   8.0000000000000000e+00	
   1.1099999999999999e+00	   5.0801362310169438e+00	   8.0000000000000000e+00	
   1.1200000000000001e+00	   5.1036380592050170e+00	   8.0000000000000000e+00	
   1.1299999999999999e+00	   5.1268018228410934e+00	   8.0000000000000000e+00	
   1.1400000000000001e+00	   5.1496036360672175e+00	   8.0000000000000000e+00	
   1.1499999999999999e+00	   5.1720178165658295e+00	   8.0000000000000000e+00	
   1.1600000000000001e+00	   5.1933619386421785e+00	   7.0000000000000000e+00	
   1.1699999999999999e+00	   5.2128371062569290e+00	   6.0000000000000000e+00	
   1.1800000000000002e+00	   5.2308182470894939e+00	   5.0000000000000000e+00	
   1.1899999999999999e+00	   5.2475996671699825e+00	   5.0000000000000000e+00	
   1.2000000000000002e+00	   5.2637804699359556e+00	   5.0000000000000000e+00	
   1.2100000000000000e+00	   5.2777527207773876e+00	   4.0000000000000000e+00	
   1.2200000000000000e+00	   5.2910610228506023e+00	   4.0000000000000000e+00	
   1.2300000000000000e+00	   8.0392524030825763e-01	   1.0000000000000000e+00	
   1.2400000000000000e+00	   7.9047335704214461e-01	   1.0000000000000000e+00	
   1.2500000000000000e+00	   7.7715705102641619e-01	   1.0000000000000000e+00	
   1.2600000000000000e+00	   7.6396767093809836e-01	   1.0000000000000000e+00	
   1.2700000000000000e+00	   7.5089647805943416e-01	   1.0000000000000000e+00	
   1.2800000000000000e+00	   7.5337043211441668e-01	   1.0000000000000000e+00	
   1.2900000000000000e+00	   7.4022576130441131e-01	   1.0000000000000000e+00	
   1.3000000000000000e+00	   7.2720650466300818e-01	   1.0000000000000000e+00	
   1.3100000000000001e+00	   7.1430423748887673e-01	   1.0000000000000000e+00	
   1.3200000000000001e+00	   7.0151052349788412e-01	   1.0000000000000000e+00	
   1.3300000000000001e+00	   6.8881699617095948e-01	   1.0000000000000000e+00	
   1.3399999999999999e+00	   6.8957018120243285e-01	   1.0000000000000000e+00	
   1.3500000000000001e+00	   6.7682443125911451e-01	   1.0000000000000000e+00	
   1.3599999999999999e+00	   6.6418725404268031e-01	   1.0000000000000000e+00	
   1.3700000000000001e+00	   6.5165053483272439e-01	   1.0000000000000000e+00	
   1.3799999999999999e+00	   6.3920629097940296e-01	   1.0000000000000000e+00	
   1.3900000000000001e+00	   6.3855918522249688e-01	   1.0000000000000000e+00	
   1.3999999999999999e+00	   6.2606474517540178e-01	   1.0000000000000000e+00	
   1.4100000000000001e+00	   6.1367172931854941e-01	   1.0000000000000000e+00	
   1.4199999999999999e+00	   6.0137236447333398e-01	   1.0000000000000000e+00	
   1.4300000000000002e+00	   5.8915906365926696e-01	   1.0000000000000000e+00	
   1.4399999999999999e+00	   5.7702449403128231e-01	   1.0000000000000000e+00	
   1.4500000000000002e+00	   5.7497542119129164e-01	   1.0000000000000000e+00	
   1.4600000000000000e+00	   5.6280688629441344e-01	   1.0000000000000000e+00	
   1.4700000000000000e+00	   5.5072624491353694e-01	   1.0000000000000000e+00	
   1.4800000000000000e+00	   3.1424884358279854e+00	   1.0000000000000000e+00	
   1.4900000000000000e+00	   3.1431073848534616e+00	   1.0000000000000000e+00	
   1.5100000000000000e+00	   4.3897733477967344e+00	   4.0000000000000000e+00	
   1.5200000000000000e+00	   4.3777597800711971e+00	   4.0000000000000000e+00	
   1.5300000000000000e+00	   2.5059905246073155e-03	   1.0000000000000000e+00	
   1.5400000000000000e+00	   2.4811882592848944e-03	   1.0000000000000000e+00	
   1.5500000000000000e+00	   2.4439963012231614e-03	   1.0000000000000000e+00	
   1.5600000000000001e+00	   2.4046802923425314e-03	   1.0000000000000000e+00	
   1.5700000000000001e+00	   2.3666253578611407e-03	   1.0000000000000000e+00	
   1.5800000000000001e+00	   2.3182941754433806e-03	   1.0000000000000000e+00	
   1.5900000000000001e+00	   2.2791885449078286e-03	   1.0000000000000000e+00	
   1.6000000000000001e+00	   2.2385382413960819e-03	   1.0000000000000000e+00	
   1.6100000000000001e+00	   2.1870239369459199e-03	   1.0000000000000000e+00	
   1.6200000000000001e+00	   2.1458502307285521e-03	   1.0000000000000000e+00	
   1.6300000000000001e+00	   2.0978198640027035e-03	   1.0000000000000000e+00	
   1.6400000000000001e+00	   2.0436160385357560e-03	   1.0000000000000000e+00	
   1.6500000000000001e+00	   2.0001881497377916e-03	   1.0000000000000000e+00	
   1.6599999999999999e+00	   1.9471277466913683e-03	   1.0000000000000000e+00	
   1.6699999999999999e+00	   1.8927493564990794e-03	   1.0000000000000000e+00	
   1.6799999999999999e+00	   1.8453247782057591e-03	   1.0000000000000000e+00	
   1.6899999999999999e+00	   1.7901293601589874e-03	   1.0000000000000000e+00	
   1.7000000000000000e+00	   1.7368453853261467e-03	   1.0000000000000000e+00	
   1.7100000000000000e+00	   1.6827848278586632e-03	   1.0000000000000000e+00	
   1.7200000000000000e+00	   1.6210215510448212e-03	   1.0000000000000000e+00	
   1.7300000000000000e+00	   1.5692512242320156e-03	   1.0000000000000000e+00	
   1.7400000000000000e+00	   1.5155661096084572e-03	   1.0000000000000000e+00	
   1.7500000000000000e+00	   1.4558032407903099e-03	   1.0000000000000000e+00	
   1.7600000000000000e+00	   1.4011377992031449e-03	   1.0000000000000000e+00	
   1.7700000000000000e+00	   1.3400969454784306e-03	   1.0000000000000000e+00	
   1.7800000000000000e+00	   1.2778118249270332e-03	   1.0000000000000000e+00	
   1.7900000000000000e+00	   1.2253697185984347e-03	   1.0000000000000000e+00	
   1.8000000000000000e+00	   1.1678014716416385e-03	   1.0000000000000000e+00	
   1.8100000000000001e+00	   1.1087665832423266e-03	   1.0000000000000000e+00	
   1.8200000000000001e+00	   1.0487202663094219e-03	   1.0000000000000000e+00	
   1.8300000000000001e+00	   9.8439124305893522e-04	   1.0000000000000000e+00	
   1.8400000000000001e+00	   9.2718779768818926e-04	   1.0000000000000000e+00	
   1.8500000000000001e+00	   8.7136638943818845e-04	   1.0000000000000000e+00	
   1.8600000000000001e+00	   8.1210015910060385e-04	   1.0000000000000000e+00	
   1.8700000000000001e+00	   7.5282459862702211e-04	   1.0000000000000000e+00	
   1.8800000000000001e+00	   6.9097069998536043e-04	   1.0000000000000000e+00	
   1.8900000000000001e+00	   6.2824832113728135e-04	   1.0000000000000000e+00	
   1.9000000000000001e+00	   5.7359189818528833e-04	   1.0000000000000000e+00	
   1.9099999999999999e+00	   5.1643330857387149e-04	   1.0000000000000000e+00	
   1.9199999999999999e+00	   4.5784541362481335e-04	   1.0000000000000000e+00	
   1.9299999999999999e+00	   3.9852785230287679e-04	   1.0000000000000000e+00	
   1.9399999999999999e+00	   3.3828932365365105e-04	   1.0000000000000000e+00	
   1.9500000000000000e+00	   2.8111133795538645e-04	   1.0000000000000000e+00	
   1.9600000000000000e+00	   2.2539966830181779e-04	   1.0000000000000000e+00	
   1.9700000000000000e+00	   1.6877952063054646e-04	   1.0000000000000000e+00	
   1.9800000000000000e+00	   1.1196386549272574e-04	   1.0000000000000000e+00	
   1.9900000000000000e+00	   5.5468184064211279e-05	   1.0000000000000000e+00	
   2.0000000000000000e+00	   6.6613381477509392e-16	   1.0000000000000000e+00	
   2.0099999999999998e+00	   5.4971210199039611e-05	   1.0000000000000000e+00	
   2.0200000000000000e+00	   1.0996656756490086e-04	   1.0000000000000000e+00	
   2.0300000000000002e+00	   1.6428357775122304e-04	   1.0000000000000000e+00	
   2.0400000000000000e+00	   2.1742997211970927e-04	   1.0000000000000000e+00	
   2.0499999999999998e+00	   2.6874256945885744e-04	   1.0000000000000000e+00	
   2.0600000000000001e+00	   3.2050797634453065e-04	   1.0000000000000000e+00	
   2.0700000000000003e+00	   3.7419883321931913e-04	   1.0000000000000000e+00	
   2.0800000000000001e+00	   4.2604605247931193e-04	   1.0000000000000000e+00	
   2.0899999999999999e+00	   4.7626216493235063e-04	   1.0000000000000000e+00	
   2.1000000000000001e+00	   5.2423917204391657e-04	   1.0000000000000000e+00	
   2.1100000000000003e+00	   5.6905387417938158e-04	   1.0000000000000000e+00	
   2.1200000000000001e+00	   6.2026701816875196e-04	   1.0000000000000000e+00	
   2.1299999999999999e+00	   6.6974740947067790e-04	   1.0000000000000000e+00	
   2.1400000000000001e+00	   7.1602165645345828e-04	   1.0000000000000000e+00	
   2.1500000000000004e+00	   7.6140736256724573e-04	   1.0000000000000000e+00	
   2.1600000000000001e+00	   7.9290707568246965e-04	   2.0000000000000000e+00	
   2.1699999999999999e+00	   8.2065544223031139e-04	   2.0000000000000000e+00	
   2.1799999999999997e+00	   8.5472594815860781e-04	   2.0000000000000000e+00	
   2.1899999999999999e+00	   8.8374820686309974e-04	   2.0000000000000000e+00	
   2.2000000000000002e+00	   9.0814009308393118e-04	   2.0000000000000000e+00	
   2.2100000000000000e+00	   9.2764305620363086e-04	   2.0000000000000000e+00	
   2.2199999999999998e+00	   9.4153344963820995e-04	   2.0000000000000000e+00	
   2.2300000000000000e+00	   9.6505790479950448e-04	   2.0000000000000000e+00	
   2.2400000000000002e+00	   9.8765383807442042e-04	   2.0000000000000000e+00	
   2.2500000000000000e+00	   1.0048024787849830e-03	   2.0000000000000000e+00	
   2.2599999999999998e+00	   1.0180351054511760e-03	   2.0000000000000000e+00	
   2.2700000000000000e+00	   1.0256754758967146e-03	   2.0000000000000000e+00	
   2.2800000000000002e+00	   1.0323296008676319e-03	   2.0000000000000000e+00	
   2.2900000000000000e+00	   1.0498671069105736e-03	   2.0000000000000000e+00	
   2.2999999999999998e+00	   1.0619250893253440e-03	   2.0000000000000000e+00	
   2.3100000000000001e+00	   1.0692866965210657e-03	   2.0000000000000000e+00	
   2.3200000000000003e+00	   1.0721826920983002e-03	   2.0000000000000000e+00	
   2.3300000000000001e+00	   1.0695415876551539e-03	   2.0000000000000000e+00	
   2.3399999999999999e+00	   1.0758591344908197e-03	   2.0000000000000000e+00	
   2.3500000000000001e+00	   1.0839626181708972e-03	   2.0000000000000000e+00	
   2.3600000000000003e+00	   1.0866114944905192e-03	   2.0000000000000000e+00	
   2.3700000000000001e+00	   1.0857006934449354e-03	   2.0000000000000000e+00	
   2.3799999999999999e+00	   1.0796649172738482e-03	   2.0000000000000000e+00	
   2.3900000000000001e+00	   1.0707413549591038e-03	   2.0000000000000000e+00	
   2.4000000000000004e+00	   1.0757564467398506e-03	   2.0000000000000000e+00	
   2.4100000000000001e+00	   1.0754752756516606e-03	   2.0000000000000000e+00	
   2.4199999999999999e+00	   1.0706821133890099e-03	   2.0000000000000000e+00	
   2.4299999999999997e+00	   1.0621812459117308e-03	   2.0000000000000000e+00	
   2.4399999999999999e+00	   1.0486517532636297e-03	   2.0000000000000000e+00	
   2.4500000000000002e+00	   1.0418502860083390e-03	   2.0000000000000000e+00	
   2.4600000000000000e+00	   1.0393268892098240e-03	   2.0000000000000000e+00	
   2.4699999999999998e+00	   1.0318257760127958e-03	   2.0000000000000000e+00	
   2.4800000000000000e+00	   1.0210867048660033e-03	   2.0000000000000000e+00	
   2.4900000000000002e+00	   1.0060771447774064e-03	   2.0000000000000000e+00	
   2.5100000000000002e+00	   9.6263843606281263e-05	   2.0000000000000000e+00	
   2.5200000000000000e+00	   9.5549348911316834e-05	   2.0000000000000000e+00	
   2.5300000000000002e+00	   9.4389089928870185e-05	   2.0000000000000000e+00	
   2.5400000000000000e+00	   9.2820241340052512e-05	   2.0000000000000000e+00	
   2.5499999999999998e+00	   9.0831627382104152e-05	   2.0000000000000000e+00	
   2.5600000000000001e+00	   8.9306038638437002e-05	   2.0000000000000000e+00	
   2.5699999999999998e+00	   8.8434420527860880e-05	   2.0000000000000000e+00	
   2.5800000000000001e+00	   8.7141365459952880e-05	   2.0000000000000000e+00	
   2.5899999999999999e+00	   8.5467613506251539e-05	   2.0000000000000000e+00	
   2.6000000000000001e+00	   8.3422670464683435e-05	   2.0000000000000000e+00	
   2.6099999999999999e+00	   8.1019953489969154e-05	   2.0000000000000000e+00	
   2.6200000000000001e+00	   7.9820783516204585e-05	   2.0000000000000000e+00	
   2.6299999999999999e+00	   7.8432656705818005e-05	   2.0000000000000000e+00	
   2.6400000000000001e+00	   7.6683982991099242e-05	   2.0000000000000000e+00	
   2.6499999999999999e+00	   7.4616949787831288e-05	   2.0000000000000000e+00	
   2.6600000000000001e+00	   7.2233713419134205e-05	   2.0000000000000000e+00	
   2.6699999999999999e+00	   7.0070614889283789e-05	   2.0000000000000000e+00	
   2.6800000000000002e+00	   6.8606762344769479e-05	   2.0000000000000000e+00	
   2.6899999999999999e+00	   6.6820161503722275e-05	   2.0000000000000000e+00	
   2.7000000000000002e+00	   6.4745966860568771e-05	   2.0000000000000000e+00	
   2.7100000000000000e+00	   6.2407098478489686e-05	   2.0000000000000000e+00	
   2.7200000000000002e+00	   5.9823180148077526e-05	   2.0000000000000000e+00	
   2.7300000000000000e+00	   5.8004559321478411e-05	   2.0000000000000000e+00	
   2.7400000000000002e+00	   5.6195858231689044e-05	   2.0000000000000000e+00	
   2.7500000000000000e+00	   5.4132511477344991e-05	   2.0000000000000000e+00	
   2.7600000000000002e+00	   5.1795785382946491e-05	   3.0000000000000000e+00	
   2.7700000000000000e+00	   4.8842791004810593e-05	   3.0000000000000000e+00	
   2.7800000000000002e+00	   4.6000867955475755e-05	   3.0000000000000000e+00	
   2.7900000000000000e+00	   4.3796152654040910e-05	   3.0000000000000000e+00	
   2.8000000000000003e+00	   4.1427184378717286e-05	   3.0000000000000000e+00	
   2.8100000000000001e+00	   3.8926012025042311e-05	   3.0000000000000000e+00	
   2.8199999999999998e+00	   3.6323212226019308e-05	   3.0000000000000000e+00	
   2.8300000000000001e+00	   3.3647583547846693e-05	   3.0000000000000000e+00	
   2.8399999999999999e+00	   3.1388131244813877e-05	   3.0000000000000000e+00	
   2.8500000000000001e+00	   2.9257287239348173e-05	   3.0000000000000000e+00	
   2.8599999999999999e+00	   2.7036283995363064e-05	   3.0000000000000000e+00	
   2.8700000000000001e+00	   2.4753747208450250e-05	   3.0000000000000000e+00	
   2.8799999999999999e+00	   2.2435707761392365e-05	   3.0000000000000000e+00	
   2.8900000000000001e+00	   2.0157731111858368e-05	   3.0000000000000000e+00	
   2.8999999999999999e+00	   1.8240190803986422e-05	   3.0000000000000000e+00	
   2.9100000000000001e+00	   1.6271330856687527e-05	   3.0000000000000000e+00	
   2.9199999999999999e+00	   1.4276181925509945e-05	   3.0000000000000000e+00	
   2.9300000000000002e+00	   1.2278802784759790e-05	   3.0000000000000000e+00	
   2.9399999999999999e+00	   1.0301987600547236e-05	   3.0000000000000000e+00	
   2.9500000000000002e+00	   8.4712486850824220e-06	   3.0000000000000000e+00	
   2.9600000000000000e+00	   6.7247607565823486e-06	   3.0000000000000000e+00	
   2.9700000000000002e+00	   4.9837722727597011e-06	   3.0000000000000000e+00	
   2.9800000000000000e+00	   3.2694846148206835e-06	   3.0000000000000000e+00	
   2.9900000000000002e+00	   1.6019418458412815e-06	   3.0000000000000000e+00	
   3.0000000000000000e+00	   8.8817841970012523e-16	   1.0000000000000000e+00	
   3.0100000000000002e+00	   1.5529199379749059e-06	   3.0000000000000000e+00	
   3.0200000000000000e+00	   3.0724411229643422e-06	   3.0000000000000000e+00	
   3.0300000000000002e+00	   4.5400819689289662e-06	   3.0000000000000000e+00	
   3.0400000000000000e+00	   5.9385748295559537e-06	   3.0000000000000000e+00	
   3.0500000000000003e+00	   7.2518866077730948e-06	   3.0000000000000000e+00	
   3.0600000000000001e+00	   8.5491117595148935e-06	   3.0000000000000000e+00	
   3.0699999999999998e+00	   9.8775833369257882e-06	   3.0000000000000000e+00	
   3.0800000000000001e+00	   1.1132664953450444e-05	   3.0000000000000000e+00	
   3.0899999999999999e+00	   1.2299816374294892e-05	   3.0000000000000000e+00	
   3.1000000000000001e+00	   1.3365619901728465e-05	   3.0000000000000000e+00	
   3.1099999999999999e+00	   1.4317965492560703e-05	   3.0000000000000000e+00	
   3.1200000000000001e+00	   1.5447480248398371e-05	   3.0000000000000000e+00	
   3.1299999999999999e+00	   1.6520887023641073e-05	   3.0000000000000000e+00	
   3.1400000000000001e+00	   1.7490778280171426e-05	   3.0000000000000000e+00	
   3.1499999999999999e+00	   1.8346638158694972e-05	   3.0000000000000000e+00	
   3.1600000000000001e+00	   1.9078396142457876e-05	   3.0000000000000000e+00	
   3.1699999999999999e+00	   1.9823469522783910e-05	   3.0000000000000000e+00	
   3.1800000000000002e+00	   2.0742334574941346e-05	   3.0000000000000000e+00	
   3.1899999999999999e+00	   2.1545416142298990e-05	   3.0000000000000000e+00	
   3.2000000000000002e+00	   2.2224425564543182e-05	   3.0000000000000000e+00	
   3.2100000000000000e+00	   2.2771891045048065e-05	   3.0000000000000000e+00	
   3.2200000000000002e+00	   2.3181326802346192e-05	   3.0000000000000000e+00	
   3.2300000000000000e+00	   2.3855126213501165e-05	   3.0000000000000000e+00	
   3.2400000000000002e+00	   2.4517675019986029e-05	   3.0000000000000000e+00	
   3.2500000000000000e+00	   2.5048547685813105e-05	   3.0000000000000000e+00	
   3.2600000000000002e+00	   2.5443471095565329e-05	   3.0000000000000000e+00	
   3.2700000000000000e+00	   2.5697141131875156e-05	   3.0000000000000000e+00	
   3.2800000000000002e+00	   2.5933782957343610e-05	   3.0000000000000000e+00	
   3.2900000000000000e+00	   2.6477778261035922e-05	   3.0000000000000000e+00	
   3.3000000000000003e+00	   2.6885688815481146e-05	   3.0000000000000000e+00	
   3.3100000000000001e+00	   2.7154437054699443e-05	   3.0000000000000000e+00	
   3.3199999999999998e+00	   2.7281759987340948e-05	   3.0000000000000000e+00	
   3.3300000000000001e+00	   2.7265651450170125e-05	   3.0000000000000000e+00	
   3.3399999999999999e+00	   2.7508747352023022e-05	   3.0000000000000000e+00	
   3.3500000000000001e+00	   2.7814050417962477e-05	   3.0000000000000000e+00	
   3.3599999999999999e+00	   2.7979245229903249e-05	   3.0000000000000000e+00	
   3.3700000000000001e+00	   2.8004768736655805e-05	   3.0000000000000000e+00	
   3.3799999999999999e+00	   2.7889658598789779e-05	   3.0000000000000000e+00	
   3.3900000000000001e+00	   2.7703038641968547e-05	   3.0000000000000000e+00	
   3.3999999999999999e+00	   2.7921998255964198e-05	   3.0000000000000000e+00	
   3.4100000000000001e+00	   2.8002639668067708e-05	   3.0000000000000000e+00	
   3.4199999999999999e+00	   2.7945893776415431e-05	   3.0000000000000000e+00	
   3.4300000000000002e+00	   2.7753765253546447e-05	   3.0000000000000000e+00	
   3.4399999999999999e+00	   2.7427723329864762e-05	   3.0000000000000000e+00	
   3.4500000000000002e+00	   2.7304664605209972e-05	   3.0000000000000000e+00	
   3.4600000000000000e+00	   2.7315165240016093e-05	   3.0000000000000000e+00	
   3.4700000000000002e+00	   2.7192619017735176e-05	   3.0000000000000000e+00	
   3.4800000000000000e+00	   2.6940780545547938e-05	   3.0000000000000000e+00	
   3.4900000000000002e+00	   2.6562311370215141e-05	   3.0000000000000000e+00	
   3.5100000000000002e+00	   3.1237929941640985e-06	   4.0000000000000000e+00	
   3.5200000000000000e+00	   3.0808299636975178e-06	   4.0000000000000000e+00	
   3.5300000000000002e+00	   3.0237097731200535e-06	   4.0000000000000000e+00	
   3.5400000000000000e+00	   2.9532623705419425e-06	   4.0000000000000000e+00	
   3.5500000000000003e+00	   2.8703764803905685e-06	   4.0000000000000000e+00	
   3.5600000000000001e+00	   2.8034961627732002e-06	   4.0000000000000000e+00	
   3.5700000000000003e+00	   2.7583349901938448e-06	   4.0000000000000000e+00	
   3.5800000000000001e+00	   2.7005496456844469e-06	   4.0000000000000000e+00	
   3.5899999999999999e+00	   2.6310015883712623e-06	   4.0000000000000000e+00	
   3.6000000000000001e+00	   2.5506028531463443e-06	   4.0000000000000000e+00	
   3.6099999999999999e+00	   2.4603197570360891e-06	   4.0000000000000000e+00	
   3.6200000000000001e+00	   2.4081753711158171e-06	   4.0000000000000000e+00	
   3.6299999999999999e+00	   2.3510028972495434e-06	   4.0000000000000000e+00	
   3.6400000000000001e+00	   2.2836194650821540e-06	   4.0000000000000000e+00	
   3.6499999999999999e+00	   2.2069454423956358e-06	   4.0000000000000000e+00	
   3.6600000000000001e+00	   2.1219269110694938e-06	   4.0000000000000000e+00	
   3.6699999999999999e+00	   2.0445949788783224e-06	   4.0000000000000000e+00	
   3.6800000000000002e+00	   1.9888487583497039e-06	   4.0000000000000000e+00	
   3.6899999999999999e+00	   1.9244194782164215e-06	   4.0000000000000000e+00	
   3.7000000000000002e+00	   1.8522066864701259e-06	   4.0000000000000000e+00	
   3.7100000000000000e+00	   1.7731336152682076e-06	   4.0000000000000000e+00	
   3.7200000000000002e+00	   1.6881419087066973e-06	   4.0000000000000000e+00	
   3.7300000000000000e+00	   1.6259888364622554e-06	   4.0000000000000000e+00	
   3.7400000000000002e+00	   1.5649252751437359e-06	   4.0000000000000000e+00	
   3.7500000000000000e+00	   1.4975261413141538e-06	   4.0000000000000000e+00	
   3.7600000000000002e+00	   1.4246790844829604e-06	   4.0000000000000000e+00	
   3.7700000000000000e+00	   1.3472739253117538e-06	   4.0000000000000000e+00	
   3.7800000000000002e+00	   1.2724570102040644e-06	   4.0000000000000000e+00	
   3.7900000000000000e+00	   1.2148918628884786e-06	   4.0000000000000000e+00	
   3.8000000000000003e+00	   1.1523692682313680e-06	   4.0000000000000000e+00	
   3.8100000000000001e+00	   1.0857256829144291e-06	   4.0000000000000000e+00	
   3.8200000000000003e+00	   1.0157978309610627e-06	   4.0000000000000000e+00	
   3.8300000000000001e+00	   9.4341566270195187e-07	   4.0000000000000000e+00	
   3.8399999999999999e+00	   8.8234306572232413e-07	   4.0000000000000000e+00	
   3.8500000000000001e+00	   8.2454962058164938e-07	   4.0000000000000000e+00	
   3.8599999999999999e+00	   7.6387352820894705e-07	   4.0000000000000000e+00	
   3.8700000000000001e+00	   7.0109055050338043e-07	   4.0000000000000000e+00	
   3.8799999999999999e+00	   6.3696228003173871e-07	   4.0000000000000000e+00	
   3.8900000000000001e+00	   5.7364333461151773e-07	   4.0000000000000000e+00	
   3.8999999999999999e+00	   5.2029598962555212e-07	   4.0000000000000000e+00	
   3.9100000000000001e+00	   4.6520756891155202e-07	   4.0000000000000000e+00	
   3.9199999999999999e+00	   4.0908839404885100e-07	   4.0000000000000000e+00	
   3.9300000000000002e+00	   3.5263058384416013e-07	   4.0000000000000000e+00	
   3.9399999999999999e+00	   2.9650263022595880e-07	   4.0000000000000000e+00	
   3.9500000000000002e+00	   2.4433544509872007e-07	   4.0000000000000000e+00	
   3.9600000000000000e+00	   1.9437167020353030e-07	   4.0000000000000000e+00	
   3.9700000000000002e+00	   1.4434910089455855e-07	   4.0000000000000000e+00	
   3.9800000000000000e+00	   9.4889038515511004e-08	   4.0000000000000000e+00	
   3.9900000000000002e+00	   4.6585291957335073e-08	   4.0000000000000000e+00	
   4.0000000000000000e+00	   1.1102230246251565e-15	   1.0000000000000000e+00	
   4.0099999999999998e+00	   4.5335124876366706e-08	   4.0000000000000000e+00	
   4.0199999999999996e+00	   8.9864446217724492e-08	   4.0000000000000000e+00	
   4.0300000000000002e+00	   1.3303672419251455e-07	   4.0000000000000000e+00	
   4.0400000000000000e+00	   1.7433139010147869e-07	   4.0000000000000000e+00	
   4.0500000000000007e+00	   2.1326210974947912e-07	   4.0000000000000000e+00	
   4.0600000000000005e+00	   2.5184868213123934e-07	   4.0000000000000000e+00	
   4.0700000000000003e+00	   2.9148365632281070e-07	   4.0000000000000000e+00	
   4.0800000000000001e+00	   3.2907396319004079e-07	   4.0000000000000000e+00	
   4.0899999999999999e+00	   3.6416996662680390e-07	   4.0000000000000000e+00	
   4.0999999999999996e+00	   3.9635792004055759e-07	   4.0000000000000000e+00	
   4.1099999999999994e+00	   4.2526271870624299e-07	   4.0000000000000000e+00	
   4.1200000000000001e+00	   4.5952159122286673e-07	   4.0000000000000000e+00	
   4.1299999999999999e+00	   4.9219990616578002e-07	   4.0000000000000000e+00	
   4.1400000000000006e+00	   5.2186992960390199e-07	   4.0000000000000000e+00	
   4.1500000000000004e+00	   5.4818723416172332e-07	   4.0000000000000000e+00	
   4.1600000000000001e+00	   5.7084578131139097e-07	   4.0000000000000000e+00	
   4.1699999999999999e+00	   5.9395208817925038e-07	   4.0000000000000000e+00	
   4.1799999999999997e+00	   6.2232952680041365e-07	   4.0000000000000000e+00	
   4.1899999999999995e+00	   6.4728500626110019e-07	   4.0000000000000000e+00	
   4.2000000000000002e+00	   6.6853880054118520e-07	   4.0000000000000000e+00	
   4.2100000000000000e+00	   6.8584999812770775e-07	   4.0000000000000000e+00	
   4.2200000000000006e+00	   6.9901780741510322e-07	   4.0000000000000000e+00	
   4.2300000000000004e+00	   7.2019784713717172e-07	   4.0000000000000000e+00	
   4.2400000000000002e+00	   7.4107241188059447e-07	   4.0000000000000000e+00	
   4.2500000000000000e+00	   7.5798805909688127e-07	   4.0000000000000000e+00	
   4.2599999999999998e+00	   7.7076492632777160e-07	   4.0000000000000000e+00	
   4.2699999999999996e+00	   7.7926039021569693e-07	   4.0000000000000000e+00	
   4.2799999999999994e+00	   7.8723970786676034e-07	   4.0000000000000000e+00	
   4.2900000000000000e+00	   8.0457958340218738e-07	   4.0000000000000000e+00	
   4.2999999999999998e+00	   8.1779123894953898e-07	   4.0000000000000000e+00	
   4.3100000000000005e+00	   8.2674908619129184e-07	   4.0000000000000000e+00	
   4.3200000000000003e+00	   8.3136539474892857e-07	   4.0000000000000000e+00	
   4.3300000000000001e+00	   8.3158974795161100e-07	   4.0000000000000000e+00	
   4.3399999999999999e+00	   8.3973012277027692e-07	   4.0000000000000000e+00	
   4.3499999999999996e+00	   8.4977483538750676e-07	   4.0000000000000000e+00	
   4.3599999999999994e+00	   8.5552764983454210e-07	   4.0000000000000000e+00	
   4.3700000000000001e+00	   8.5695031137866806e-07	   4.0000000000000000e+00	
   4.3799999999999999e+00	   8.5403832716934858e-07	   4.0000000000000000e+00	
   4.3900000000000006e+00	   8.4891117246854719e-07	   4.0000000000000000e+00	
   4.4000000000000004e+00	   8.5411584027639265e-07	   5.0000000000000000e+00	
   4.4100000000000001e+00	   8.5200347166303203e-07	   5.0000000000000000e+00	
   4.4199999999999999e+00	   8.4570275626916214e-07	   5.0000000000000000e+00	
   4.4299999999999997e+00	   8.3532630767990668e-07	   5.0000000000000000e+00	
   4.4399999999999995e+00	   8.2101606224682655e-07	   5.0000000000000000e+00	
   4.4499999999999993e+00	   8.1289173781140533e-07	   5.0000000000000000e+00	
   4.4600000000000000e+00	   8.0879290087487732e-07	   5.0000000000000000e+00	
   4.4699999999999998e+00	   8.0078374942171848e-07	   5.0000000000000000e+00	
   4.4800000000000004e+00	   7.8900467193054880e-07	   5.0000000000000000e+00	
   4.4900000000000002e+00	   7.7362108530376616e-07	   5.0000000000000000e+00	
   4.5099999999999998e+00	   9.3859784056071760e-08	   5.0000000000000000e+00	
   4.5199999999999996e+00	   9.2743273616413546e-08	   5.0000000000000000e+00	
   4.5299999999999994e+00	   9.1193049889248812e-08	   5.0000000000000000e+00	
   4.5400000000000000e+00	   8.9231688149560284e-08	   5.0000000000000000e+00	
   4.5499999999999998e+00	   8.6884354266736352e-08	   5.0000000000000000e+00	
   4.5600000000000005e+00	   8.5011837347437336e-08	   5.0000000000000000e+00	
   4.5700000000000003e+00	   8.3790450799980931e-08	   5.0000000000000000e+00	
   4.5800000000000001e+00	   8.2178470472982212e-08	   5.0000000000000000e+00	
   4.5899999999999999e+00	   8.0200029284327456e-08	   5.0000000000000000e+00	
   4.5999999999999996e+00	   7.7881383120370629e-08	   5.0000000000000000e+00	
   4.6099999999999994e+00	   7.5250658593262187e-08	   5.0000000000000000e+00	
   4.6200000000000001e+00	   7.3778006814961827e-08	   5.0000000000000000e+00	
   4.6299999999999999e+00	   7.2144428653331261e-08	   5.0000000000000000e+00	
   4.6400000000000006e+00	   7.0189907663831264e-08	   5.0000000000000000e+00	
   4.6500000000000004e+00	   6.7941187342768217e-08	   5.0000000000000000e+00	
   4.6600000000000001e+00	   6.5426457140915772e-08	   5.0000000000000000e+00	
   4.6699999999999999e+00	   6.3139782513488285e-08	   5.0000000000000000e+00	
   4.6799999999999997e+00	   6.1512335003399699e-08	   5.0000000000000000e+00	
   4.6899999999999995e+00	   5.9609543745509086e-08	   5.0000000000000000e+00	
   4.6999999999999993e+00	   5.7458103830398954e-08	   5.0000000000000000e+00	
   4.7100000000000000e+00	   5.5085790817699376e-08	   5.0000000000000000e+00	
   4.7199999999999998e+00	   5.2521185844867091e-08	   5.0000000000000000e+00	
   4.7300000000000004e+00	   5.0659706651856595e-08	   5.0000000000000000e+00	
   4.7400000000000002e+00	   4.8825835374799453e-08	   5.0000000000000000e+00	
   4.7500000000000000e+00	   4.6787804741654782e-08	   5.0000000000000000e+00	
   4.7599999999999998e+00	   4.4572572299728108e-08	   5.0000000000000000e+00	
   4.7699999999999996e+00	   4.2207568995422662e-08	   5.0000000000000000e+00	
   4.7799999999999994e+00	   3.9916546290541532e-08	   5.0000000000000000e+00	
   4.7900000000000000e+00	   3.8160586024460486e-08	   5.0000000000000000e+00	
   4.7999999999999998e+00	   3.6243330781005056e-08	   5.0000000000000000e+00	
   4.8100000000000005e+00	   3.4190599462746718e-08	   5.0000000000000000e+00	
   4.8200000000000003e+00	   3.2028392604743772e-08	   5.0000000000000000e+00	
   4.8300000000000001e+00	   2.9782688981683236e-08	   5.0000000000000000e+00	
   4.8399999999999999e+00	   2.7888385378815883e-08	   5.0000000000000000e+00	
   4.8499999999999996e+00	   2.6092740412764215e-08	   5.0000000000000000e+00	
   4.8599999999999994e+00	   2.4200985881961401e-08	   5.0000000000000000e+00	
   4.8700000000000001e+00	   2.2237484742504421e-08	   5.0000000000000000e+00	
   4.8799999999999999e+00	   2.0226327723804616e-08	   5.0000000000000000e+00	
   4.8900000000000006e+00	   1.8235974952318657e-08	   5.0000000000000000e+00	
   4.9000000000000004e+00	   1.6558216353601551e-08	   5.0000000000000000e+00	
   4.9100000000000001e+00	   1.4821008642584843e-08	   5.0000000000000000e+00	
   4.9199999999999999e+00	   1.3014666899735516e-08	   6.0000000000000000e+00	
   4.9299999999999997e+00	   1.1177311520782496e-08	   6.0000000000000000e+00	
   4.9399999999999995e+00	   9.3636063347446452e-09	   6.0000000000000000e+00	
   4.9499999999999993e+00	   7.6876616184051727e-09	   6.0000000000000000e+00	
   4.9600000000000000e+00	   6.0929808975984656e-09	   6.0000000000000000e+00	
   4.9699999999999998e+00	   4.5081230970467345e-09	   6.0000000000000000e+00	
   4.9800000000000004e+00	   2.9524203082331724e-09	   6.0000000000000000e+00	
   4.9900000000000002e+00	   1.4440661999515214e-09	   6.0000000000000000e+00	
   5.0000000000000000e+00	   1.3322676295501878e-15	   1.0000000000000000e+00	
   5.0099999999999998e+00	   1.3948052712819958e-09	   6.0000000000000000e+00	
   5.0199999999999996e+00	   2.7544193592632382e-09	   6.0000000000000000e+00	
   5.0299999999999994e+00	   4.0623077124379847e-09	   6.0000000000000000e+00	
   5.0400000000000000e+00	   5.3031263824721009e-09	   6.0000000000000000e+00	
   5.0499999999999998e+00	   6.4628036255953702e-09	   6.0000000000000000e+00	
   5.0600000000000005e+00	   7.6031517748376132e-09	   6.0000000000000000e+00	
   5.0700000000000003e+00	   8.7661862213650465e-09	   6.0000000000000000e+00	
   5.0800000000000001e+00	   9.8588994745796299e-09	   6.0000000000000000e+00	
   5.0899999999999999e+00	   1.0868588029566695e-08	   6.0000000000000000e+00	
   5.0999999999999996e+00	   1.1783824138689170e-08	   6.0000000000000000e+00	
   5.1099999999999994e+00	   1.2594514098296372e-08	   6.0000000000000000e+00	
   5.1200000000000001e+00	   1.3556624378630033e-08	   6.0000000000000000e+00	
   5.1299999999999999e+00	   1.4464538566905105e-08	   6.0000000000000000e+00	
   5.1400000000000006e+00	   1.5277014986381232e-08	   6.0000000000000000e+00	
   5.1500000000000004e+00	   1.5985037071786223e-08	   6.0000000000000000e+00	
   5.1600000000000001e+00	   1.6580888440032027e-08	   6.0000000000000000e+00	
   5.1699999999999999e+00	   1.7184646150525396e-08	   6.0000000000000000e+00	
   5.1799999999999997e+00	   1.7935187557327481e-08	   6.0000000000000000e+00	
   5.1899999999999995e+00	   1.8581174598963912e-08	   6.0000000000000000e+00	
   5.1999999999999993e+00	   1.9115769411826022e-08	   6.0000000000000000e+00	
   5.2100000000000000e+00	   1.9533379025382658e-08	   6.0000000000000000e+00	
   5.2199999999999998e+00	   1.9829661135339904e-08	   6.0000000000000000e+00	
   5.2300000000000004e+00	   2.0349506968386777e-08	   6.0000000000000000e+00	
   5.2400000000000002e+00	   2.0856124827162148e-08	   6.0000000000000000e+00	
   5.2500000000000000e+00	   2.1247215875597192e-08	   6.0000000000000000e+00	
   5.2599999999999998e+00	   2.1519065085406908e-08	   6.0000000000000000e+00	
   5.2699999999999996e+00	   2.1669134597779305e-08	   6.0000000000000000e+00	
   5.2799999999999994e+00	   2.1803152616683974e-08	   6.0000000000000000e+00	
   5.2900000000000000e+00	   2.2193764270816985e-08	   6.0000000000000000e+00	
   5.2999999999999998e+00	   2.2467245730517504e-08	   6.0000000000000000e+00	
   5.3100000000000005e+00	   2.2621527762112237e-08	   6.0000000000000000e+00	
   5.3200000000000003e+00	   2.2655634923651746e-08	   6.0000000000000000e+00	
   5.3300000000000001e+00	   2.2569672686323372e-08	   6.0000000000000000e+00	
   5.3399999999999999e+00	   2.2697805635019108e-08	   6.0000000000000000e+00	
   5.3499999999999996e+00	   2.2875574878788996e-08	   6.0000000000000000e+00	
   5.3599999999999994e+00	   2.2936222254799077e-08	   6.0000000000000000e+00	
   5.3700000000000001e+00	   2.2880114469714385e-08	   6.0000000000000000e+00	
   5.3799999999999999e+00	   2.2708593228060181e-08	   6.0000000000000000e+00	
   5.3900000000000006e+00	   2.2479216155169013e-08	   6.0000000000000000e+00	
   5.4000000000000004e+00	   2.2579363490038418e-08	   6.0000000000000000e+00	
   5.4100000000000001e+00	   2.2566239987753534e-08	   6.0000000000000000e+00	
   5.4199999999999999e+00	   2.2441337788059457e-08	   6.0000000000000000e+00	
   5.4299999999999997e+00	   2.2207027883247576e-08	   6.0000000000000000e+00	
   5.4399999999999995e+00	   2.1866520039104387e-08	   6.0000000000000000e+00	
   5.4499999999999993e+00	   2.1689289364523745e-08	   6.0000000000000000e+00	
   5.4600000000000000e+00	   2.1618488221797350e-08	   6.0000000000000000e+00	
   5.4699999999999998e+00	   2.1442199238386195e-08	   6.0000000000000000e+00	
   5.4800000000000004e+00	   2.1163625962827837e-08	   6.0000000000000000e+00	
   5.4900000000000002e+00	   2.0786718013532379e-08	   6.0000000000000000e+00	
   5.5099999999999998e+00	   2.9191576933484953e-09	   7.0000000000000000e+00	
   5.5199999999999996e+00	   2.8765184678647415e-09	   7.0000000000000000e+00	
   5.5299999999999994e+00	   2.8206544877562578e-09	   7.0000000000000000e+00	
   5.5400000000000000e+00	   2.7523777701432550e-09	   7.0000000000000000e+00	
   5.5499999999999998e+00	   2.6725656132597919e-09	   7.0000000000000000e+00	
   5.5600000000000005e+00	   2.6077211501274178e-09	   7.0000000000000000e+00	
   5.5700000000000003e+00	   2.5631143873994233e-09	   7.0000000000000000e+00	
   5.5800000000000001e+00	   2.5068049858134600e-09	   7.0000000000000000e+00	
   5.5899999999999999e+00	   2.4396258346826016e-09	   7.0000000000000000e+00	
   5.5999999999999996e+00	   2.3624662226495730e-09	   7.0000000000000000e+00	
   5.6099999999999994e+00	   2.2762616236349231e-09	   7.0000000000000000e+00	
   5.6200000000000001e+00	   2.2254407205934967e-09	   7.0000000000000000e+00	
   5.6299999999999999e+00	   2.1700334862373438e-09	   7.0000000000000000e+00	
   5.6400000000000006e+00	   2.1052799503706865e-09	   7.0000000000000000e+00	
   5.6500000000000004e+00	   2.0320607418966574e-09	   7.0000000000000000e+00	
   5.6600000000000001e+00	   1.9512924609443871e-09	   7.0000000000000000e+00	
   5.6699999999999999e+00	   1.8777368548938966e-09	   7.0000000000000000e+00	
   5.6799999999999997e+00	   1.8241228527671183e-09	   7.0000000000000000e+00	
   5.6899999999999995e+00	   1.7626431425554756e-09	   7.0000000000000000e+00	
   5.6999999999999993e+00	   1.6941565927908186e-09	   7.0000000000000000e+00	
   5.7100000000000000e+00	   1.6195447205546998e-09	   7.0000000000000000e+00	
   5.7199999999999998e+00	   1.5397005892481275e-09	   7.0000000000000000e+00	
   5.7300000000000004e+00	   1.4808447801328839e-09	   7.0000000000000000e+00	
   5.7400000000000002e+00	   1.4231107403617216e-09	   7.0000000000000000e+00	
   5.7500000000000000e+00	   1.3597567516399067e-09	   7.0000000000000000e+00	
   5.7599999999999998e+00	   1.2916148151020934e-09	   7.0000000000000000e+00	
   5.7699999999999996e+00	   1.2195215948196392e-09	   7.0000000000000000e+00	
   5.7799999999999994e+00	   1.1499594609887254e-09	   7.0000000000000000e+00	
   5.7900000000000000e+00	   1.0961569429923657e-09	   7.0000000000000000e+00	
   5.7999999999999998e+00	   1.0380325488057451e-09	   7.0000000000000000e+00	
   5.8100000000000005e+00	   9.7636410067991619e-10	   7.0000000000000000e+00	
   5.8200000000000003e+00	   9.1192409179541301e-10	   7.0000000000000000e+00	
   5.8300000000000001e+00	   8.4548124057448604e-10	   7.0000000000000000e+00	
   5.8399999999999999e+00	   7.8936324143796810e-10	   7.0000000000000000e+00	
   5.8499999999999996e+00	   7.3634964792290702e-10	   7.0000000000000000e+00	
   5.8599999999999994e+00	   6.8093242155953249e-10	   7.0000000000000000e+00	
   5.8700000000000001e+00	   6.2382321530662921e-10	   7.0000000000000000e+00	
   5.8799999999999999e+00	   5.6571192175169926e-10	   7.0000000000000000e+00	
   5.8900000000000006e+00	   5.0851833854892448e-10	   7.0000000000000000e+00	
   5.9000000000000004e+00	   4.6034731582267341e-10	   7.0000000000000000e+00	
   5.9100000000000001e+00	   4.1081249513297280e-10	   7.0000000000000000e+00	
   5.9199999999999999e+00	   3.6054936813911809e-10	   7.0000000000000000e+00	
   5.9299999999999997e+00	   3.1017544088740578e-10	   7.0000000000000000e+00	
   5.9399999999999995e+00	   2.6028090793772662e-10	   7.0000000000000000e+00	
   5.9500000000000002e+00	   2.1405111017003264e-10	   7.0000000000000000e+00	
   5.9600000000000000e+00	   1.6993095819373139e-10	   7.0000000000000000e+00	
   5.9699999999999998e+00	   1.2593714959763247e-10	   7.0000000000000000e+00	
   5.9800000000000004e+00	   8.2611362195450511e-11	   7.0000000000000000e+00	
   5.9900000000000002e+00	   4.0471737072778069e-11	   7.0000000000000000e+00	
   6.0000000000000000e+00	   1.7763568394002505e-15	   1.0000000000000000e+00	
   6.0099999999999998e+00	   3.9215408698112242e-11	   7.0000000000000000e+00	
   6.0199999999999996e+00	   7.7562067879455299e-11	   7.0000000000000000e+00	
   6.0300000000000002e+00	   1.1456513515639699e-10	   7.0000000000000000e+00	
   6.0400000000000000e+00	   1.4978918105867933e-10	   7.0000000000000000e+00	
   6.0499999999999998e+00	   1.8282364511179594e-10	   7.0000000000000000e+00	
   6.0600000000000005e+00	   2.1540680350540242e-10	   7.0000000000000000e+00	
   6.0700000000000003e+00	   2.4872603976433538e-10	   7.0000000000000000e+00	
   6.0800000000000001e+00	   2.8014413011590023e-10	   7.0000000000000000e+00	
   6.0899999999999999e+00	   3.0928770655691551e-10	   7.0000000000000000e+00	
   6.0999999999999996e+00	   3.3582003844401243e-10	   7.0000000000000000e+00	
   6.1099999999999994e+00	   3.5943692466844368e-10	   7.0000000000000000e+00	
   6.1200000000000001e+00	   3.8744563113368713e-10	   7.0000000000000000e+00	
   6.1299999999999999e+00	   4.1397663075315450e-10	   7.0000000000000000e+00	
   6.1399999999999997e+00	   4.3784109671207716e-10	   7.0000000000000000e+00	
   6.1500000000000004e+00	   4.5876424881186040e-10	   7.0000000000000000e+00	
   6.1600000000000001e+00	   4.7651549373028956e-10	   7.0000000000000000e+00	
   6.1699999999999999e+00	   4.9453641182140018e-10	   7.0000000000000000e+00	
   6.1799999999999997e+00	   5.1682857993284870e-10	   7.0000000000000000e+00	
   6.1899999999999995e+00	   5.3615378803328895e-10	   7.0000000000000000e+00	
   6.2000000000000002e+00	   5.5230353623869632e-10	   7.0000000000000000e+00	
   6.2100000000000000e+00	   5.6510418566801945e-10	   7.0000000000000000e+00	
   6.2199999999999998e+00	   5.7441451595252602e-10	   7.0000000000000000e+00	
   6.2300000000000004e+00	   5.9022431386779317e-10	   7.0000000000000000e+00	
   6.2400000000000002e+00	   6.0568128290583445e-10	   7.0000000000000000e+00	
   6.2500000000000000e+00	   6.1780980331604951e-10	   7.0000000000000000e+00	
   6.2599999999999998e+00	   6.2648819465493943e-10	   7.0000000000000000e+00	
   6.2699999999999996e+00	   6.3162919339276868e-10	   7.0000000000000000e+00	
   6.2800000000000002e+00	   6.3630323232644059e-10	   7.0000000000000000e+00	
   6.2900000000000000e+00	   6.4847882619289976e-10	   7.0000000000000000e+00	
   6.2999999999999998e+00	   6.5724781173059910e-10	   7.0000000000000000e+00	
   6.3100000000000005e+00	   6.6253691421991334e-10	   7.0000000000000000e+00	
   6.3200000000000003e+00	   6.6430216882906734e-10	   7.0000000000000000e+00	
   6.3300000000000001e+00	   6.6254068897819707e-10	   7.0000000000000000e+00	
   6.3399999999999999e+00	   6.6705796442079190e-10	   7.0000000000000000e+00	
   6.3499999999999996e+00	   6.7303673745300330e-10	   7.0000000000000000e+00	
   6.3599999999999994e+00	   6.7556671368151910e-10	   7.0000000000000000e+00	
   6.3700000000000001e+00	   6.7465366626606738e-10	   7.0000000000000000e+00	
   6.3799999999999999e+00	   6.7032268624700464e-10	   7.0000000000000000e+00	
   6.3899999999999997e+00	   6.6426375511241531e-10	   7.0000000000000000e+00	
   6.4000000000000004e+00	   6.6792793518288818e-10	   7.0000000000000000e+00	
   6.4100000000000001e+00	   6.6823901967438815e-10	   7.0000000000000000e+00	
   6.4199999999999999e+00	   6.6522964914383920e-10	   7.0000000000000000e+00	
   6.4299999999999997e+00	   6.5895777723312676e-10	   7.0000000000000000e+00	
   6.4399999999999995e+00	   6.4950766986981989e-10	   7.0000000000000000e+00	
   6.4500000000000002e+00	   6.4488703266363245e-10	   7.0000000000000000e+00	
   6.4600000000000000e+00	   6.4341776351284352e-10	   7.0000000000000000e+00	
   6.4699999999999998e+00	   6.3879390665988467e-10	   7.0000000000000000e+00	
   6.4800000000000004e+00	   6.3110094927765203e-10	   7.0000000000000000e+00	
   6.4900000000000002e+00	   6.2045102389163276e-10	   7.0000000000000000e+00	
   6.5099999999999998e+00	   8.3846596332648460e-11	   8.0000000000000000e+00	
   6.5199999999999996e+00	   8.2743922824590754e-11	   8.0000000000000000e+00	
   6.5300000000000002e+00	   8.1252227168704394e-11	   8.0000000000000000e+00	
   6.5400000000000000e+00	   7.9400819252839483e-11	   8.0000000000000000e+00	
   6.5499999999999998e+00	   7.7209239002229424e-11	   8.0000000000000000e+00	
   6.5600000000000005e+00	   7.5443429281563112e-11	   8.0000000000000000e+00	
   6.5700000000000003e+00	   7.4256156779028970e-11	   8.0000000000000000e+00	
   6.5800000000000001e+00	   7.2726047406490579e-11	   8.0000000000000000e+00	
   6.5899999999999999e+00	   7.0876859936674919e-11	   8.0000000000000000e+00	
   6.5999999999999996e+00	   6.8729244517840016e-11	   8.0000000000000000e+00	
   6.6099999999999994e+00	   6.6310956725601500e-11	   8.0000000000000000e+00	
   6.6200000000000001e+00	   6.4918737052721553e-11	   8.0000000000000000e+00	
   6.6299999999999999e+00	   6.3388405635578238e-11	   8.0000000000000000e+00	
   6.6399999999999997e+00	   6.1580518462278633e-11	   8.0000000000000000e+00	
   6.6500000000000004e+00	   5.9516391814895542e-11	   8.0000000000000000e+00	
   6.6600000000000001e+00	   5.7225779670488919e-11	   8.0000000000000000e+00	
   6.6699999999999999e+00	   5.5141002874847800e-11	   8.0000000000000000e+00	
   6.6799999999999997e+00	   5.3636428631875788e-11	   8.0000000000000000e+00	
   6.6899999999999995e+00	   5.1895154840053692e-11	   8.0000000000000000e+00	
   6.7000000000000002e+00	   4.9941606405923267e-11	   8.0000000000000000e+00	
   6.7100000000000000e+00	   4.7802872771285365e-11	   8.0000000000000000e+00	
   6.7199999999999998e+00	   4.5503822931891591e-11	   8.0000000000000000e+00	
   6.7300000000000004e+00	   4.3817838246695828e-11	   8.0000000000000000e+00	
   6.7400000000000002e+00	   4.2161385493955095e-11	   8.0000000000000000e+00	
   6.7500000000000000e+00	   4.0333958395422087e-11	   8.0000000000000000e+00	
   6.7599999999999998e+00	   3.8360425946848409e-11	   8.0000000000000000e+00	
   6.7699999999999996e+00	   3.6263880787146263e-11	   8.0000000000000000e+00	
   6.7800000000000002e+00	   3.4233726964316702e-11	   8.0000000000000000e+00	
   6.7900000000000000e+00	   3.2671421124064182e-11	   8.0000000000000000e+00	
   6.7999999999999998e+00	   3.0975888520856643e-11	   8.0000000000000000e+00	
   6.8100000000000005e+00	   2.9171554061235838e-11	   8.0000000000000000e+00	
   6.8200000000000003e+00	   2.7274849045966221e-11	   8.0000000000000000e+00	
   6.8300000000000001e+00	   2.5317747898156995e-11	   8.0000000000000000e+00	
   6.8399999999999999e+00	   2.3664181725280287e-11	   8.0000000000000000e+00	
   6.8499999999999996e+00	   2.2100987706608066e-11	   8.0000000000000000e+00	
   6.8599999999999994e+00	   2.0458301719372685e-11	   8.0000000000000000e+00	
   6.8700000000000001e+00	   1.8764323428399621e-11	   8.0000000000000000e+00	
   6.8799999999999999e+00	   1.7035262089848402e-11	   8.0000000000000000e+00	
   6.8899999999999997e+00	   1.5330625657838937e-11	   8.0000000000000000e+00	
   6.9000000000000004e+00	   1.3891110484109959e-11	   8.0000000000000000e+00	
   6.9100000000000001e+00	   1.2410739103074775e-11	   8.0000000000000000e+00	
   6.9199999999999999e+00	   1.0904388503263363e-11	   8.0000000000000000e+00	
   6.9299999999999997e+00	   9.3915986099091242e-12	   8.0000000000000000e+00	
   6.9399999999999995e+00	   7.8872464115420371e-12	   8.0000000000000000e+00	
   6.9500000000000002e+00	   6.4926952703103780e-12	   8.0000000000000000e+00	
   6.9600000000000000e+00	   5.1606496853651151e-12	   8.0000000000000000e+00	
   6.9699999999999998e+00	   3.8294922788395525e-12	   8.0000000000000000e+00	
   6.9800000000000004e+00	   2.5132118608439669e-12	   8.0000000000000000e+00	
   6.9900000000000002e+00	   1.2322365350314612e-12	   8.0000000000000000e+00	
   7.0000000000000000e+00	   1.9984014443252818e-15	   1.0000000000000000e+00	
   7.0099999999999998e+00	   1.1994849558050191e-12	   8.0000000000000000e+00	
   7.0199999999999996e+00	   2.3722135367165720e-12	   8.0000000000000000e+00	
   7.0300000000000002e+00	   3.5043079549268441e-12	   8.0000000000000000e+00	
   7.0400000000000000e+00	   4.5865533593314467e-12	   8.0000000000000000e+00	
   7.0499999999999998e+00	   5.6037396944930151e-12	   8.0000000000000000e+00	
   7.0599999999999996e+00	   6.6081584648713942e-12	   8.0000000000000000e+00	
   7.0700000000000003e+00	   7.6363360079767517e-12	   8.0000000000000000e+00	
   7.0800000000000001e+00	   8.6087803552459263e-12	   8.0000000000000000e+00	
   7.0899999999999999e+00	   9.5130570088031163e-12	   8.0000000000000000e+00	
   7.0999999999999996e+00	   1.0339284983729158e-11	   8.0000000000000000e+00	
   7.1100000000000003e+00	   1.1074696715240862e-11	   8.0000000000000000e+00	
   7.1200000000000001e+00	   1.1948109168713472e-11	   8.0000000000000000e+00	
   7.1299999999999999e+00	   1.2777778835015852e-11	   8.0000000000000000e+00	
   7.1399999999999997e+00	   1.3526735287427982e-11	   8.0000000000000000e+00	
   7.1500000000000004e+00	   1.4184653451820850e-11	   8.0000000000000000e+00	
   7.1600000000000001e+00	   1.4745538123861479e-11	   8.0000000000000000e+00	
   7.1699999999999999e+00	   1.5316192758518810e-11	   8.0000000000000000e+00	
   7.1799999999999997e+00	   1.6020518245341009e-11	   8.0000000000000000e+00	
   7.1899999999999995e+00	   1.6633805444143945e-11	   8.0000000000000000e+00	
   7.2000000000000002e+00	   1.7147838704545393e-11	   8.0000000000000000e+00	
   7.2100000000000000e+00	   1.7559509402076401e-11	   8.0000000000000000e+00	
   7.2199999999999998e+00	   1.7863821533126156e-11	   8.0000000000000000e+00	
   7.2300000000000004e+00	   1.8368861987028140e-11	   8.0000000000000000e+00	
   7.2400000000000002e+00	   1.8864132478313422e-11	   8.0000000000000000e+00	
   7.2500000000000000e+00	   1.9257706540543040e-11	   8.0000000000000000e+00	
   7.2599999999999998e+00	   1.9543699991686481e-11	   8.0000000000000000e+00	
   7.2699999999999996e+00	   1.9719781363392030e-11	   8.0000000000000000e+00	
   7.2800000000000002e+00	   1.9878765300518353e-11	   8.0000000000000000e+00	
   7.2900000000000000e+00	   2.0274559808797221e-11	   8.0000000000000000e+00	
   7.2999999999999998e+00	   2.0564550062829312e-11	   8.0000000000000000e+00	
   7.3099999999999996e+00	   2.0745738460448138e-11	   8.0000000000000000e+00	
   7.3200000000000003e+00	   2.0814572287974897e-11	   8.0000000000000000e+00	
   7.3300000000000001e+00	   2.0774271192181004e-11	   8.0000000000000000e+00	
   7.3399999999999999e+00	   2.0931256727863001e-11	   8.0000000000000000e+00	
   7.3499999999999996e+00	   2.1134205496764480e-11	   8.0000000000000000e+00	
   7.3600000000000003e+00	   2.1226576052413293e-11	   8.0000000000000000e+00	
   7.3700000000000001e+00	   2.1213253376117791e-11	   8.0000000000000000e+00	
   7.3799999999999999e+00	   2.1091683954921336e-11	   8.0000000000000000e+00	
   7.3899999999999997e+00	   2.0915602583215787e-11	   8.0000000000000000e+00	
   7.4000000000000004e+00	   2.1042612097232904e-11	   8.0000000000000000e+00	
   7.4100000000000001e+00	   2.1066925981472195e-11	   8.0000000000000000e+00	
   7.4199999999999999e+00	   2.0986101745279484e-11	   8.0000000000000000e+00	
   7.4299999999999997e+00	   2.0801582678586783e-11	   8.0000000000000000e+00	
   7.4399999999999995e+00	   2.0514923093628568e-11	   8.0000000000000000e+00	
   7.4500000000000002e+00	   2.0382140419883399e-11	   8.0000000000000000e+00	
   7.4600000000000000e+00	   2.0348722706842182e-11	   8.0000000000000000e+00	
   7.4699999999999998e+00	   2.0215273899282238e-11	   8.0000000000000000e+00	
   7.4800000000000004e+00	   1.9982793197925730e-11	   8.0000000000000000e+00	
   7.4900000000000002e+00	   1.9656720695593322e-11	   8.0000000000000000e+00	
   7.5099999999999998e+00	   3.5703662248920409e-12	   8.0000000000000000e+00	
   7.5199999999999996e+00	   3.5366154449434362e-12	   8.0000000000000000e+00	
   7.5300000000000002e+00	   3.4828806505515786e-12	   8.0000000000000000e+00	
   7.5400000000000000e+00	   3.4158231798642191e-12	   8.0000000000000000e+00	
   7.5499999999999998e+00	   3.3341107652518076e-12	   8.0000000000000000e+00	
   7.5599999999999996e+00	   3.2691627183112359e-12	   8.0000000000000000e+00	
   7.5700000000000003e+00	   3.2276403771902551e-12	   8.0000000000000000e+00	
   7.5800000000000001e+00	   3.1723512705639223e-12	   8.0000000000000000e+00	
   7.5899999999999999e+00	   3.1030733538273125e-12	   8.0000000000000000e+00	
   7.5999999999999996e+00	   3.0200286715853508e-12	   8.0000000000000000e+00	
   7.6100000000000003e+00	   2.9225510900232621e-12	   8.0000000000000000e+00	
   7.6200000000000001e+00	   2.8705926524708048e-12	   8.0000000000000000e+00	
   7.6299999999999999e+00	   2.8128610551902966e-12	   8.0000000000000000e+00	
   7.6399999999999997e+00	   2.7431390492438368e-12	   8.0000000000000000e+00	
   7.6500000000000004e+00	   2.6587620993723249e-12	   8.0000000000000000e+00	
   7.6600000000000001e+00	   2.5650592760939617e-12	   8.0000000000000000e+00	
   7.6699999999999999e+00	   2.4804602816175247e-12	   8.0000000000000000e+00	
   7.6799999999999997e+00	   2.4213964167074664e-12	   8.0000000000000000e+00	
   7.6900000000000004e+00	   2.3498980539216063e-12	   8.0000000000000000e+00	
   7.7000000000000002e+00	   2.2681856393091948e-12	   8.0000000000000000e+00	
   7.7100000000000000e+00	   2.1784796189194822e-12	   8.0000000000000000e+00	
   7.7199999999999998e+00	   2.0821122603820186e-12	   8.0000000000000000e+00	
   7.7300000000000004e+00	   2.0103918529912335e-12	   8.0000000000000000e+00	
   7.7400000000000002e+00	   1.9402257578349236e-12	   8.0000000000000000e+00	
   7.7500000000000000e+00	   1.8629542353210127e-12	   8.0000000000000000e+00	
   7.7599999999999998e+00	   1.7785772854495008e-12	   8.0000000000000000e+00	
   7.7699999999999996e+00	   1.6875389974302379e-12	   8.0000000000000000e+00	
   7.7800000000000002e+00	   1.5962786648060501e-12	   8.0000000000000000e+00	
   7.7900000000000000e+00	   1.5283330156989905e-12	   8.0000000000000000e+00	
   7.7999999999999998e+00	   1.4550582960737302e-12	   8.0000000000000000e+00	
   7.8099999999999996e+00	   1.3751222383007189e-12	   8.0000000000000000e+00	
   7.8200000000000003e+00	   1.2885248423799567e-12	   8.0000000000000000e+00	
   7.8300000000000001e+00	   1.2001510896197942e-12	   8.0000000000000000e+00	
   7.8399999999999999e+00	   1.1257661469699087e-12	   8.0000000000000000e+00	
   7.8499999999999996e+00	   1.0560441410234489e-12	   8.0000000000000000e+00	
   7.8600000000000003e+00	   9.7788444008983788e-13	   8.0000000000000000e+00	
   7.8700000000000001e+00	   9.0083496218085202e-13	   8.0000000000000000e+00	
   7.8799999999999999e+00	   8.2067685980291571e-13	   8.0000000000000000e+00	
   7.8899999999999997e+00	   7.4185102505452960e-13	   8.0000000000000000e+00	
   7.9000000000000004e+00	   6.7235106371299480e-13	   8.0000000000000000e+00	
   7.9100000000000001e+00	   6.0329519158131006e-13	   8.0000000000000000e+00	
   7.9199999999999999e+00	   5.3224091800530005e-13	   8.0000000000000000e+00	
   7.9299999999999997e+00	   4.6052051061451493e-13	   8.0000000000000000e+00	
   7.9400000000000004e+00	   3.8657965717447951e-13	   8.0000000000000000e+00	
   7.9500000000000002e+00	   3.1941116418465754e-13	   8.0000000000000000e+00	
   7.9600000000000000e+00	   2.5524027336132349e-13	   8.0000000000000000e+00	
   7.9699999999999998e+00	   1.9062529332813938e-13	   8.0000000000000000e+00	
   7.9800000000000004e+00	   1.2390088954816747e-13	   8.0000000000000000e+00	
   7.9900000000000002e+00	   6.0729199446996063e-14	   8.0000000000000000e+00	
   8.0000000000000000e+00	   2.2204460492503131e-15	   1.0000000000000000e+00	
