   5.1000000000000001e-01	   6.2933416159805429e+00	   1.0000000000000000e+00	
   5.2000000000000002e-01	   3.2173949074220962e+00	   6.0000000000000000e+00	
   5.3000000000000003e-01	   1.2225522034551217e-01	   1.0000000000000000e+00	
   5.4000000000000004e-01	   1.1722443270091520e-01	   1.0000000000000000e+00	
   5.5000000000000004e-01	   1.1182169879342763e-01	   1.0000000000000000e+00	
   5.6000000000000005e-01	   1.0686247370643498e-01	   1.0000000000000000e+00	
   5.7000000000000006e-01	   1.0185892140328301e-01	   1.0000000000000000e+00	
   5.7999999999999996e-01	   9.6709162963598772e-02	   1.0000000000000000e+00	
   5.8999999999999997e-01	   9.1884919270881493e-02	   1.0000000000000000e+00	
   5.9999999999999998e-01	   8.7452106798788121e-02	   1.0000000000000000e+00	
   6.0999999999999999e-01	   8.3014684713902387e-02	   1.0000000000000000e+00	
   6.2000000000000000e-01	   7.9145177445853587e-02	   1.0000000000000000e+00	
   6.3000000000000000e-01	   7.5136732061067413e-02	   1.0000000000000000e+00	
   6.4000000000000001e-01	   7.1028416692579643e-02	   1.0000000000000000e+00	
   6.5000000000000002e-01	   6.7230137120170674e-02	   1.0000000000000000e+00	
   6.6000000000000003e-01	   6.3463653708165646e-02	   1.0000000000000000e+00	
   6.7000000000000004e-01	   6.0167252592001619e-02	   1.0000000000000000e+00	
   6.7999999999999994e-01	   5.7047539013701298e-02	   1.0000000000000000e+00	
   6.8999999999999995e-01	   5.3839565595538152e-02	   1.0000000000000000e+00	
   6.9999999999999996e-01	   5.0574451978923518e-02	   1.0000000000000000e+00	
   7.0999999999999996e-01	   4.7497638619953042e-02	   1.0000000000000000e+00	
   7.1999999999999997e-01	   4.4495926652218465e-02	   1.0000000000000000e+00	
   7.2999999999999998e-01	   4.2063477949760841e-02	   1.0000000000000000e+00	
   7.3999999999999999e-01	   3.9559526560130287e-02	   1.0000000000000000e+00	
   7.5000000000000000e-01	   3.7010485519616942e-02	   1.0000000000000000e+00	
   7.6000000000000001e-01	   3.4440782005827231e-02	   1.0000000000000000e+00	
   7.7000000000000002e-01	   3.1944531873473014e-02	   1.0000000000000000e+00	
   7.8000000000000003e-01	   2.9811793033476919e-02	   1.0000000000000000e+00	
   7.9000000000000004e-01	   2.7855623579762012e-02	   1.0000000000000000e+00	
   8.0000000000000004e-01	   2.5868808703426893e-02	   1.0000000000000000e+00	
   8.1000000000000005e-01	   2.3871785129400136e-02	   1.0000000000000000e+00	
   8.2000000000000006e-01	   2.1883356359045480e-02	   1.0000000000000000e+00	
   8.3000000000000007e-01	   1.9938785833625294e-02	   1.0000000000000000e+00	
   8.4000000000000008e-01	   1.8407612998425193e-02	   1.0000000000000000e+00	
   8.5000000000000009e-01	   1.6860648160044400e-02	   1.0000000000000000e+00	
   8.5999999999999999e-01	   1.5314739377393138e-02	   1.0000000000000000e+00	
   8.7000000000000000e-01	   1.3785342031720660e-02	   1.0000000000000000e+00	
   8.8000000000000000e-01	   1.2286527548682979e-02	   1.0000000000000000e+00	
   8.9000000000000001e-01	   1.0915679827760094e-02	   1.0000000000000000e+00	
   9.0000000000000002e-01	   9.7122614958271569e-03	   1.0000000000000000e+00	
   9.1000000000000003e-01	   8.5207349708515956e-03	   1.0000000000000000e+00	
   9.1999999999999993e-01	   7.3535857103470548e-03	   1.0000000000000000e+00	
   9.2999999999999994e-01	   6.2220974827071895e-03	   1.0000000000000000e+00	
   9.3999999999999995e-01	   5.1363573426255194e-03	   1.0000000000000000e+00	
   9.4999999999999996e-01	   4.1695304363036367e-03	   1.0000000000000000e+00	
   9.5999999999999996e-01	   3.2561393450526444e-03	   1.0000000000000000e+00	
   9.6999999999999997e-01	   2.3741786421783706e-03	   1.0000000000000000e+00	
   9.7999999999999998e-01	   1.5324853531436533e-03	   1.0000000000000000e+00	
   9.8999999999999999e-01	   7.3884524342515689e-04	   1.0000000000000000e+00	
   1.0000000000000000e+00	   3.3306690738754696e-16	   1.0000000000000000e+00	
   1.0100000000000000e+00	   6.2831416868167125e+00	   1.0000000000000000e+00	
   1.0200000000000000e+00	   6.2830165840373491e+00	   1.0000000000000000e+00	
   1.0300000000000000e+00	   6.2828188283537498e+00	   1.0000000000000000e+00	
   1.0400000000000000e+00	   6.2825574296105531e+00	   1.0000000000000000e+00	
   1.0500000000000000e+00	   6.2822414847377033e+00	   1.0000000000000000e+00	
   1.0600000000000001e+00	   6.2830861533550051e+00	   1.0000000000000000e+00	
   1.0700000000000001e+00	   6.2828221569558806e+00	   1.0000000000000000e+00	
   1.0800000000000001e+00	   6.2825080628207228e+00	   1.0000000000000000e+00	
   1.0899999999999999e+00	   6.2821519359052393e+00	   1.0000000000000000e+00	
   1.1000000000000001e+00	   6.2817618221166791e+00	   1.0000000000000000e+00	
   1.1099999999999999e+00	   6.2813456690714800e+00	   1.0000000000000000e+00	
   1.1200000000000001e+00	   6.2828624038602943e+00	   1.0000000000000000e+00	
   1.1299999999999999e+00	   6.2824695802099715e+00	   1.0000000000000000e+00	
   1.1400000000000001e+00	   6.2820523610532746e+00	   1.0000000000000000e+00	
   1.1499999999999999e+00	   6.2816178067260555e+00	   1.0000000000000000e+00	
   1.1600000000000001e+00	   6.2811728024966360e+00	   1.0000000000000000e+00	
   1.1699999999999999e+00	   6.2830424281653698e+00	   1.0000000000000000e+00	
   1.1800000000000002e+00	   6.2826037449437404e+00	   1.0000000000000000e+00	
   1.1899999999999999e+00	   7.0897992349114869e-03	   1.0000000000000000e+00	
   1.2000000000000002e+00	   7.1732920414915302e-03	   1.0000000000000000e+00	
   1.2100000000000000e+00	   7.2068755574330456e-03	   1.0000000000000000e+00	
   1.2200000000000000e+00	   7.1910245084747526e-03	   1.0000000000000000e+00	
   1.2300000000000000e+00	   7.2645816838026178e-03	   1.0000000000000000e+00	
   1.2400000000000000e+00	   7.3121248569445463e-03	   1.0000000000000000e+00	
   1.2500000000000000e+00	   7.3130423070622008e-03	   1.0000000000000000e+00	
   1.2600000000000000e+00	   7.2680996469451919e-03	   1.0000000000000000e+00	
   1.2700000000000000e+00	   7.1785642124573279e-03	   1.0000000000000000e+00	
   1.2800000000000000e+00	   7.1027127947431712e-03	   1.0000000000000000e+00	
   1.2900000000000000e+00	   7.0833373077590078e-03	   1.0000000000000000e+00	
   1.3000000000000000e+00	   7.0212210527782482e-03	   1.0000000000000000e+00	
   1.3100000000000001e+00	   6.9178405322571912e-03	   1.0000000000000000e+00	
   1.3200000000000001e+00	   6.7750937639912134e-03	   1.0000000000000000e+00	
   1.3300000000000001e+00	   6.5952663800687983e-03	   1.0000000000000000e+00	
   1.3399999999999999e+00	   6.5063942549736797e-03	   1.0000000000000000e+00	
   1.3500000000000001e+00	   6.3966167576654520e-03	   1.0000000000000000e+00	
   1.3599999999999999e+00	   6.2506436039888591e-03	   1.0000000000000000e+00	
   1.3700000000000001e+00	   6.0708584271735866e-03	   1.0000000000000000e+00	
   1.3799999999999999e+00	   5.8599548180304772e-03	   1.0000000000000000e+00	
   1.3900000000000001e+00	   5.6748111454980599e-03	   1.0000000000000000e+00	
   1.3999999999999999e+00	   5.5296040001413527e-03	   1.0000000000000000e+00	
   1.4100000000000001e+00	   5.3536531569180479e-03	   1.0000000000000000e+00	
   1.4199999999999999e+00	   5.1496975112728105e-03	   1.0000000000000000e+00	
   1.4300000000000002e+00	   4.9207121430188128e-03	   1.0000000000000000e+00	
   1.4399999999999999e+00	   4.6734096886132948e-03	   1.0000000000000000e+00	
   1.4500000000000002e+00	   4.5027523598785146e-03	   1.0000000000000000e+00	
   1.4600000000000000e+00	   4.3070902235841091e-03	   1.0000000000000000e+00	
   1.4700000000000000e+00	   4.0893995364751357e-03	   1.0000000000000000e+00	
   1.4800000000000000e+00	   3.8528222649080179e-03	   1.0000000000000000e+00	
   1.4900000000000000e+00	   3.6006274471850341e-03	   1.0000000000000000e+00	
   1.5100000000000000e+00	   7.4414288255452155e-03	   1.0000000000000000e+00	
   1.5200000000000000e+00	   2.6029379441816491e-04	   2.0000000000000000e+00	
   1.5300000000000000e+00	   2.6712770548276144e-04	   2.0000000000000000e+00	
   1.5400000000000000e+00	   2.7213347555854472e-04	   2.0000000000000000e+00	
   1.5500000000000000e+00	   2.7671814278340534e-04	   2.0000000000000000e+00	
   1.5600000000000001e+00	   2.8374294618327411e-04	   2.0000000000000000e+00	
   1.5700000000000001e+00	   2.8901543114701056e-04	   2.0000000000000000e+00	
   1.5800000000000001e+00	   2.9247965524747954e-04	   2.0000000000000000e+00	
   1.5900000000000001e+00	   2.9410322594225491e-04	   2.0000000000000000e+00	
   1.6000000000000001e+00	   2.9387695428750860e-04	   2.0000000000000000e+00	
   1.6100000000000001e+00	   2.9548053904537852e-04	   2.0000000000000000e+00	
   1.6200000000000001e+00	   2.9777923393536909e-04	   2.0000000000000000e+00	
   1.6300000000000001e+00	   2.9828936628861769e-04	   2.0000000000000000e+00	
   1.6400000000000001e+00	   2.9701938119375271e-04	   2.0000000000000000e+00	
   1.6500000000000001e+00	   2.9399861727430476e-04	   2.0000000000000000e+00	
   1.6599999999999999e+00	   2.8927637551579011e-04	   2.0000000000000000e+00	
   1.6699999999999999e+00	   2.8885092785890798e-04	   2.0000000000000000e+00	
   1.6799999999999999e+00	   2.8683935935513993e-04	   2.0000000000000000e+00	
   1.6899999999999999e+00	   2.8316599084132754e-04	   2.0000000000000000e+00	
   1.7000000000000000e+00	   2.7789204534811596e-04	   2.0000000000000000e+00	
   1.7100000000000000e+00	   2.7109585604612185e-04	   2.0000000000000000e+00	
   1.7200000000000000e+00	   2.6505556591782664e-04	   2.0000000000000000e+00	
   1.7300000000000000e+00	   2.6093602251142656e-04	   2.0000000000000000e+00	
   1.7400000000000000e+00	   2.5531769804665316e-04	   2.0000000000000000e+00	
   1.7500000000000000e+00	   2.4828737695692382e-04	   2.0000000000000000e+00	
   1.7600000000000000e+00	   2.3994602046073510e-04	   2.0000000000000000e+00	
   1.7700000000000000e+00	   2.3040731353685118e-04	   2.0000000000000000e+00	
   1.7800000000000000e+00	   2.1620668135380328e-04	   3.0000000000000000e+00	
   1.7900000000000000e+00	   1.9772472470136471e-04	   3.0000000000000000e+00	
   1.8000000000000000e+00	   1.7959774417941610e-04	   3.0000000000000000e+00	
   1.8100000000000001e+00	   1.6199177854980817e-04	   3.0000000000000000e+00	
   1.8200000000000001e+00	   1.4504769758350022e-04	   3.0000000000000000e+00	
   1.8300000000000001e+00	   1.2888241414499291e-04	   3.0000000000000000e+00	
   1.8400000000000001e+00	   1.1544529460927322e-04	   3.0000000000000000e+00	
   1.8500000000000001e+00	   1.0313772971959345e-04	   3.0000000000000000e+00	
   1.8600000000000001e+00	   9.1307398614404178e-05	   3.0000000000000000e+00	
   1.8700000000000001e+00	   8.0047872945687715e-05	   3.0000000000000000e+00	
   1.8800000000000001e+00	   6.9434279798219478e-05	   3.0000000000000000e+00	
   1.8900000000000001e+00	   5.9786976791098567e-05	   3.0000000000000000e+00	
   1.9000000000000001e+00	   5.1717540248574778e-05	   3.0000000000000000e+00	
   1.9099999999999999e+00	   4.4076235567125366e-05	   3.0000000000000000e+00	
   1.9199999999999999e+00	   3.6921029808345551e-05	   3.0000000000000000e+00	
   1.9299999999999999e+00	   3.0295898451937475e-05	   3.0000000000000000e+00	
   1.9399999999999999e+00	   2.4231840402455518e-05	   3.0000000000000000e+00	
   1.9500000000000000e+00	   1.9031841605898769e-05	   3.0000000000000000e+00	
   1.9600000000000000e+00	   1.4378990386920698e-05	   3.0000000000000000e+00	
   1.9700000000000000e+00	   1.0132727269573927e-05	   3.0000000000000000e+00	
   1.9800000000000000e+00	   6.3143801243281672e-06	   3.0000000000000000e+00	
   1.9900000000000000e+00	   2.9357472987046052e-06	   3.0000000000000000e+00	
   2.0000000000000000e+00	   5.5511151231257827e-16	   1.0000000000000000e+00	
   2.0099999999999998e+00	   1.0595268305602090e-05	   2.0000000000000000e+00	
   2.0200000000000000e+00	   4.7950689832099158e-06	   3.0000000000000000e+00	
   2.0300000000000002e+00	   6.6892337119428547e-06	   3.0000000000000000e+00	
   2.0400000000000000e+00	   8.2473978039176998e-06	   3.0000000000000000e+00	
   2.0499999999999998e+00	   9.4769663732119369e-06	   3.0000000000000000e+00	
   2.0600000000000001e+00	   1.0555470724815663e-05	   3.0000000000000000e+00	
   2.0700000000000003e+00	   1.1432949048151286e-05	   3.0000000000000000e+00	
   2.0800000000000001e+00	   1.2053212353979603e-05	   3.0000000000000000e+00	
   2.0899999999999999e+00	   1.2426147063093751e-05	   3.0000000000000000e+00	
   2.1000000000000001e+00	   1.2565626323013390e-05	   3.0000000000000000e+00	
   2.1100000000000003e+00	   1.2573994521813958e-05	   3.0000000000000000e+00	
   2.1200000000000001e+00	   1.2578622650583071e-05	   3.0000000000000000e+00	
   2.1299999999999999e+00	   1.2396587635299383e-05	   3.0000000000000000e+00	
   2.1400000000000001e+00	   1.2042710202386786e-05	   3.0000000000000000e+00	
   2.1500000000000004e+00	   1.1534225269116405e-05	   3.0000000000000000e+00	
   2.1600000000000001e+00	   1.0901045906175355e-05	   3.0000000000000000e+00	
   2.1699999999999999e+00	   1.0377661713745212e-05	   3.0000000000000000e+00	
   2.1799999999999997e+00	   9.7290126661597753e-06	   3.0000000000000000e+00	
   2.1899999999999999e+00	   8.9721856202373829e-06	   3.0000000000000000e+00	
   2.2000000000000002e+00	   8.1254873482983214e-06	   3.0000000000000000e+00	
   2.2100000000000000e+00	   7.2401728301585422e-06	   3.0000000000000000e+00	
   2.2199999999999998e+00	   6.4311405689743140e-06	   3.0000000000000000e+00	
   2.2300000000000000e+00	   5.5494165338565438e-06	   3.0000000000000000e+00	
   2.2400000000000002e+00	   4.6124152439652732e-06	   3.0000000000000000e+00	
   2.2500000000000000e+00	   3.7026266508366490e-06	   3.0000000000000000e+00	
   2.2599999999999998e+00	   2.8193352714644959e-06	   3.0000000000000000e+00	
   2.2700000000000000e+00	   1.9976523639719801e-06	   3.0000000000000000e+00	
   2.2800000000000002e+00	   1.5491535262368572e-06	   3.0000000000000000e+00	
   2.2900000000000000e+00	   1.9989976480783156e-06	   3.0000000000000000e+00	
   2.2999999999999998e+00	   2.8258510615941645e-06	   3.0000000000000000e+00	
   2.3100000000000001e+00	   3.7126763570149990e-06	   3.0000000000000000e+00	
   2.3200000000000003e+00	   4.5718658301385773e-06	   3.0000000000000000e+00	
   2.3300000000000001e+00	   5.4736983678971285e-06	   3.0000000000000000e+00	
   2.3399999999999999e+00	   6.3136039420985668e-06	   3.0000000000000000e+00	
   2.3500000000000001e+00	   7.0802092417832085e-06	   3.0000000000000000e+00	
   2.3600000000000003e+00	   7.8469728379548798e-06	   3.0000000000000000e+00	
   2.3700000000000001e+00	   8.6434628725484686e-06	   3.0000000000000000e+00	
   2.3799999999999999e+00	   9.3679379060684909e-06	   3.0000000000000000e+00	
   2.3900000000000001e+00	   1.0011163954715130e-05	   3.0000000000000000e+00	
   2.4000000000000004e+00	   1.0565309423116176e-05	   3.0000000000000000e+00	
   2.4100000000000001e+00	   1.1148345684830474e-05	   3.0000000000000000e+00	
   2.4199999999999999e+00	   1.1761626823592053e-05	   3.0000000000000000e+00	
   2.4299999999999997e+00	   1.2289070126847434e-05	   3.0000000000000000e+00	
   2.4399999999999999e+00	   1.2724699589128363e-05	   3.0000000000000000e+00	
   2.4500000000000002e+00	   1.3063943769875408e-05	   3.0000000000000000e+00	
   2.4600000000000000e+00	   1.3361697008607010e-05	   3.0000000000000000e+00	
   2.4699999999999998e+00	   1.3786969534690385e-05	   3.0000000000000000e+00	
   2.4800000000000000e+00	   1.4119945054735794e-05	   3.0000000000000000e+00	
   2.4900000000000002e+00	   1.4357607622472734e-05	   3.0000000000000000e+00	
   2.5100000000000002e+00	   5.7153271859622379e-07	   4.0000000000000000e+00	
   2.5200000000000000e+00	   5.4998323684163353e-07	   4.0000000000000000e+00	
   2.5300000000000002e+00	   5.2532485617096114e-07	   4.0000000000000000e+00	
   2.5400000000000000e+00	   5.0729154077444605e-07	   4.0000000000000000e+00	
   2.5499999999999998e+00	   4.8735461488647047e-07	   4.0000000000000000e+00	
   2.5600000000000001e+00	   4.6456058822030855e-07	   4.0000000000000000e+00	
   2.5699999999999998e+00	   4.3930542981129861e-07	   4.0000000000000000e+00	
   2.5800000000000001e+00	   4.1200578992928172e-07	   4.0000000000000000e+00	
   2.5899999999999999e+00	   3.9128532103305247e-07	   4.0000000000000000e+00	
   2.6000000000000001e+00	   3.6857619578611889e-07	   4.0000000000000000e+00	
   2.6099999999999999e+00	   3.4399912651750242e-07	   4.0000000000000000e+00	
   2.6200000000000001e+00	   3.1795842181381317e-07	   4.0000000000000000e+00	
   2.6299999999999999e+00	   2.9430087677972949e-07	   4.0000000000000000e+00	
   2.6400000000000001e+00	   2.7262123114546455e-07	   4.0000000000000000e+00	
   2.6499999999999999e+00	   2.4961454658800619e-07	   4.0000000000000000e+00	
   2.6600000000000001e+00	   2.2566431545634202e-07	   4.0000000000000000e+00	
   2.6699999999999999e+00	   2.0522939170319887e-07	   4.0000000000000000e+00	
   2.6800000000000002e+00	   1.8520293210144700e-07	   4.0000000000000000e+00	
   2.6899999999999999e+00	   1.6434231442374880e-07	   4.0000000000000000e+00	
   2.7000000000000002e+00	   1.4750296917220851e-07	   4.0000000000000000e+00	
   2.7100000000000000e+00	   1.3022970812848200e-07	   4.0000000000000000e+00	
   2.7200000000000002e+00	   1.1692720747191743e-07	   4.0000000000000000e+00	
   2.7300000000000000e+00	   1.0574414432973356e-07	   4.0000000000000000e+00	
   2.7400000000000002e+00	   9.8315839358598112e-08	   4.0000000000000000e+00	
   2.7500000000000000e+00	   9.5136422628705475e-08	   4.0000000000000000e+00	
   2.7600000000000002e+00	   9.5611838446529873e-08	   4.0000000000000000e+00	
   2.7700000000000000e+00	   9.8273113424696135e-08	   4.0000000000000000e+00	
   2.7800000000000002e+00	   1.0254148619104342e-07	   4.0000000000000000e+00	
   2.7900000000000000e+00	   1.0730687960425200e-07	   4.0000000000000000e+00	
   2.8000000000000003e+00	   1.1139113698099834e-07	   4.0000000000000000e+00	
   2.8100000000000001e+00	   1.1485968309798977e-07	   4.0000000000000000e+00	
   2.8199999999999998e+00	   1.1835407365268225e-07	   4.0000000000000000e+00	
   2.8300000000000001e+00	   1.1990126935756962e-07	   4.0000000000000000e+00	
   2.8399999999999999e+00	   1.2038932961644377e-07	   4.0000000000000000e+00	
   2.8500000000000001e+00	   1.2119237435825880e-07	   4.0000000000000000e+00	
   2.8599999999999999e+00	   1.2018934203439358e-07	   4.0000000000000000e+00	
   2.8700000000000001e+00	   1.1744978323235955e-07	   4.0000000000000000e+00	
   2.8799999999999999e+00	   1.1375652531064873e-07	   4.0000000000000000e+00	
   2.8900000000000001e+00	   1.1025155166599632e-07	   4.0000000000000000e+00	
   2.8999999999999999e+00	   1.0512925574523990e-07	   4.0000000000000000e+00	
   2.9100000000000001e+00	   9.8496893530253260e-08	   4.0000000000000000e+00	
   2.9199999999999999e+00	   9.0489437276630724e-08	   4.0000000000000000e+00	
   2.9300000000000002e+00	   8.2402304313333730e-08	   4.0000000000000000e+00	
   2.9399999999999999e+00	   7.3537574918347559e-08	   4.0000000000000000e+00	
   2.9500000000000002e+00	   6.2269788769775403e-08	   5.0000000000000000e+00	
   2.9600000000000000e+00	   4.5495801459516372e-08	   5.0000000000000000e+00	
   2.9700000000000002e+00	   3.0959390384666108e-08	   5.0000000000000000e+00	
   2.9800000000000000e+00	   1.8600694651205174e-08	   5.0000000000000000e+00	
   2.9900000000000002e+00	   8.3229954039865106e-09	   5.0000000000000000e+00	
   3.0000000000000000e+00	   8.8817841970012523e-16	   1.0000000000000000e+00	
   3.0100000000000002e+00	   6.7023562255741354e-09	   5.0000000000000000e+00	
   3.0200000000000000e+00	   1.1987487225084692e-08	   5.0000000000000000e+00	
   3.0300000000000002e+00	   1.5944156328551173e-08	   5.0000000000000000e+00	
   3.0400000000000000e+00	   1.8680448632402147e-08	   5.0000000000000000e+00	
   3.0500000000000003e+00	   2.0318625781889921e-08	   5.0000000000000000e+00	
   3.0600000000000001e+00	   2.1436491026705085e-08	   5.0000000000000000e+00	
   3.0699999999999998e+00	   2.1775531156009720e-08	   5.0000000000000000e+00	
   3.0800000000000001e+00	   2.1390523574638109e-08	   5.0000000000000000e+00	
   3.0899999999999999e+00	   2.0382992849121706e-08	   5.0000000000000000e+00	
   3.1000000000000001e+00	   1.8858651307240848e-08	   5.0000000000000000e+00	
   3.1099999999999999e+00	   1.7327217216589474e-08	   5.0000000000000000e+00	
   3.1200000000000001e+00	   1.5436036004956577e-08	   5.0000000000000000e+00	
   3.1299999999999999e+00	   1.3237480445127403e-08	   5.0000000000000000e+00	
   3.1400000000000001e+00	   1.0830914387582879e-08	   5.0000000000000000e+00	
   3.1499999999999999e+00	   8.6040148339350253e-09	   5.0000000000000000e+00	
   3.1600000000000001e+00	   6.2469793782327088e-09	   5.0000000000000000e+00	
   3.1699999999999999e+00	   4.3599419630169223e-09	   5.0000000000000000e+00	
   3.1800000000000002e+00	   4.2761797436341453e-09	   5.0000000000000000e+00	
   3.1899999999999999e+00	   6.2014380297625848e-09	   5.0000000000000000e+00	
   3.2000000000000002e+00	   8.5264266758144913e-09	   5.0000000000000000e+00	
   3.2100000000000000e+00	   1.0681924678124233e-08	   5.0000000000000000e+00	
   3.2200000000000002e+00	   1.2947379834926664e-08	   5.0000000000000000e+00	
   3.2300000000000000e+00	   1.4999038233654005e-08	   5.0000000000000000e+00	
   3.2400000000000002e+00	   1.6791707357910468e-08	   5.0000000000000000e+00	
   3.2500000000000000e+00	   1.8325195583202003e-08	   5.0000000000000000e+00	
   3.2600000000000002e+00	   1.9972779874422031e-08	   5.0000000000000000e+00	
   3.2700000000000000e+00	   2.1357526636123225e-08	   5.0000000000000000e+00	
   3.2800000000000002e+00	   2.2464731408433636e-08	   5.0000000000000000e+00	
   3.2900000000000000e+00	   2.3286650829845712e-08	   5.0000000000000000e+00	
   3.3000000000000003e+00	   2.3822265049489033e-08	   5.0000000000000000e+00	
   3.3100000000000001e+00	   2.4478552740347936e-08	   5.0000000000000000e+00	
   3.3199999999999998e+00	   2.4928960451475746e-08	   5.0000000000000000e+00	
   3.3300000000000001e+00	   2.5114410551196897e-08	   5.0000000000000000e+00	
   3.3399999999999999e+00	   2.5043672691182906e-08	   5.0000000000000000e+00	
   3.3500000000000001e+00	   2.4730612668832919e-08	   5.0000000000000000e+00	
   3.3599999999999999e+00	   2.4193662406801764e-08	   5.0000000000000000e+00	
   3.3700000000000001e+00	   2.3846417285255939e-08	   5.0000000000000000e+00	
   3.3799999999999999e+00	   2.3284032035775226e-08	   5.0000000000000000e+00	
   3.3900000000000001e+00	   2.2525737053413764e-08	   5.0000000000000000e+00	
   3.3999999999999999e+00	   2.1594563470728190e-08	   5.0000000000000000e+00	
   3.4100000000000001e+00	   2.0516305987428041e-08	   5.0000000000000000e+00	
   3.4199999999999999e+00	   1.9318905808418663e-08	   5.0000000000000000e+00	
   3.4300000000000002e+00	   1.8031794946082869e-08	   5.0000000000000000e+00	
   3.4399999999999999e+00	   1.6778333833400438e-08	   5.0000000000000000e+00	
   3.4500000000000002e+00	   1.5487972238048542e-08	   5.0000000000000000e+00	
   3.4600000000000000e+00	   1.4131844583431530e-08	   5.0000000000000000e+00	
   3.4700000000000002e+00	   1.2739014287888040e-08	   5.0000000000000000e+00	
   3.4800000000000000e+00	   1.1338518790537933e-08	   5.0000000000000000e+00	
   3.4900000000000002e+00	   1.0105599468346327e-08	   5.0000000000000000e+00	
   3.5100000000000002e+00	   7.0834094145766358e-10	   6.0000000000000000e+00	
   3.5200000000000000e+00	   7.5957806711102194e-10	   6.0000000000000000e+00	
   3.5300000000000002e+00	   8.2294959735662587e-10	   6.0000000000000000e+00	
   3.5400000000000000e+00	   8.7704943307898020e-10	   6.0000000000000000e+00	
   3.5500000000000003e+00	   9.2129359696713209e-10	   6.0000000000000000e+00	
   3.5600000000000001e+00	   9.6964580809100198e-10	   6.0000000000000000e+00	
   3.5700000000000003e+00	   1.0168902386809009e-09	   6.0000000000000000e+00	
   3.5800000000000001e+00	   1.0545998518907140e-09	   6.0000000000000000e+00	
   3.5899999999999999e+00	   1.0824566798461888e-09	   6.0000000000000000e+00	
   3.6000000000000001e+00	   1.1080389938911139e-09	   6.0000000000000000e+00	
   3.6099999999999999e+00	   1.1396266152985390e-09	   6.0000000000000000e+00	
   3.6200000000000001e+00	   1.1618430661997081e-09	   6.0000000000000000e+00	
   3.6299999999999999e+00	   1.1745937555929231e-09	   6.0000000000000000e+00	
   3.6400000000000001e+00	   1.1779426323244024e-09	   6.0000000000000000e+00	
   3.6499999999999999e+00	   1.1825045387325872e-09	   6.0000000000000000e+00	
   3.6600000000000001e+00	   1.1910870068021495e-09	   6.0000000000000000e+00	
   3.6699999999999999e+00	   1.1908605213051260e-09	   6.0000000000000000e+00	
   3.6800000000000002e+00	   1.1820537881845894e-09	   6.0000000000000000e+00	
   3.6899999999999999e+00	   1.1650107545335686e-09	   6.0000000000000000e+00	
   3.7000000000000002e+00	   1.1448955117288051e-09	   6.0000000000000000e+00	
   3.7100000000000000e+00	   1.1342733419184015e-09	   6.0000000000000000e+00	
   3.7200000000000002e+00	   1.1160288249101313e-09	   6.0000000000000000e+00	
   3.7300000000000000e+00	   1.0906109348951532e-09	   6.0000000000000000e+00	
   3.7400000000000002e+00	   1.0585641252447431e-09	   6.0000000000000000e+00	
   3.7500000000000000e+00	   1.0205016831577041e-09	   6.0000000000000000e+00	
   3.7600000000000002e+00	   9.9107522189001429e-10	   6.0000000000000000e+00	
   3.7700000000000000e+00	   9.6008978545114587e-10	   6.0000000000000000e+00	
   3.7800000000000002e+00	   9.2361895909220948e-10	   6.0000000000000000e+00	
   3.7900000000000000e+00	   8.8231066897037635e-10	   6.0000000000000000e+00	
   3.8000000000000003e+00	   8.3685014473644515e-10	   6.0000000000000000e+00	
   3.8100000000000001e+00	   7.8990214369412115e-10	   6.0000000000000000e+00	
   3.8200000000000003e+00	   7.5155504042356824e-10	   6.0000000000000000e+00	
   3.8300000000000001e+00	   7.0948025232553391e-10	   6.0000000000000000e+00	
   3.8399999999999999e+00	   6.6434591161623757e-10	   6.0000000000000000e+00	
   3.8500000000000001e+00	   6.1683724794647787e-10	   6.0000000000000000e+00	
   3.8599999999999999e+00	   5.6763171940588109e-10	   6.0000000000000000e+00	
   3.8700000000000001e+00	   5.2037374409508175e-10	   6.0000000000000000e+00	
   3.8799999999999999e+00	   4.7754533660793186e-10	   6.0000000000000000e+00	
   3.8900000000000001e+00	   4.3327719190244807e-10	   6.0000000000000000e+00	
   3.8999999999999999e+00	   3.8818170899901361e-10	   6.0000000000000000e+00	
   3.9100000000000001e+00	   3.4285396743882757e-10	   6.0000000000000000e+00	
   3.9199999999999999e+00	   2.9784796851117790e-10	   6.0000000000000000e+00	
   3.9300000000000002e+00	   2.5484614418758156e-10	   6.0000000000000000e+00	
   3.9399999999999999e+00	   2.1514190429172686e-10	   6.0000000000000000e+00	
   3.9500000000000002e+00	   1.7585066736103272e-10	   6.0000000000000000e+00	
   3.9600000000000000e+00	   1.3564804834942379e-10	   7.0000000000000000e+00	
   3.9700000000000002e+00	   8.9763974031598082e-11	   7.0000000000000000e+00	
   3.9800000000000000e+00	   5.2365778380192296e-11	   7.0000000000000000e+00	
   3.9900000000000002e+00	   2.2712609570874065e-11	   7.0000000000000000e+00	
   4.0000000000000000e+00	   1.1102230246251565e-15	   2.0000000000000000e+00	
   4.0099999999999998e+00	   1.7112200545454925e-11	   7.0000000000000000e+00	
   4.0199999999999996e+00	   2.9462987605199942e-11	   7.0000000000000000e+00	
   4.0300000000000002e+00	   3.7595149215974288e-11	   7.0000000000000000e+00	
   4.0400000000000000e+00	   4.2082892726114096e-11	   7.0000000000000000e+00	
   4.0500000000000007e+00	   4.3705927765813612e-11	   7.0000000000000000e+00	
   4.0600000000000005e+00	   4.3673953342704408e-11	   7.0000000000000000e+00	
   4.0700000000000003e+00	   4.1577630227607187e-11	   7.0000000000000000e+00	
   4.0800000000000001e+00	   3.7827962984238184e-11	   7.0000000000000000e+00	
   4.0899999999999999e+00	   3.2819524875549178e-11	   7.0000000000000000e+00	
   4.0999999999999996e+00	   2.7776447808491866e-11	   7.0000000000000000e+00	
   4.1099999999999994e+00	   2.2020829604230130e-11	   7.0000000000000000e+00	
   4.1200000000000001e+00	   1.6336709762754253e-11	   7.0000000000000000e+00	
   4.1299999999999999e+00	   1.1618483952702263e-11	   7.0000000000000000e+00	
   4.1400000000000006e+00	   1.1912804076530392e-11	   7.0000000000000000e+00	
   4.1500000000000004e+00	   1.6747048192655711e-11	   7.0000000000000000e+00	
   4.1600000000000001e+00	   2.2614354833194739e-11	   7.0000000000000000e+00	
   4.1699999999999999e+00	   2.8093971593534661e-11	   7.0000000000000000e+00	
   4.1799999999999997e+00	   3.3420377576476312e-11	   7.0000000000000000e+00	
   4.1899999999999995e+00	   3.7967851085340953e-11	   7.0000000000000000e+00	
   4.2000000000000002e+00	   4.1691095020723878e-11	   7.0000000000000000e+00	
   4.2100000000000000e+00	   4.5247583457808105e-11	   7.0000000000000000e+00	
   4.2200000000000006e+00	   4.8261616925060480e-11	   7.0000000000000000e+00	
   4.2300000000000004e+00	   5.0476733903792592e-11	   7.0000000000000000e+00	
   4.2400000000000002e+00	   5.1908921605559044e-11	   7.0000000000000000e+00	
   4.2500000000000000e+00	   5.2587489918209940e-11	   7.0000000000000000e+00	
   4.2599999999999998e+00	   5.2748916345990438e-11	   7.0000000000000000e+00	
   4.2699999999999996e+00	   5.2884807644204557e-11	   7.0000000000000000e+00	
   4.2799999999999994e+00	   5.2377213677345935e-11	   7.0000000000000000e+00	
   4.2900000000000000e+00	   5.1294080094521632e-11	   7.0000000000000000e+00	
   4.2999999999999998e+00	   4.9705572990887958e-11	   7.0000000000000000e+00	
   4.3100000000000005e+00	   4.7693404781057325e-11	   7.0000000000000000e+00	
   4.3200000000000003e+00	   4.5343728771740643e-11	   7.0000000000000000e+00	
   4.3300000000000001e+00	   4.2753356410685228e-11	   7.0000000000000000e+00	
   4.3399999999999999e+00	   4.0013325985910342e-11	   7.0000000000000000e+00	
   4.3499999999999996e+00	   3.7214897830040172e-11	   7.0000000000000000e+00	
   4.3599999999999994e+00	   3.4441782759131456e-11	   7.0000000000000000e+00	
   4.3700000000000001e+00	   3.1783464748968981e-11	   7.0000000000000000e+00	
   4.3799999999999999e+00	   2.9310776028523833e-11	   7.0000000000000000e+00	
   4.3900000000000006e+00	   2.7158053583775654e-11	   7.0000000000000000e+00	
   4.4000000000000004e+00	   2.6192603641561618e-11	   7.0000000000000000e+00	
   4.4100000000000001e+00	   2.6154634014119438e-11	   7.0000000000000000e+00	
   4.4199999999999999e+00	   2.7105873101618272e-11	   7.0000000000000000e+00	
   4.4299999999999997e+00	   2.9235724952059172e-11	   7.0000000000000000e+00	
   4.4399999999999995e+00	   3.1692426460949719e-11	   7.0000000000000000e+00	
   4.4499999999999993e+00	   3.4331204545878791e-11	   7.0000000000000000e+00	
   4.4600000000000000e+00	   3.7088110360627979e-11	   7.0000000000000000e+00	
   4.4699999999999998e+00	   3.9899195058978876e-11	   7.0000000000000000e+00	
   4.4800000000000004e+00	   4.2697401170244120e-11	   7.0000000000000000e+00	
   4.4900000000000002e+00	   4.5424997097143205e-11	   7.0000000000000000e+00	
   4.5099999999999998e+00	   2.7527979895580756e-12	   8.0000000000000000e+00	
   4.5199999999999996e+00	   2.7807756097786296e-12	   8.0000000000000000e+00	
   4.5299999999999994e+00	   2.7894353493707058e-12	   8.0000000000000000e+00	
   4.5400000000000000e+00	   2.7736701824210286e-12	   8.0000000000000000e+00	
   4.5499999999999998e+00	   2.7383650902379486e-12	   8.0000000000000000e+00	
   4.5600000000000005e+00	   2.6852964296608661e-12	   8.0000000000000000e+00	
   4.5700000000000003e+00	   2.6553204079959869e-12	   8.0000000000000000e+00	
   4.5800000000000001e+00	   2.6084689963568053e-12	   8.0000000000000000e+00	
   4.5899999999999999e+00	   2.5462965069777965e-12	   8.0000000000000000e+00	
   4.5999999999999996e+00	   2.4703572520934358e-12	   8.0000000000000000e+00	
   4.6099999999999994e+00	   2.3864243914317740e-12	   8.0000000000000000e+00	
   4.6200000000000001e+00	   2.2909452113140105e-12	   8.0000000000000000e+00	
   4.6299999999999999e+00	   2.1929125182396092e-12	   8.0000000000000000e+00	
   4.6400000000000006e+00	   2.1063151223188470e-12	   8.0000000000000000e+00	
   4.6500000000000004e+00	   2.0152768342995842e-12	   8.0000000000000000e+00	
   4.6600000000000001e+00	   1.9162449405030202e-12	   8.0000000000000000e+00	
   4.6699999999999999e+00	   1.8136603330276557e-12	   8.0000000000000000e+00	
   4.6799999999999997e+00	   1.7108536809473662e-12	   8.0000000000000000e+00	
   4.6899999999999995e+00	   1.6113776979409522e-12	   8.0000000000000000e+00	
   4.6999999999999993e+00	   1.5103474027000630e-12	   8.0000000000000000e+00	
   4.7100000000000000e+00	   1.4128698211379742e-12	   8.0000000000000000e+00	
   4.7199999999999998e+00	   1.3202772208842362e-12	   8.0000000000000000e+00	
   4.7300000000000004e+00	   1.2361223156176493e-12	   8.0000000000000000e+00	
   4.7400000000000002e+00	   1.1550760348200129e-12	   8.0000000000000000e+00	
   4.7500000000000000e+00	   1.0813572259849025e-12	   8.0000000000000000e+00	
   4.7599999999999998e+00	   1.0142997552975430e-12	   8.0000000000000000e+00	
   4.7699999999999996e+00	   9.6633812063373625e-13	   8.0000000000000000e+00	
   4.7799999999999994e+00	   9.2970076082110609e-13	   8.0000000000000000e+00	
   4.7900000000000000e+00	   8.9617202547742636e-13	   8.0000000000000000e+00	
   4.7999999999999998e+00	   8.6775031604702235e-13	   8.0000000000000000e+00	
   4.8100000000000005e+00	   8.4898754693085721e-13	   8.0000000000000000e+00	
   4.8200000000000003e+00	   8.3844042819691822e-13	   8.0000000000000000e+00	
   4.8300000000000001e+00	   8.2533979650634137e-13	   8.0000000000000000e+00	
   4.8399999999999999e+00	   8.1101791948867685e-13	   8.0000000000000000e+00	
   4.8499999999999996e+00	   7.9414252951437447e-13	   8.0000000000000000e+00	
   4.8599999999999994e+00	   7.7682305033022203e-13	   8.0000000000000000e+00	
   4.8700000000000001e+00	   7.5306427760324368e-13	   8.0000000000000000e+00	
   4.8799999999999999e+00	   7.2442052356791464e-13	   8.0000000000000000e+00	
   4.8900000000000006e+00	   6.9066974361930988e-13	   8.0000000000000000e+00	
   4.9000000000000004e+00	   6.5403238380667972e-13	   8.0000000000000000e+00	
   4.9100000000000001e+00	   6.0895732900689836e-13	   8.0000000000000000e+00	
   4.9199999999999999e+00	   5.5810911447906619e-13	   8.0000000000000000e+00	
   4.9299999999999997e+00	   5.0404125317982107e-13	   8.0000000000000000e+00	
   4.9399999999999995e+00	   4.4930725806580085e-13	   8.0000000000000000e+00	
   4.9499999999999993e+00	   3.8580250105724190e-13	   8.0000000000000000e+00	
   4.9600000000000000e+00	   3.1674662892555716e-13	   8.0000000000000000e+00	
   4.9699999999999998e+00	   2.4302782009044677e-13	   8.0000000000000000e+00	
   4.9800000000000004e+00	   1.6675549829869851e-13	   8.0000000000000000e+00	
   4.9900000000000002e+00	   8.4265927569049381e-14	   8.0000000000000000e+00	
   5.0000000000000000e+00	   1.3322676295501878e-15	   1.0000000000000000e+00	
   5.0099999999999998e+00	   9.0372154204487742e-14	   8.0000000000000000e+00	
   5.0199999999999996e+00	   1.8296475445822580e-13	   8.0000000000000000e+00	
   5.0299999999999994e+00	   2.7555735471196385e-13	   8.0000000000000000e+00	
   5.0400000000000000e+00	   3.7259084706420253e-13	   8.0000000000000000e+00	
   5.0499999999999998e+00	   4.6984638402136625e-13	   8.0000000000000000e+00	
   5.0600000000000005e+00	   5.6665783176867990e-13	   8.0000000000000000e+00	
   5.0700000000000003e+00	   6.6857630542926927e-13	   8.0000000000000000e+00	
   5.0800000000000001e+00	   7.7360340355880908e-13	   8.0000000000000000e+00	
   5.0899999999999999e+00	   8.7774232326864876e-13	   8.0000000000000000e+00	
   5.0999999999999996e+00	   9.7899466311446304e-13	   8.0000000000000000e+00	
   5.1099999999999994e+00	   1.0746958878371515e-12	   8.0000000000000000e+00	
   5.1200000000000001e+00	   1.1681766665105897e-12	   8.0000000000000000e+00	
   5.1299999999999999e+00	   1.2760903445041549e-12	   8.0000000000000000e+00	
   5.1400000000000006e+00	   1.3800072196090696e-12	   8.0000000000000000e+00	
   5.1500000000000004e+00	   1.4754863997268330e-12	   8.0000000000000000e+00	
   5.1600000000000001e+00	   1.5674128661657960e-12	   8.0000000000000000e+00	
   5.1699999999999999e+00	   1.6511236822225328e-12	   8.0000000000000000e+00	
   5.1799999999999997e+00	   1.7377210781432950e-12	   8.0000000000000000e+00	
   5.1899999999999995e+00	   1.8314239014216582e-12	   8.0000000000000000e+00	
   5.1999999999999993e+00	   1.9200196987867457e-12	   8.0000000000000000e+00	
   5.2100000000000000e+00	   1.9992896227449819e-12	   8.0000000000000000e+00	
   5.2199999999999998e+00	   2.0676793610618915e-12	   8.0000000000000000e+00	
   5.2300000000000004e+00	   2.1223023338734492e-12	   8.0000000000000000e+00	
   5.2400000000000002e+00	   2.2024604362513855e-12	   8.0000000000000000e+00	
   5.2500000000000000e+00	   2.2755131112717208e-12	   8.0000000000000000e+00	
   5.2599999999999998e+00	   2.3370194668359545e-12	   8.0000000000000000e+00	
   5.2699999999999996e+00	   2.3858692799194614e-12	   8.0000000000000000e+00	
   5.2799999999999994e+00	   2.4191759706582161e-12	   8.0000000000000000e+00	
   5.2900000000000000e+00	   2.4660273822973977e-12	   8.0000000000000000e+00	
   5.2999999999999998e+00	   2.5195401320843303e-12	   8.0000000000000000e+00	
   5.3100000000000005e+00	   2.5597302055757609e-12	   8.0000000000000000e+00	
   5.3200000000000003e+00	   2.5837110229076643e-12	   8.0000000000000000e+00	
   5.3300000000000001e+00	   2.5961455207834661e-12	   8.0000000000000000e+00	
   5.3399999999999999e+00	   2.6110225093134432e-12	   8.0000000000000000e+00	
   5.3499999999999996e+00	   2.6421087540029475e-12	   8.0000000000000000e+00	
   5.3599999999999994e+00	   2.6567636979279996e-12	   8.0000000000000000e+00	
   5.3700000000000001e+00	   2.6594282331871000e-12	   8.0000000000000000e+00	
   5.3799999999999999e+00	   2.6478819137309983e-12	   8.0000000000000000e+00	
   5.3900000000000006e+00	   2.6371127503921343e-12	   8.0000000000000000e+00	
   5.4000000000000004e+00	   2.6428859101201851e-12	   8.0000000000000000e+00	
   5.4100000000000001e+00	   2.6362245719724342e-12	   8.0000000000000000e+00	
   5.4199999999999999e+00	   2.6157964683193313e-12	   8.0000000000000000e+00	
   5.4299999999999997e+00	   2.5811575099510264e-12	   8.0000000000000000e+00	
   5.4399999999999995e+00	   2.5534019343353975e-12	   8.0000000000000000e+00	
   5.4499999999999993e+00	   2.5383029012004954e-12	   8.0000000000000000e+00	
   5.4600000000000000e+00	   2.5098811917700914e-12	   8.0000000000000000e+00	
   5.4699999999999998e+00	   2.4672486276244854e-12	   8.0000000000000000e+00	
   5.4800000000000004e+00	   2.4095170303439772e-12	   8.0000000000000000e+00	
   5.4900000000000002e+00	   2.3798740755864856e-12	   8.0000000000000000e+00	
   5.5099999999999998e+00	   2.7488011866694251e-12	   8.0000000000000000e+00	
   5.5199999999999996e+00	   2.7430280269413743e-12	   8.0000000000000000e+00	
   5.5299999999999994e+00	   2.7299273952507974e-12	   8.0000000000000000e+00	
   5.5400000000000000e+00	   2.7030599980548686e-12	   8.0000000000000000e+00	
   5.5499999999999998e+00	   2.6664226382422385e-12	   8.0000000000000000e+00	
   5.5600000000000005e+00	   2.6200153158129069e-12	   8.0000000000000000e+00	
   5.5700000000000003e+00	   2.5949242754563784e-12	   8.0000000000000000e+00	
   5.5800000000000001e+00	   2.5693891458899998e-12	   8.0000000000000000e+00	
   5.5899999999999999e+00	   2.5338620091019948e-12	   8.0000000000000000e+00	
   5.5999999999999996e+00	   2.4890089989071384e-12	   8.0000000000000000e+00	
   5.6099999999999994e+00	   2.4397150966137815e-12	   8.0000000000000000e+00	
   5.6200000000000001e+00	   2.3788748748643229e-12	   8.0000000000000000e+00	
   5.6299999999999999e+00	   2.3390178682802798e-12	   8.0000000000000000e+00	
   5.6400000000000006e+00	   2.2972734825543739e-12	   8.0000000000000000e+00	
   5.6500000000000004e+00	   2.2497559371004172e-12	   8.0000000000000000e+00	
   5.6600000000000001e+00	   2.1920243398199091e-12	   8.0000000000000000e+00	
   5.6699999999999999e+00	   2.1276314043916500e-12	   8.0000000000000000e+00	
   5.6799999999999997e+00	   2.0576873538402651e-12	   8.0000000000000000e+00	
   5.6899999999999995e+00	   2.0090595853616833e-12	   8.0000000000000000e+00	
   5.6999999999999993e+00	   1.9548807017599756e-12	   8.0000000000000000e+00	
   5.7100000000000000e+00	   1.8944845692203671e-12	   8.0000000000000000e+00	
   5.7199999999999998e+00	   1.8287593661625579e-12	   8.0000000000000000e+00	
   5.7300000000000004e+00	   1.7608137170554983e-12	   8.0000000000000000e+00	
   5.7400000000000002e+00	   1.6857626405908377e-12	   8.0000000000000000e+00	
   5.7500000000000000e+00	   1.6233681066069039e-12	   8.0000000000000000e+00	
   5.7599999999999998e+00	   1.5616397064377452e-12	   8.0000000000000000e+00	
   5.7699999999999996e+00	   1.4954704141700859e-12	   8.0000000000000000e+00	
   5.7799999999999994e+00	   1.4288570326925765e-12	   8.0000000000000000e+00	
   5.7900000000000000e+00	   1.3564704914870163e-12	   8.0000000000000000e+00	
   5.7999999999999998e+00	   1.2809753258125056e-12	   8.0000000000000000e+00	
   5.8100000000000005e+00	   1.2114753644709708e-12	   8.0000000000000000e+00	
   5.8200000000000003e+00	   1.1497469643018121e-12	   8.0000000000000000e+00	
   5.8300000000000001e+00	   1.0826894936144527e-12	   8.0000000000000000e+00	
   5.8399999999999999e+00	   1.0131895322729179e-12	   8.0000000000000000e+00	
   5.8499999999999996e+00	   9.4257934790675790e-13	   8.0000000000000000e+00	
   5.8599999999999994e+00	   8.7374552037999820e-13	   8.0000000000000000e+00	
   5.8700000000000001e+00	   8.0135897917443799e-13	   8.0000000000000000e+00	
   5.8799999999999999e+00	   7.3629990993140382e-13	   8.0000000000000000e+00	
   5.8900000000000006e+00	   6.7190697450314474e-13	   8.0000000000000000e+00	
   5.9000000000000004e+00	   6.0884630670443585e-13	   8.0000000000000000e+00	
   5.9100000000000001e+00	   5.4267701443677652e-13	   8.0000000000000000e+00	
   5.9199999999999999e+00	   4.7672976677404222e-13	   8.0000000000000000e+00	
   5.9299999999999997e+00	   4.1144865292608301e-13	   8.0000000000000000e+00	
   5.9399999999999995e+00	   3.4994229736184934e-13	   8.0000000000000000e+00	
   5.9500000000000002e+00	   2.8954616482224083e-13	   8.0000000000000000e+00	
   5.9600000000000000e+00	   2.2915003228263231e-13	   8.0000000000000000e+00	
   5.9699999999999998e+00	   1.6964207816272392e-13	   8.0000000000000000e+00	
   5.9800000000000004e+00	   1.1368683772161603e-13	   8.0000000000000000e+00	
   5.9900000000000002e+00	   5.5733195836182858e-14	   8.0000000000000000e+00	
   6.0000000000000000e+00	   1.7763568394002505e-15	   1.0000000000000000e+00	
   6.0099999999999998e+00	   5.5289106626332796e-14	   8.0000000000000000e+00	
   6.0199999999999996e+00	   1.0857981180834031e-13	   8.0000000000000000e+00	
   6.0300000000000002e+00	   1.5787371410169726e-13	   8.0000000000000000e+00	
   6.0400000000000000e+00	   2.0938806244430452e-13	   8.0000000000000000e+00	
   6.0499999999999998e+00	   2.6001423236721166e-13	   8.0000000000000000e+00	
   6.0600000000000005e+00	   3.0886404545071855e-13	   8.0000000000000000e+00	
   6.0700000000000003e+00	   3.5282887722587475e-13	   8.0000000000000000e+00	
   6.0800000000000001e+00	   3.9901415505028126e-13	   8.0000000000000000e+00	
   6.0899999999999999e+00	   4.4297898682543746e-13	   8.0000000000000000e+00	
   6.0999999999999996e+00	   4.8605564018089353e-13	   8.0000000000000000e+00	
   6.1099999999999994e+00	   5.2424731222799892e-13	   8.0000000000000000e+00	
   6.1200000000000001e+00	   5.6588067565144229e-13	   8.0000000000000000e+00	
   6.1299999999999999e+00	   6.0762506137734817e-13	   8.0000000000000000e+00	
   6.1399999999999997e+00	   6.4803717947370387e-13	   8.0000000000000000e+00	
   6.1500000000000004e+00	   6.8489658389125907e-13	   8.0000000000000000e+00	
   6.1600000000000001e+00	   7.2308825593836445e-13	   8.0000000000000000e+00	
   6.1699999999999999e+00	   7.6083583877561978e-13	   8.0000000000000000e+00	
   6.1799999999999997e+00	   7.9725115398332491e-13	   8.0000000000000000e+00	
   6.1899999999999995e+00	   8.2966966630237948e-13	   8.0000000000000000e+00	
   6.2000000000000002e+00	   8.6475271388053443e-13	   8.0000000000000000e+00	
   6.2100000000000000e+00	   8.9894758303898925e-13	   8.0000000000000000e+00	
   6.2199999999999998e+00	   9.3181018456789388e-13	   8.0000000000000000e+00	
   6.2300000000000004e+00	   9.6200825083769814e-13	   8.0000000000000000e+00	
   6.2400000000000002e+00	   9.9398267394690265e-13	   8.0000000000000000e+00	
   6.2500000000000000e+00	   1.0283995877102825e-12	   8.0000000000000000e+00	
   6.2599999999999998e+00	   1.0639267244982875e-12	   8.0000000000000000e+00	
   6.2699999999999996e+00	   1.0985656828665924e-12	   8.0000000000000000e+00	
   6.2800000000000002e+00	   1.1305401059757969e-12	   8.0000000000000000e+00	
   6.2900000000000000e+00	   1.1651790643441018e-12	   8.0000000000000000e+00	
   6.2999999999999998e+00	   1.1993739335025566e-12	   8.0000000000000000e+00	
   6.3100000000000005e+00	   1.2331247134511614e-12	   8.0000000000000000e+00	
   6.3200000000000003e+00	   1.2637668689308157e-12	   8.0000000000000000e+00	
   6.3300000000000001e+00	   1.2961853812498703e-12	   8.0000000000000000e+00	
   6.3399999999999999e+00	   1.3281598043590748e-12	   8.0000000000000000e+00	
   6.3499999999999996e+00	   1.3592460490485792e-12	   8.0000000000000000e+00	
   6.3599999999999994e+00	   1.3867795800592830e-12	   8.0000000000000000e+00	
   6.3700000000000001e+00	   1.4156453786995371e-12	   8.0000000000000000e+00	
   6.3799999999999999e+00	   1.4472867349013541e-12	   8.0000000000000000e+00	
   6.3899999999999997e+00	   1.4819256932696590e-12	   8.0000000000000000e+00	
   6.4000000000000004e+00	   1.5130119379591633e-12	   8.0000000000000000e+00	
   6.4100000000000001e+00	   1.5458745394880680e-12	   8.0000000000000000e+00	
   6.4199999999999999e+00	   1.5769607841775724e-12	   8.0000000000000000e+00	
   6.4299999999999997e+00	   1.6062706720276765e-12	   8.0000000000000000e+00	
   6.4399999999999995e+00	   1.6311396677792800e-12	   8.0000000000000000e+00	
   6.4500000000000002e+00	   1.6555645743210334e-12	   8.0000000000000000e+00	
   6.4600000000000000e+00	   1.6773249456036865e-12	   8.0000000000000000e+00	
   6.4699999999999998e+00	   1.6981971384666394e-12	   8.0000000000000000e+00	
   6.4800000000000004e+00	   1.7252865802674933e-12	   8.0000000000000000e+00	
   6.4900000000000002e+00	   1.7528201112781971e-12	   8.0000000000000000e+00	
   6.5099999999999998e+00	   2.8084201630917960e-12	   8.0000000000000000e+00	
   6.5199999999999996e+00	   2.8053115386228455e-12	   8.0000000000000000e+00	
   6.5300000000000002e+00	   2.7933211299568939e-12	   8.0000000000000000e+00	
   6.5400000000000000e+00	   2.7680080449954403e-12	   8.0000000000000000e+00	
   6.5499999999999998e+00	   2.7315927297877352e-12	   8.0000000000000000e+00	
   6.5600000000000005e+00	   2.7227109455907339e-12	   8.0000000000000000e+00	
   6.5700000000000003e+00	   2.7116087153444823e-12	   8.0000000000000000e+00	
   6.5800000000000001e+00	   2.6871838088027289e-12	   8.0000000000000000e+00	
   6.5899999999999999e+00	   2.6534330288541241e-12	   8.0000000000000000e+00	
   6.5999999999999996e+00	   2.6090241078691179e-12	   8.0000000000000000e+00	
   6.6099999999999994e+00	   2.5719426588466376e-12	   8.0000000000000000e+00	
   6.6200000000000001e+00	   2.5479618415147343e-12	   8.0000000000000000e+00	
   6.6299999999999999e+00	   2.5150992399858296e-12	   8.0000000000000000e+00	
   6.6399999999999997e+00	   2.4715784974205235e-12	   8.0000000000000000e+00	
   6.6500000000000004e+00	   2.4227286843370166e-12	   8.0000000000000000e+00	
   6.6600000000000001e+00	   2.3605561949580078e-12	   8.0000000000000000e+00	
   6.6699999999999999e+00	   2.3216983890961274e-12	   8.0000000000000000e+00	
   6.6799999999999997e+00	   2.2803980925800715e-12	   8.0000000000000000e+00	
   6.6899999999999995e+00	   2.2315482794965646e-12	   8.0000000000000000e+00	
   6.7000000000000002e+00	   2.1720403253766563e-12	   8.0000000000000000e+00	
   6.7100000000000000e+00	   2.1049828546892968e-12	   8.0000000000000000e+00	
   6.7199999999999998e+00	   2.0414780976807378e-12	   8.0000000000000000e+00	
   6.7300000000000004e+00	   1.9946266860415562e-12	   8.0000000000000000e+00	
   6.7400000000000002e+00	   1.9368950887610481e-12	   8.0000000000000000e+00	
   6.7500000000000000e+00	   1.8718360195180139e-12	   8.0000000000000000e+00	
   6.7599999999999998e+00	   1.7998935675223038e-12	   8.0000000000000000e+00	
   6.7699999999999996e+00	   1.7219559111936178e-12	   8.0000000000000000e+00	
   6.7800000000000002e+00	   1.6662227153574349e-12	   8.0000000000000000e+00	
   6.7900000000000000e+00	   1.6027179583488760e-12	   8.0000000000000000e+00	
   6.7999999999999998e+00	   1.5329959524024162e-12	   8.0000000000000000e+00	
   6.8100000000000005e+00	   1.4575007867279055e-12	   8.0000000000000000e+00	
   6.8200000000000003e+00	   1.3802292642139946e-12	   8.0000000000000000e+00	
   6.8300000000000001e+00	   1.3060663661690342e-12	   8.0000000000000000e+00	
   6.8399999999999999e+00	   1.2378986724570495e-12	   8.0000000000000000e+00	
   6.8499999999999996e+00	   1.1644019082268642e-12	   8.0000000000000000e+00	
   6.8599999999999994e+00	   1.0893508317622036e-12	   8.0000000000000000e+00	
   6.8700000000000001e+00	   1.0080825063596421e-12	   8.0000000000000000e+00	
   6.8799999999999999e+00	   9.2581498023491804e-13	   8.0000000000000000e+00	
   6.8899999999999997e+00	   8.5387252823920790e-13	   8.0000000000000000e+00	
   6.9000000000000004e+00	   7.8081985321887259e-13	   8.0000000000000000e+00	
   6.9100000000000001e+00	   7.0199401847048648e-13	   8.0000000000000000e+00	
   6.9199999999999999e+00	   6.2128080458023760e-13	   8.0000000000000000e+00	
   6.9299999999999997e+00	   5.3923532306043853e-13	   8.0000000000000000e+00	
   6.9399999999999995e+00	   4.6440629120070298e-13	   8.0000000000000000e+00	
   6.9500000000000002e+00	   3.8746783559417963e-13	   8.0000000000000000e+00	
   6.9600000000000000e+00	   3.0875302314825603e-13	   8.0000000000000000e+00	
   6.9699999999999998e+00	   2.2970514379494489e-13	   8.0000000000000000e+00	
   6.9800000000000004e+00	   1.5309975509580909e-13	   8.0000000000000000e+00	
   6.9900000000000002e+00	   7.5495165674510645e-14	   8.0000000000000000e+00	
   7.0000000000000000e+00	   1.9984014443252818e-15	   1.0000000000000000e+00	
   7.0099999999999998e+00	   7.9047879353311146e-14	   8.0000000000000000e+00	
   7.0199999999999996e+00	   1.5498713423767185e-13	   8.0000000000000000e+00	
   7.0300000000000002e+00	   2.2759572004815709e-13	   8.0000000000000000e+00	
   7.0400000000000000e+00	   3.0042635046356736e-13	   8.0000000000000000e+00	
   7.0499999999999998e+00	   3.7569947153315297e-13	   8.0000000000000000e+00	
   7.0599999999999996e+00	   4.5030645878796349e-13	   8.0000000000000000e+00	
   7.0700000000000003e+00	   5.2025050933934835e-13	   8.0000000000000000e+00	
   7.0800000000000001e+00	   5.9019455989073322e-13	   8.0000000000000000e+00	
   7.0899999999999999e+00	   6.5636385215839255e-13	   8.0000000000000000e+00	
   7.0999999999999996e+00	   7.2586381349992735e-13	   8.0000000000000000e+00	
   7.1100000000000003e+00	   7.9403150721191196e-13	   8.0000000000000000e+00	
   7.1200000000000001e+00	   8.6175511171404651e-13	   8.0000000000000000e+00	
   7.1299999999999999e+00	   9.2525986872260546e-13	   8.0000000000000000e+00	
   7.1399999999999997e+00	   9.8432373363266379e-13	   8.0000000000000000e+00	
   7.1500000000000004e+00	   1.0411671524934718e-12	   8.0000000000000000e+00	
   7.1600000000000001e+00	   1.1071144001562061e-12	   8.0000000000000000e+00	
   7.1699999999999999e+00	   1.1683987111155147e-12	   8.0000000000000000e+00	
   7.1799999999999997e+00	   1.2252421299763228e-12	   8.0000000000000000e+00	
   7.1899999999999995e+00	   1.2736478538499796e-12	   8.0000000000000000e+00	
   7.2000000000000002e+00	   1.3200551762793111e-12	   8.0000000000000000e+00	
   7.2100000000000000e+00	   1.3800072196090696e-12	   8.0000000000000000e+00	
   7.2199999999999998e+00	   1.4344081478157023e-12	   8.0000000000000000e+00	
   7.2300000000000004e+00	   1.4803713810351837e-12	   8.0000000000000000e+00	
   7.2400000000000002e+00	   1.5225598559709397e-12	   8.0000000000000000e+00	
   7.2500000000000000e+00	   1.5580869927589447e-12	   8.0000000000000000e+00	
   7.2599999999999998e+00	   1.6071588504473766e-12	   8.0000000000000000e+00	
   7.2699999999999996e+00	   1.6542323066914832e-12	   8.0000000000000000e+00	
   7.2800000000000002e+00	   1.6915358003188885e-12	   8.0000000000000000e+00	
   7.2900000000000000e+00	   1.7243984018477931e-12	   8.0000000000000000e+00	
   7.2999999999999998e+00	   1.7497114868092467e-12	   8.0000000000000000e+00	
   7.3099999999999996e+00	   1.7854606682021767e-12	   8.0000000000000000e+00	
   7.3200000000000003e+00	   1.8214318942000318e-12	   8.0000000000000000e+00	
   7.3300000000000001e+00	   1.8520740496796861e-12	   8.0000000000000000e+00	
   7.3399999999999999e+00	   1.8756107778017395e-12	   8.0000000000000000e+00	
   7.3499999999999996e+00	   1.8911539001464917e-12	   8.0000000000000000e+00	
   7.3600000000000003e+00	   1.9096946246577318e-12	   8.0000000000000000e+00	
   7.3700000000000001e+00	   1.9394486017176860e-12	   8.0000000000000000e+00	
   7.3799999999999999e+00	   1.9612089730003390e-12	   8.0000000000000000e+00	
   7.3899999999999997e+00	   1.9745316492958409e-12	   8.0000000000000000e+00	
   7.4000000000000004e+00	   1.9771961845549413e-12	   8.0000000000000000e+00	
   7.4100000000000001e+00	   1.9854118349371674e-12	   8.0000000000000000e+00	
   7.4199999999999999e+00	   2.0053958493804203e-12	   8.0000000000000000e+00	
   7.4299999999999997e+00	   2.0169421688365219e-12	   8.0000000000000000e+00	
   7.4399999999999995e+00	   2.0178303472562220e-12	   8.0000000000000000e+00	
   7.4500000000000002e+00	   2.0138335443675714e-12	   8.0000000000000000e+00	
   7.4600000000000000e+00	   2.0095036745715333e-12	   8.0000000000000000e+00	
   7.4699999999999998e+00	   2.0192736371882347e-12	   8.0000000000000000e+00	
   7.4800000000000004e+00	   2.0183854587685346e-12	   8.0000000000000000e+00	
   7.4900000000000002e+00	   2.0126122990404838e-12	   8.0000000000000000e+00	
   7.5099999999999998e+00	   1.6526779944570080e-12	   8.0000000000000000e+00	
   7.5199999999999996e+00	   1.6551204851111834e-12	   8.0000000000000000e+00	
   7.5300000000000002e+00	   1.6540102620865582e-12	   8.0000000000000000e+00	
   7.5400000000000000e+00	   1.6433521210501567e-12	   8.0000000000000000e+00	
   7.5499999999999998e+00	   1.6489032361732825e-12	   8.0000000000000000e+00	
   7.5599999999999996e+00	   1.6484591469634324e-12	   8.0000000000000000e+00	
   7.5700000000000003e+00	   1.6449064332846319e-12	   8.0000000000000000e+00	
   7.5800000000000001e+00	   1.6313617123842050e-12	   8.0000000000000000e+00	
   7.5899999999999999e+00	   1.6177059691813156e-12	   8.0000000000000000e+00	
   7.5999999999999996e+00	   1.6145973447123652e-12	   8.0000000000000000e+00	
   7.6100000000000003e+00	   1.6081580511695392e-12	   8.0000000000000000e+00	
   7.6200000000000001e+00	   1.5921708396149370e-12	   8.0000000000000000e+00	
   7.6299999999999999e+00	   1.5697443345175088e-12	   8.0000000000000000e+00	
   7.6399999999999997e+00	   1.5515366769136563e-12	   8.0000000000000000e+00	
   7.6500000000000004e+00	   1.5422108035068050e-12	   8.0000000000000000e+00	
   7.6600000000000001e+00	   1.5237811012980274e-12	   8.0000000000000000e+00	
   7.6699999999999999e+00	   1.4989121055464238e-12	   8.0000000000000000e+00	
   7.6799999999999997e+00	   1.4684919946716946e-12	   8.0000000000000000e+00	
   7.6900000000000004e+00	   1.4479528687161292e-12	   8.0000000000000000e+00	
   7.7000000000000002e+00	   1.4261924974334761e-12	   8.0000000000000000e+00	
   7.7100000000000000e+00	   1.3991030556326223e-12	   8.0000000000000000e+00	
   7.7199999999999998e+00	   1.3662404541037176e-12	   8.0000000000000000e+00	
   7.7300000000000004e+00	   1.3307133173157126e-12	   8.0000000000000000e+00	
   7.7400000000000002e+00	   1.3002932064409833e-12	   8.0000000000000000e+00	
   7.7500000000000000e+00	   1.2705392293810291e-12	   8.0000000000000000e+00	
   7.7599999999999998e+00	   1.2347900479880991e-12	   8.0000000000000000e+00	
   7.7699999999999996e+00	   1.1941558852868184e-12	   8.0000000000000000e+00	
   7.7800000000000002e+00	   1.1521894549559875e-12	   8.0000000000000000e+00	
   7.7900000000000000e+00	   1.1144418721187321e-12	   8.0000000000000000e+00	
   7.7999999999999998e+00	   1.0766942892814768e-12	   8.0000000000000000e+00	
   7.8099999999999996e+00	   1.0336176359260207e-12	   8.0000000000000000e+00	
   7.8200000000000003e+00	   9.8920871494101448e-13	   8.0000000000000000e+00	
   7.8300000000000001e+00	   9.3813845580825728e-13	   8.0000000000000000e+00	
   7.8399999999999999e+00	   8.9284135640355089e-13	   8.0000000000000000e+00	
   7.8499999999999996e+00	   8.4754425699884450e-13	   8.0000000000000000e+00	
   7.8600000000000003e+00	   8.0091488996458793e-13	   8.0000000000000000e+00	
   7.8700000000000001e+00	   7.4784622938750545e-13	   8.0000000000000000e+00	
   7.8799999999999999e+00	   6.9189098894639756e-13	   8.0000000000000000e+00	
   7.8899999999999997e+00	   6.3904437297424010e-13	   8.0000000000000000e+00	
   7.9000000000000004e+00	   5.8975047068088315e-13	   8.0000000000000000e+00	
   7.9100000000000001e+00	   5.3512749786932545e-13	   8.0000000000000000e+00	
   7.9199999999999999e+00	   4.7717385598389228e-13	   8.0000000000000000e+00	
   7.9299999999999997e+00	   4.1766590186398389e-13	   8.0000000000000000e+00	
   7.9400000000000004e+00	   3.6259883984257613e-13	   8.0000000000000000e+00	
   7.9500000000000002e+00	   3.0464519795714295e-13	   8.0000000000000000e+00	
   7.9600000000000000e+00	   2.4469315462738450e-13	   8.0000000000000000e+00	
   7.9699999999999998e+00	   1.8340884366807586e-13	   8.0000000000000000e+00	
   7.9800000000000004e+00	   1.2412293415309250e-13	   8.0000000000000000e+00	
   7.9900000000000002e+00	   6.2394533983933798e-14	   8.0000000000000000e+00	
   8.0000000000000000e+00	   2.2204460492503131e-15	   1.0000000000000000e+00	
