   5.1000000000000001e-01	   3.9911249628445389e-01	   1.0000000000000000e+00	
   5.2000000000000002e-01	   3.9040249836655638e-01	   1.0000000000000000e+00	
   5.3000000000000003e-01	   3.8207437847549142e-01	   1.0000000000000000e+00	
   5.4000000000000004e-01	   3.7677044668649828e-01	   1.0000000000000000e+00	
   5.5000000000000004e-01	   3.7066761130577097e-01	   1.0000000000000000e+00	
   5.6000000000000005e-01	   3.6381567891511701e-01	   1.0000000000000000e+00	
   5.7000000000000006e-01	   3.5626448527545018e-01	   1.0000000000000000e+00	
   5.7999999999999996e-01	   3.4806374561519404e-01	   1.0000000000000000e+00	
   5.8999999999999997e-01	   3.4213578274225687e-01	   1.0000000000000000e+00	
   5.9999999999999998e-01	   3.3693809726625989e-01	   1.0000000000000000e+00	
   6.0999999999999999e-01	   3.3104978266259932e-01	   1.0000000000000000e+00	
   6.2000000000000000e-01	   3.2451704840116213e-01	   1.0000000000000000e+00	
   6.3000000000000000e-01	   3.1738586449205486e-01	   1.0000000000000000e+00	
   6.4000000000000001e-01	   3.1013186059323594e-01	   1.0000000000000000e+00	
   6.5000000000000002e-01	   3.0571621040995267e-01	   1.0000000000000000e+00	
   6.6000000000000003e-01	   3.0066611748800320e-01	   1.0000000000000000e+00	
   6.7000000000000004e-01	   2.9502420009791530e-01	   1.0000000000000000e+00	
   6.7999999999999994e-01	   2.8883274970930173e-01	   1.0000000000000000e+00	
   6.8999999999999995e-01	   2.8213359977143893e-01	   1.0000000000000000e+00	
   6.9999999999999996e-01	   2.7684998506408665e-01	   1.0000000000000000e+00	
   7.0999999999999996e-01	   2.7252550741241555e-01	   1.0000000000000000e+00	
   7.1999999999999997e-01	   2.6765932440490858e-01	   1.0000000000000000e+00	
   7.2999999999999998e-01	   2.6229017598864113e-01	   1.0000000000000000e+00	
   7.3999999999999999e-01	   2.5645629356539357e-01	   1.0000000000000000e+00	
   7.5000000000000000e-01	   2.5019528465345697e-01	   1.0000000000000000e+00	
   7.6000000000000001e-01	   2.4649613338464427e-01	   1.0000000000000000e+00	
   7.7000000000000002e-01	   2.4230277026380587e-01	   1.0000000000000000e+00	
   7.8000000000000003e-01	   2.3765052034864986e-01	   1.0000000000000000e+00	
   7.9000000000000004e-01	   2.3257420458938260e-01	   1.0000000000000000e+00	
   8.0000000000000004e-01	   2.2710800249283714e-01	   1.0000000000000000e+00	
   8.1000000000000005e-01	   2.2245216354294284e-01	   1.0000000000000000e+00	
   8.2000000000000006e-01	   2.1884028184048243e-01	   1.0000000000000000e+00	
   8.3000000000000007e-01	   2.1481100056456404e-01	   1.0000000000000000e+00	
   8.4000000000000008e-01	   2.1039594681521567e-01	   1.0000000000000000e+00	
   8.5000000000000009e-01	   2.0562610358592193e-01	   1.0000000000000000e+00	
   8.5999999999999999e-01	   2.0053172630749372e-01	   1.0000000000000000e+00	
   8.7000000000000000e-01	   1.9716206765019573e-01	   1.0000000000000000e+00	
   8.8000000000000000e-01	   1.9367259975013540e-01	   1.0000000000000000e+00	
   8.9000000000000001e-01	   1.8983323118875406e-01	   1.0000000000000000e+00	
   9.0000000000000002e-01	   1.8567198925357409e-01	   1.0000000000000000e+00	
   9.1000000000000003e-01	   1.8121619385909971e-01	   1.0000000000000000e+00	
   9.1999999999999993e-01	   1.7716233043385321e-01	   1.0000000000000000e+00	
   9.2999999999999994e-01	   1.7413949688856545e-01	   1.0000000000000000e+00	
   9.3999999999999995e-01	   1.7080020003983165e-01	   1.0000000000000000e+00	
   9.4999999999999996e-01	   1.6716975311914894e-01	   1.0000000000000000e+00	
   9.5999999999999996e-01	   1.6327278877576545e-01	   1.0000000000000000e+00	
   9.6999999999999997e-01	   1.5913320589286983e-01	   1.0000000000000000e+00	
   9.7999999999999998e-01	   1.5611884865005554e-01	   1.0000000000000000e+00	
   9.8999999999999999e-01	   1.5321315085602860e-01	   1.0000000000000000e+00	
   1.0000000000000000e+00	   1.5004484884589586e-01	   1.0000000000000000e+00	
   1.0100000000000000e+00	   1.4663612814627713e-01	   1.0000000000000000e+00	
   1.0200000000000000e+00	   1.4300848131879085e-01	   1.0000000000000000e+00	
   1.0300000000000000e+00	   1.3952079636561110e-01	   1.0000000000000000e+00	
   1.0400000000000000e+00	   1.3699051855303446e-01	   1.0000000000000000e+00	
   1.0500000000000000e+00	   1.3422404702166713e-01	   1.0000000000000000e+00	
   1.0600000000000001e+00	   1.3124134815896737e-01	   1.0000000000000000e+00	
   1.0700000000000001e+00	   1.2806173750548600e-01	   1.0000000000000000e+00	
   1.0800000000000001e+00	   1.2470385126769723e-01	   1.0000000000000000e+00	
   1.0899999999999999e+00	   1.2205301297968307e-01	   1.0000000000000000e+00	
   1.1000000000000001e+00	   1.1963557320422269e-01	   1.0000000000000000e+00	
   1.1099999999999999e+00	   1.1702424142012813e-01	   1.0000000000000000e+00	
   1.1200000000000001e+00	   1.1423636948929006e-01	   1.0000000000000000e+00	
   1.1299999999999999e+00	   1.1128867926356834e-01	   1.0000000000000000e+00	
   1.1400000000000001e+00	   1.0832383398341450e-01	   1.0000000000000000e+00	
   1.1499999999999999e+00	   1.0620934447259844e-01	   1.0000000000000000e+00	
   1.1600000000000001e+00	   1.0392151222247947e-01	   1.0000000000000000e+00	
   1.1699999999999999e+00	   1.0147592173017683e-01	   1.0000000000000000e+00	
   1.1800000000000002e+00	   9.8887575181482612e-02	   1.0000000000000000e+00	
   1.1899999999999999e+00	   9.6170881819303666e-02	   1.0000000000000000e+00	
   1.2000000000000002e+00	   9.3877244172471563e-02	   1.0000000000000000e+00	
   1.2100000000000000e+00	   9.1871085149700216e-02	   1.0000000000000000e+00	
   1.2200000000000000e+00	   8.9724427762541747e-02	   1.0000000000000000e+00	
   1.2300000000000000e+00	   8.7450731562138895e-02	   1.0000000000000000e+00	
   1.2400000000000000e+00	   8.5062913312359267e-02	   1.0000000000000000e+00	
   1.2500000000000000e+00	   8.2573393293157160e-02	   1.0000000000000000e+00	
   1.2600000000000000e+00	   8.0812421352468577e-02	   1.0000000000000000e+00	
   1.2700000000000000e+00	   7.8926768019955462e-02	   1.0000000000000000e+00	
   1.2800000000000000e+00	   7.6928510149931295e-02	   1.0000000000000000e+00	
   1.2900000000000000e+00	   7.4829228959204075e-02	   1.0000000000000000e+00	
   1.3000000000000000e+00	   7.2640010868141758e-02	   1.0000000000000000e+00	
   1.3100000000000001e+00	   7.0686812246486097e-02	   1.0000000000000000e+00	
   1.3200000000000001e+00	   6.9029012278444712e-02	   1.0000000000000000e+00	
   1.3300000000000001e+00	   6.7271829984947518e-02	   1.0000000000000000e+00	
   1.3399999999999999e+00	   6.5425651845282040e-02	   1.0000000000000000e+00	
   1.3500000000000001e+00	   6.3500416121908598e-02	   1.0000000000000000e+00	
   1.3599999999999999e+00	   6.1505618664136286e-02	   1.0000000000000000e+00	
   1.3700000000000001e+00	   5.9978725579437953e-02	   1.0000000000000000e+00	
   1.3799999999999999e+00	   5.8432523288063587e-02	   1.0000000000000000e+00	
   1.3900000000000001e+00	   5.6808343219420632e-02	   1.0000000000000000e+00	
   1.3999999999999999e+00	   5.5115097967121551e-02	   1.0000000000000000e+00	
   1.4100000000000001e+00	   5.3361302205061856e-02	   1.0000000000000000e+00	
   1.4199999999999999e+00	   5.1725225946996689e-02	   1.0000000000000000e+00	
   1.4300000000000002e+00	   5.0363645204638541e-02	   1.0000000000000000e+00	
   1.4399999999999999e+00	   4.8934161551608568e-02	   1.0000000000000000e+00	
   1.4500000000000002e+00	   4.7444771099187211e-02	   1.0000000000000000e+00	
   1.4600000000000000e+00	   4.5903112860104400e-02	   1.0000000000000000e+00	
   1.4700000000000000e+00	   4.4316478269618376e-02	   1.0000000000000000e+00	
   1.4800000000000000e+00	   4.3019730764258135e-02	   1.0000000000000000e+00	
   1.4900000000000000e+00	   4.1760969315582264e-02	   1.0000000000000000e+00	
   1.5100000000000000e+00	   2.9459400677951386e-03	   1.0000000000000000e+00	
   1.5200000000000000e+00	   2.8551801331255788e-03	   1.0000000000000000e+00	
   1.5300000000000000e+00	   2.7697306913494479e-03	   1.0000000000000000e+00	
   1.5400000000000000e+00	   2.7153621732374233e-03	   1.0000000000000000e+00	
   1.5500000000000000e+00	   2.6499262000831969e-03	   1.0000000000000000e+00	
   1.5600000000000001e+00	   2.5743031646134895e-03	   1.0000000000000000e+00	
   1.5700000000000001e+00	   2.4894055937783044e-03	   1.0000000000000000e+00	
   1.5800000000000001e+00	   2.3961712890054887e-03	   1.0000000000000000e+00	
   1.5900000000000001e+00	   2.3296412424085311e-03	   1.0000000000000000e+00	
   1.6000000000000001e+00	   2.2681185489787925e-03	   1.0000000000000000e+00	
   1.6100000000000001e+00	   2.1979262903912833e-03	   1.0000000000000000e+00	
   1.6200000000000001e+00	   2.1199371903299902e-03	   1.0000000000000000e+00	
   1.6300000000000001e+00	   2.0350394741683875e-03	   1.0000000000000000e+00	
   1.6400000000000001e+00	   1.9501920673883344e-03	   1.0000000000000000e+00	
   1.6500000000000001e+00	   1.8932172323851137e-03	   1.0000000000000000e+00	
   1.6599999999999999e+00	   1.8289818842822658e-03	   1.0000000000000000e+00	
   1.6699999999999999e+00	   1.7583093349609058e-03	   1.0000000000000000e+00	
   1.6799999999999999e+00	   1.6820304584153067e-03	   1.0000000000000000e+00	
   1.6899999999999999e+00	   1.6009781340129425e-03	   1.0000000000000000e+00	
   1.7000000000000000e+00	   1.5349437674503363e-03	   1.0000000000000000e+00	
   1.7100000000000000e+00	   1.4767328020173220e-03	   1.0000000000000000e+00	
   1.7200000000000000e+00	   1.4133320355902423e-03	   1.0000000000000000e+00	
   1.7300000000000000e+00	   1.3455102003439023e-03	   1.0000000000000000e+00	
   1.7400000000000000e+00	   1.2740321728477166e-03	   1.0000000000000000e+00	
   1.7500000000000000e+00	   1.1812400488615538e-03	   2.0000000000000000e+00	
   1.7600000000000000e+00	   1.1075542950222950e-03	   2.0000000000000000e+00	
   1.7700000000000000e+00	   1.0323750141685295e-03	   2.0000000000000000e+00	
   1.7800000000000000e+00	   9.5653958200636602e-04	   2.0000000000000000e+00	
   1.7900000000000000e+00	   8.8081739113810009e-04	   2.0000000000000000e+00	
   1.8000000000000000e+00	   8.0590912592626296e-04	   2.0000000000000000e+00	
   1.8100000000000001e+00	   7.3967885297254732e-04	   2.0000000000000000e+00	
   1.8200000000000001e+00	   6.8250249496926152e-04	   2.0000000000000000e+00	
   1.8300000000000001e+00	   6.2520184325109973e-04	   2.0000000000000000e+00	
   1.8400000000000001e+00	   5.6837760662564740e-04	   2.0000000000000000e+00	
   1.8500000000000001e+00	   5.1257215873934392e-04	   2.0000000000000000e+00	
   1.8600000000000001e+00	   4.5826970153339808e-04	   2.0000000000000000e+00	
   1.8700000000000001e+00	   4.1396811025107283e-04	   2.0000000000000000e+00	
   1.8800000000000001e+00	   3.7108882657888032e-04	   2.0000000000000000e+00	
   1.8900000000000001e+00	   3.2896809878146804e-04	   2.0000000000000000e+00	
   1.9000000000000001e+00	   2.8801793521160413e-04	   2.0000000000000000e+00	
   1.9099999999999999e+00	   2.4860134514193000e-04	   2.0000000000000000e+00	
   1.9199999999999999e+00	   2.1259670632112204e-04	   2.0000000000000000e+00	
   1.9299999999999999e+00	   1.8085537905965232e-04	   2.0000000000000000e+00	
   1.9399999999999999e+00	   1.5007999490168622e-04	   2.0000000000000000e+00	
   1.9500000000000000e+00	   1.2057607383630931e-04	   2.0000000000000000e+00	
   1.9600000000000000e+00	   9.2608015028528001e-05	   2.0000000000000000e+00	
   1.9700000000000000e+00	   6.6399980180653628e-05	   2.0000000000000000e+00	
   1.9800000000000000e+00	   4.2870038718723080e-05	   2.0000000000000000e+00	
   1.9900000000000000e+00	   2.0772305710181627e-05	   2.0000000000000000e+00	
   2.0000000000000000e+00	   2.2204460492503131e-16	   1.0000000000000000e+00	
   2.0099999999999998e+00	   1.9261916778923194e-05	   2.0000000000000000e+00	
   2.0200000000000000e+00	   3.6861914463059975e-05	   2.0000000000000000e+00	
   2.0300000000000002e+00	   5.2940776897214548e-05	   2.0000000000000000e+00	
   2.0400000000000000e+00	   6.8462528326929117e-05	   2.0000000000000000e+00	
   2.0499999999999998e+00	   8.2646702098232439e-05	   2.0000000000000000e+00	
   2.0600000000000001e+00	   9.5371692053758395e-05	   2.0000000000000000e+00	
   2.0700000000000003e+00	   1.0654344114513492e-04	   2.0000000000000000e+00	
   2.0800000000000001e+00	   1.1609422564595739e-04	   2.0000000000000000e+00	
   2.0899999999999999e+00	   1.2582706051067483e-04	   2.0000000000000000e+00	
   2.1000000000000001e+00	   1.3510043803321992e-04	   2.0000000000000000e+00	
   2.1100000000000003e+00	   1.4298840656290501e-04	   2.0000000000000000e+00	
   2.1200000000000001e+00	   1.4944153832763263e-04	   2.0000000000000000e+00	
   2.1299999999999999e+00	   1.5443172641282921e-04	   2.0000000000000000e+00	
   2.1400000000000001e+00	   1.5834039648487952e-04	   2.0000000000000000e+00	
   2.1500000000000004e+00	   1.6400354186529853e-04	   2.0000000000000000e+00	
   2.1600000000000001e+00	   1.6837370099120896e-04	   2.0000000000000000e+00	
   2.1699999999999999e+00	   1.7143544316455817e-04	   2.0000000000000000e+00	
   2.1799999999999997e+00	   1.7319042343832969e-04	   2.0000000000000000e+00	
   2.1899999999999999e+00	   1.7365615659215017e-04	   2.0000000000000000e+00	
   2.2000000000000002e+00	   1.7500626490551952e-04	   2.0000000000000000e+00	
   2.2100000000000000e+00	   1.7687171567914994e-04	   2.0000000000000000e+00	
   2.2199999999999998e+00	   1.7756090001408431e-04	   2.0000000000000000e+00	
   2.2300000000000000e+00	   1.7709714312652558e-04	   2.0000000000000000e+00	
   2.2400000000000002e+00	   1.7551612823551999e-04	   2.0000000000000000e+00	
   2.2500000000000000e+00	   1.7286470129751486e-04	   2.0000000000000000e+00	
   2.2599999999999998e+00	   1.7299469913001353e-04	   2.0000000000000000e+00	
   2.2700000000000000e+00	   1.7208379253297323e-04	   2.0000000000000000e+00	
   2.2800000000000002e+00	   1.7017032591426506e-04	   2.0000000000000000e+00	
   2.2900000000000000e+00	   1.6730211537407946e-04	   2.0000000000000000e+00	
   2.2999999999999998e+00	   1.6353529820967161e-04	   2.0000000000000000e+00	
   2.3100000000000001e+00	   1.6050556600744059e-04	   2.0000000000000000e+00	
   2.3200000000000003e+00	   1.5857235645522216e-04	   2.0000000000000000e+00	
   2.3300000000000001e+00	   1.5578214443512373e-04	   2.0000000000000000e+00	
   2.3399999999999999e+00	   1.5219002418276339e-04	   2.0000000000000000e+00	
   2.3500000000000001e+00	   1.4785704567676916e-04	   2.0000000000000000e+00	
   2.3600000000000003e+00	   1.4284921651475102e-04	   2.0000000000000000e+00	
   2.3700000000000001e+00	   1.3996712753461260e-04	   2.0000000000000000e+00	
   2.3799999999999999e+00	   1.3671971986251030e-04	   2.0000000000000000e+00	
   2.3900000000000001e+00	   1.3281305644086139e-04	   2.0000000000000000e+00	
   2.4000000000000004e+00	   1.2830964601340256e-04	   2.0000000000000000e+00	
   2.4100000000000001e+00	   1.2327510540899311e-04	   2.0000000000000000e+00	
   2.4199999999999999e+00	   1.1864803039696170e-04	   2.0000000000000000e+00	
   2.4299999999999997e+00	   1.1524467421830664e-04	   2.0000000000000000e+00	
   2.4399999999999999e+00	   1.1131389118279600e-04	   2.0000000000000000e+00	
   2.4500000000000002e+00	   1.0691697101572473e-04	   2.0000000000000000e+00	
   2.4600000000000000e+00	   1.0211680491090114e-04	   2.0000000000000000e+00	
   2.4699999999999998e+00	   9.6977128853259487e-05	   2.0000000000000000e+00	
   2.4800000000000000e+00	   9.3150467656233360e-05	   2.0000000000000000e+00	
   2.4900000000000002e+00	   8.9395657737245671e-05	   2.0000000000000000e+00	
   2.5100000000000002e+00	   5.4498122217250256e-06	   3.0000000000000000e+00	
   2.5200000000000000e+00	   5.5144231358994489e-06	   3.0000000000000000e+00	
   2.5300000000000002e+00	   5.5679665504904108e-06	   3.0000000000000000e+00	
   2.5400000000000000e+00	   5.6804691086487225e-06	   3.0000000000000000e+00	
   2.5499999999999998e+00	   5.7566354170202061e-06	   3.0000000000000000e+00	
   2.5600000000000001e+00	   5.7959274712970910e-06	   3.0000000000000000e+00	
   2.5699999999999998e+00	   5.7982612671203526e-06	   3.0000000000000000e+00	
   2.5800000000000001e+00	   5.7639923054519926e-06	   3.0000000000000000e+00	
   2.5899999999999999e+00	   5.7786793541403370e-06	   3.0000000000000000e+00	
   2.6000000000000001e+00	   5.8002158822567651e-06	   3.0000000000000000e+00	
   2.6099999999999999e+00	   5.7864240385896437e-06	   3.0000000000000000e+00	
   2.6200000000000001e+00	   5.7379476701147070e-06	   3.0000000000000000e+00	
   2.6299999999999999e+00	   5.6558109831073011e-06	   3.0000000000000000e+00	
   2.6400000000000001e+00	   5.5550538451409892e-06	   3.0000000000000000e+00	
   2.6499999999999999e+00	   5.5311393907242490e-06	   3.0000000000000000e+00	
   2.6600000000000001e+00	   5.4745269451039746e-06	   3.0000000000000000e+00	
   2.6699999999999999e+00	   5.3864392284275198e-06	   3.0000000000000000e+00	
   2.6800000000000002e+00	   5.2684172830996800e-06	   3.0000000000000000e+00	
   2.6899999999999999e+00	   5.1222930645966613e-06	   3.0000000000000000e+00	
   2.7000000000000002e+00	   5.0114969070147453e-06	   3.0000000000000000e+00	
   2.7100000000000000e+00	   4.9216241817529038e-06	   3.0000000000000000e+00	
   2.7200000000000002e+00	   4.8041292539657832e-06	   3.0000000000000000e+00	
   2.7300000000000000e+00	   4.6609315360601755e-06	   3.0000000000000000e+00	
   2.7400000000000002e+00	   4.4941778474250071e-06	   3.0000000000000000e+00	
   2.7500000000000000e+00	   4.3062119137182719e-06	   3.0000000000000000e+00	
   2.7600000000000002e+00	   4.1915181125951051e-06	   3.0000000000000000e+00	
   2.7700000000000000e+00	   4.0534574250461475e-06	   3.0000000000000000e+00	
   2.7800000000000002e+00	   3.8942043270040472e-06	   3.0000000000000000e+00	
   2.7900000000000000e+00	   3.7161007542252378e-06	   3.0000000000000000e+00	
   2.8000000000000003e+00	   3.5216258371661979e-06	   3.0000000000000000e+00	
   2.8100000000000001e+00	   3.2998124510630333e-06	   4.0000000000000000e+00	
   2.8199999999999998e+00	   2.9508589916016348e-06	   4.0000000000000000e+00	
   2.8300000000000001e+00	   2.6173739733348356e-06	   4.0000000000000000e+00	
   2.8399999999999999e+00	   2.3017726538121508e-06	   4.0000000000000000e+00	
   2.8500000000000001e+00	   2.0059114484993756e-06	   4.0000000000000000e+00	
   2.8599999999999999e+00	   1.7311318052382063e-06	   4.0000000000000000e+00	
   2.8700000000000001e+00	   1.5077418074049831e-06	   4.0000000000000000e+00	
   2.8799999999999999e+00	   1.3014786175435944e-06	   4.0000000000000000e+00	
   2.8900000000000001e+00	   1.1094717549120503e-06	   4.0000000000000000e+00	
   2.8999999999999999e+00	   9.3270028744818489e-07	   4.0000000000000000e+00	
   2.9100000000000001e+00	   7.7177260249250423e-07	   4.0000000000000000e+00	
   2.9199999999999999e+00	   6.3161185615001614e-07	   4.0000000000000000e+00	
   2.9300000000000002e+00	   5.1322641780870981e-07	   4.0000000000000000e+00	
   2.9399999999999999e+00	   4.0595307204682740e-07	   4.0000000000000000e+00	
   2.9500000000000002e+00	   3.1016293600139022e-07	   4.0000000000000000e+00	
   2.9600000000000000e+00	   2.2596821347420359e-07	   4.0000000000000000e+00	
   2.9700000000000002e+00	   1.5325235080965172e-07	   4.0000000000000000e+00	
   2.9800000000000000e+00	   9.3295121628145239e-08	   4.0000000000000000e+00	
   2.9900000000000002e+00	   4.2472298789064666e-08	   4.0000000000000000e+00	
   3.0000000000000000e+00	   2.2204460492503131e-16	   1.0000000000000000e+00	
   3.0100000000000002e+00	   3.4326103626192150e-08	   4.0000000000000000e+00	
   3.0200000000000000e+00	   6.0859204786822829e-08	   4.0000000000000000e+00	
   3.0300000000000002e+00	   8.0472916552665197e-08	   4.0000000000000000e+00	
   3.0400000000000000e+00	   9.5108112718733651e-08	   4.0000000000000000e+00	
   3.0500000000000003e+00	   1.0400285765932438e-07	   4.0000000000000000e+00	
   3.0600000000000001e+00	   1.0754437340665390e-07	   4.0000000000000000e+00	
   3.0699999999999998e+00	   1.0620887436196824e-07	   4.0000000000000000e+00	
   3.0800000000000001e+00	   1.0054287602478951e-07	   4.0000000000000000e+00	
   3.0899999999999999e+00	   9.2502639992275704e-08	   4.0000000000000000e+00	
   3.1000000000000001e+00	   8.1621670089404574e-08	   4.0000000000000000e+00	
   3.1099999999999999e+00	   6.7633097566854872e-08	   4.0000000000000000e+00	
   3.1200000000000001e+00	   5.1055010108491672e-08	   4.0000000000000000e+00	
   3.1299999999999999e+00	   3.2436032970650786e-08	   4.0000000000000000e+00	
   3.1400000000000001e+00	   1.2372254332149168e-08	   4.0000000000000000e+00	
   3.1499999999999999e+00	   8.8735589987010144e-09	   4.0000000000000000e+00	
   3.1600000000000001e+00	   3.1443828429900123e-08	   4.0000000000000000e+00	
   3.1699999999999999e+00	   5.4834285556637496e-08	   4.0000000000000000e+00	
   3.1800000000000002e+00	   7.8538099357317037e-08	   4.0000000000000000e+00	
   3.1899999999999999e+00	   1.0205585887490543e-07	   4.0000000000000000e+00	
   3.2000000000000002e+00	   1.2645229885421827e-07	   4.0000000000000000e+00	
   3.2100000000000000e+00	   1.5178491286071960e-07	   4.0000000000000000e+00	
   3.2200000000000002e+00	   1.7659885420684418e-07	   4.0000000000000000e+00	
   3.2300000000000000e+00	   2.0045595472417688e-07	   4.0000000000000000e+00	
   3.2400000000000002e+00	   2.2294140977763277e-07	   4.0000000000000000e+00	
   3.2500000000000000e+00	   2.4366996753677483e-07	   4.0000000000000000e+00	
   3.2600000000000002e+00	   2.6817596965322821e-07	   4.0000000000000000e+00	
   3.2700000000000000e+00	   2.9118363120694823e-07	   4.0000000000000000e+00	
   3.2800000000000002e+00	   3.1233747166403703e-07	   4.0000000000000000e+00	
   3.2900000000000000e+00	   3.3131486665283205e-07	   4.0000000000000000e+00	
   3.3000000000000003e+00	   3.4782996416460321e-07	   4.0000000000000000e+00	
   3.3100000000000001e+00	   3.6521674240397317e-07	   4.0000000000000000e+00	
   3.3199999999999998e+00	   3.8468267260505229e-07	   4.0000000000000000e+00	
   3.3300000000000001e+00	   4.0170227366687072e-07	   4.0000000000000000e+00	
   3.3399999999999999e+00	   4.1604488032476183e-07	   4.0000000000000000e+00	
   3.3500000000000001e+00	   4.2751945894536902e-07	   4.0000000000000000e+00	
   3.3599999999999999e+00	   4.3597604504341803e-07	   4.0000000000000000e+00	
   3.3700000000000001e+00	   4.5009411997476434e-07	   4.0000000000000000e+00	
   3.3799999999999999e+00	   4.6249269480824751e-07	   4.0000000000000000e+00	
   3.3900000000000001e+00	   4.7195537300481760e-07	   4.0000000000000000e+00	
   3.3999999999999999e+00	   4.7837718875065605e-07	   4.0000000000000000e+00	
   3.4100000000000001e+00	   4.8169268507258778e-07	   4.0000000000000000e+00	
   3.4199999999999999e+00	   4.8544834596597752e-07	   4.0000000000000000e+00	
   3.4300000000000002e+00	   4.9333354112945926e-07	   4.0000000000000000e+00	
   3.4399999999999999e+00	   4.9821368142133338e-07	   4.0000000000000000e+00	
   3.4500000000000002e+00	   5.0005856810919624e-07	   4.0000000000000000e+00	
   3.4600000000000000e+00	   4.9887411801563530e-07	   4.0000000000000000e+00	
   3.4700000000000002e+00	   4.9470111296301411e-07	   4.0000000000000000e+00	
   3.4800000000000000e+00	   4.9609690400131967e-07	   4.0000000000000000e+00	
   3.4900000000000002e+00	   4.9699474691244916e-07	   4.0000000000000000e+00	
   3.5100000000000002e+00	   1.4839701689695062e-08	   5.0000000000000000e+00	
   3.5200000000000000e+00	   1.3926487740789639e-08	   5.0000000000000000e+00	
   3.5300000000000002e+00	   1.3031122292339603e-08	   5.0000000000000000e+00	
   3.5400000000000000e+00	   1.2304779084537643e-08	   5.0000000000000000e+00	
   3.5500000000000003e+00	   1.1522008569464504e-08	   5.0000000000000000e+00	
   3.5600000000000001e+00	   1.0695638152924403e-08	   5.0000000000000000e+00	
   3.5700000000000003e+00	   9.8384353997005292e-09	   5.0000000000000000e+00	
   3.5800000000000001e+00	   8.9629208499530932e-09	   5.0000000000000000e+00	
   3.5899999999999999e+00	   8.2015342295349569e-09	   5.0000000000000000e+00	
   3.6000000000000001e+00	   7.4768956581650059e-09	   5.0000000000000000e+00	
   3.6099999999999999e+00	   6.7346159760006685e-09	   5.0000000000000000e+00	
   3.6200000000000001e+00	   5.9858709100524266e-09	   5.0000000000000000e+00	
   3.6299999999999999e+00	   5.2412897355580412e-09	   5.0000000000000000e+00	
   3.6400000000000001e+00	   4.5219459288148300e-09	   5.0000000000000000e+00	
   3.6499999999999999e+00	   3.8986136541296901e-09	   5.0000000000000000e+00	
   3.6600000000000001e+00	   3.2787540460432751e-09	   5.0000000000000000e+00	
   3.6699999999999999e+00	   2.6715185619252679e-09	   5.0000000000000000e+00	
   3.6800000000000002e+00	   2.0853117010943834e-09	   5.0000000000000000e+00	
   3.6899999999999999e+00	   1.5277006326641640e-09	   5.0000000000000000e+00	
   3.7000000000000002e+00	   1.0178005105387911e-09	   5.0000000000000000e+00	
   3.7100000000000000e+00	   5.4236370949922730e-10	   5.0000000000000000e+00	
   3.7200000000000002e+00	   9.3321572691706933e-11	   5.0000000000000000e+00	
   3.7300000000000000e+00	   3.2328162369310576e-10	   5.0000000000000000e+00	
   3.7400000000000002e+00	   7.0231176430013420e-10	   5.0000000000000000e+00	
   3.7500000000000000e+00	   1.0395864169510105e-09	   5.0000000000000000e+00	
   3.7600000000000002e+00	   1.3617778016339344e-09	   5.0000000000000000e+00	
   3.7700000000000000e+00	   1.6488661547242600e-09	   5.0000000000000000e+00	
   3.7800000000000002e+00	   1.8971402226952705e-09	   5.0000000000000000e+00	
   3.7900000000000000e+00	   2.1038093489522680e-09	   5.0000000000000000e+00	
   3.8000000000000003e+00	   2.2670062493901355e-09	   5.0000000000000000e+00	
   3.8100000000000001e+00	   2.4094015671494162e-09	   5.0000000000000000e+00	
   3.8200000000000003e+00	   2.5403323888895102e-09	   5.0000000000000000e+00	
   3.8300000000000001e+00	   2.6305360112388598e-09	   5.0000000000000000e+00	
   3.8399999999999999e+00	   2.6793653962187136e-09	   5.0000000000000000e+00	
   3.8500000000000001e+00	   2.6870241587317878e-09	   5.0000000000000000e+00	
   3.8599999999999999e+00	   2.6545349252060646e-09	   5.0000000000000000e+00	
   3.8700000000000001e+00	   2.6351456572371035e-09	   5.0000000000000000e+00	
   3.8799999999999999e+00	   2.5834360206644646e-09	   5.0000000000000000e+00	
   3.8900000000000001e+00	   2.4941100296160812e-09	   5.0000000000000000e+00	
   3.8999999999999999e+00	   2.3691373307599406e-09	   5.0000000000000000e+00	
   3.9100000000000001e+00	   2.2111783515299521e-09	   5.0000000000000000e+00	
   3.9199999999999999e+00	   1.8999943840469768e-09	   6.0000000000000000e+00	
   3.9300000000000002e+00	   1.4959629091038096e-09	   6.0000000000000000e+00	
   3.9399999999999999e+00	   1.1449245995720503e-09	   6.0000000000000000e+00	
   3.9500000000000002e+00	   8.4503970487759261e-10	   6.0000000000000000e+00	
   3.9600000000000000e+00	   5.9363125526346039e-10	   6.0000000000000000e+00	
   3.9700000000000002e+00	   3.8737291152557418e-10	   6.0000000000000000e+00	
   3.9800000000000000e+00	   2.2633184215692381e-10	   6.0000000000000000e+00	
   3.9900000000000002e+00	   9.8597574549330602e-11	   6.0000000000000000e+00	
   4.0000000000000000e+00	   2.2204460492503131e-16	   1.0000000000000000e+00	
   4.0099999999999998e+00	   7.2126971062402845e-11	   6.0000000000000000e+00	
   4.0199999999999996e+00	   1.2072232102866565e-10	   6.0000000000000000e+00	
   4.0300000000000002e+00	   1.4961976102512153e-10	   6.0000000000000000e+00	
   4.0400000000000000e+00	   1.6416590309376033e-10	   6.0000000000000000e+00	
   4.0500000000000007e+00	   1.6446433104277958e-10	   6.0000000000000000e+00	
   4.0600000000000005e+00	   1.5280687826191297e-10	   6.0000000000000000e+00	
   4.0700000000000003e+00	   1.3152767763813245e-10	   6.0000000000000000e+00	
   4.0800000000000001e+00	   1.0293166319286229e-10	   6.0000000000000000e+00	
   4.0899999999999999e+00	   7.0269123852995108e-11	   6.0000000000000000e+00	
   4.0999999999999996e+00	   3.3756109019122960e-11	   6.0000000000000000e+00	
   4.1099999999999994e+00	   5.6196158837451549e-12	   6.0000000000000000e+00	
   4.1200000000000001e+00	   4.6199710723726639e-11	   6.0000000000000000e+00	
   4.1299999999999999e+00	   8.6449736258487064e-11	   6.0000000000000000e+00	
   4.1400000000000006e+00	   1.2529843829156562e-10	   6.0000000000000000e+00	
   4.1500000000000004e+00	   1.6463341800942999e-10	   6.0000000000000000e+00	
   4.1600000000000001e+00	   2.0161228242443485e-10	   6.0000000000000000e+00	
   4.1699999999999999e+00	   2.3522539471798609e-10	   6.0000000000000000e+00	
   4.1799999999999997e+00	   2.6462276814243069e-10	   6.0000000000000000e+00	
   4.1899999999999995e+00	   2.8912783278656207e-10	   6.0000000000000000e+00	
   4.2000000000000002e+00	   3.1206437434150303e-10	   6.0000000000000000e+00	
   4.2100000000000000e+00	   3.3297409274268830e-10	   6.0000000000000000e+00	
   4.2200000000000006e+00	   3.4857816633149241e-10	   6.0000000000000000e+00	
   4.2300000000000004e+00	   3.5859171187979655e-10	   6.0000000000000000e+00	
   4.2400000000000002e+00	   3.6288927418581807e-10	   6.0000000000000000e+00	
   4.2500000000000000e+00	   3.6149927495898737e-10	   6.0000000000000000e+00	
   4.2599999999999998e+00	   3.6255043411870247e-10	   6.0000000000000000e+00	
   4.2699999999999996e+00	   3.5808978005036352e-10	   6.0000000000000000e+00	
   4.2799999999999994e+00	   3.4826286299249887e-10	   6.0000000000000000e+00	
   4.2900000000000000e+00	   3.3334490723291310e-10	   6.0000000000000000e+00	
   4.2999999999999998e+00	   3.1372526798634226e-10	   6.0000000000000000e+00	
   4.3100000000000005e+00	   2.9276780999509810e-10	   6.0000000000000000e+00	
   4.3200000000000003e+00	   2.7100388599876624e-10	   6.0000000000000000e+00	
   4.3300000000000001e+00	   2.4504198670172173e-10	   6.0000000000000000e+00	
   4.3399999999999999e+00	   2.1541524120038957e-10	   6.0000000000000000e+00	
   4.3499999999999996e+00	   1.8273405011370869e-10	   6.0000000000000000e+00	
   4.3599999999999994e+00	   1.4766776690322558e-10	   6.0000000000000000e+00	
   4.3700000000000001e+00	   1.1314060799350045e-10	   6.0000000000000000e+00	
   4.3799999999999999e+00	   7.6416206695739675e-11	   6.0000000000000000e+00	
   4.3900000000000006e+00	   3.7807312835980156e-11	   6.0000000000000000e+00	
   4.4000000000000004e+00	   1.9767520953450912e-12	   6.0000000000000000e+00	
   4.4100000000000001e+00	   4.2202685790471151e-11	   6.0000000000000000e+00	
   4.4199999999999999e+00	   8.2743367713078442e-11	   6.0000000000000000e+00	
   4.4299999999999997e+00	   1.2468048815605925e-10	   6.0000000000000000e+00	
   4.4399999999999995e+00	   1.6667789370927721e-10	   6.0000000000000000e+00	
   4.4499999999999993e+00	   2.0801715905349738e-10	   6.0000000000000000e+00	
   4.4600000000000000e+00	   2.4799373665729263e-10	   6.0000000000000000e+00	
   4.4699999999999998e+00	   2.8592839207419729e-10	   6.0000000000000000e+00	
   4.4800000000000004e+00	   3.2676594763358935e-10	   6.0000000000000000e+00	
   4.4900000000000002e+00	   3.6739788988882083e-10	   6.0000000000000000e+00	
   4.5099999999999998e+00	   4.3679726502432459e-11	   7.0000000000000000e+00	
   4.5199999999999996e+00	   4.3845260755404070e-11	   7.0000000000000000e+00	
   4.5299999999999994e+00	   4.3927306236923869e-11	   7.0000000000000000e+00	
   4.5400000000000000e+00	   4.4471093474385270e-11	   7.0000000000000000e+00	
   4.5499999999999998e+00	   4.4722225922555481e-11	   7.0000000000000000e+00	
   4.5600000000000005e+00	   4.4679371313804950e-11	   7.0000000000000000e+00	
   4.5700000000000003e+00	   4.4345860317207553e-11	   7.0000000000000000e+00	
   4.5800000000000001e+00	   4.3728132226306116e-11	   7.0000000000000000e+00	
   4.5899999999999999e+00	   4.3475667510506355e-11	   7.0000000000000000e+00	
   4.5999999999999996e+00	   4.3262837756685713e-11	   7.0000000000000000e+00	
   4.6099999999999994e+00	   4.2775116781967881e-11	   7.0000000000000000e+00	
   4.6200000000000001e+00	   4.2022829660481875e-11	   7.0000000000000000e+00	
   4.6299999999999999e+00	   4.1020298269245359e-11	   7.0000000000000000e+00	
   4.6400000000000006e+00	   3.9882541713609498e-11	   7.0000000000000000e+00	
   4.6500000000000004e+00	   3.9291681019903990e-11	   7.0000000000000000e+00	
   4.6600000000000001e+00	   3.8459679885249898e-11	   7.0000000000000000e+00	
   4.6699999999999999e+00	   3.7403635744226449e-11	   7.0000000000000000e+00	
   4.6799999999999997e+00	   3.6141978299042421e-11	   7.0000000000000000e+00	
   4.6899999999999995e+00	   3.4695579742560767e-11	   7.0000000000000000e+00	
   4.6999999999999993e+00	   3.3495872742150823e-11	   7.0000000000000000e+00	
   4.7100000000000000e+00	   3.2439939623429837e-11	   7.0000000000000000e+00	
   4.7199999999999998e+00	   3.1207147976886063e-11	   7.0000000000000000e+00	
   4.7300000000000004e+00	   2.9818814084592304e-11	   7.0000000000000000e+00	
   4.7400000000000002e+00	   2.4149349187041480e-11	   6.0000000000000000e+00	
   4.7500000000000000e+00	   1.7220225245750953e-11	   6.0000000000000000e+00	
   4.7599999999999998e+00	   1.1071921157679299e-11	   6.0000000000000000e+00	
   4.7699999999999996e+00	   5.2681192741488303e-12	   6.0000000000000000e+00	
   4.7799999999999994e+00	   1.1035616864774056e-13	   6.0000000000000000e+00	
   4.7900000000000000e+00	   4.9933390755541041e-12	   6.0000000000000000e+00	
   4.7999999999999998e+00	   9.3247631838266898e-12	   6.0000000000000000e+00	
   4.8100000000000005e+00	   1.3190559755571485e-11	   6.0000000000000000e+00	
   4.8200000000000003e+00	   1.6701084959436230e-11	   6.0000000000000000e+00	
   4.8300000000000001e+00	   1.5906387318409543e-11	   7.0000000000000000e+00	
   4.8399999999999999e+00	   1.4580336937797256e-11	   7.0000000000000000e+00	
   4.8499999999999996e+00	   1.3236300944186041e-11	   7.0000000000000000e+00	
   4.8599999999999994e+00	   1.1893597218204377e-11	   7.0000000000000000e+00	
   4.8700000000000001e+00	   1.0779599435295495e-11	   7.0000000000000000e+00	
   4.8799999999999999e+00	   9.6769259272377894e-12	   7.0000000000000000e+00	
   4.8900000000000006e+00	   8.5755846868096341e-12	   7.0000000000000000e+00	
   4.9000000000000004e+00	   7.4907857694483937e-12	   7.0000000000000000e+00	
   4.9100000000000001e+00	   6.4372951413815827e-12	   7.0000000000000000e+00	
   4.9199999999999999e+00	   5.4684035077912085e-12	   7.0000000000000000e+00	
   4.9299999999999997e+00	   4.6105341766633501e-12	   7.0000000000000000e+00	
   4.9399999999999995e+00	   3.7829739341077584e-12	   7.0000000000000000e+00	
   4.9499999999999993e+00	   2.9407587476271146e-12	   8.0000000000000000e+00	
   4.9600000000000000e+00	   2.0639046027781660e-12	   8.0000000000000000e+00	
   4.9699999999999998e+00	   1.3491430195244902e-12	   8.0000000000000000e+00	
   4.9800000000000004e+00	   5.2891024893142458e-13	   5.0000000000000000e+00	
   4.9900000000000002e+00	   3.4827696282491161e-13	   8.0000000000000000e+00	
   5.0000000000000000e+00	   2.2204460492503131e-16	   1.0000000000000000e+00	
   5.0099999999999998e+00	   2.6390001295339971e-13	   8.0000000000000000e+00	
   5.0199999999999996e+00	   4.5519144009631418e-13	   8.0000000000000000e+00	
   5.0299999999999994e+00	   5.8786309153902039e-13	   8.0000000000000000e+00	
   5.0400000000000000e+00	   6.8212102632969618e-13	   8.0000000000000000e+00	
   5.0499999999999998e+00	   7.3741013295602897e-13	   8.0000000000000000e+00	
   5.0600000000000005e+00	   7.6139095028793236e-13	   8.0000000000000000e+00	
   5.0700000000000003e+00	   7.6105788338054481e-13	   8.0000000000000000e+00	
   5.0800000000000001e+00	   7.4185102505452960e-13	   8.0000000000000000e+00	
   5.0899999999999999e+00	   7.2053474298172659e-13	   8.0000000000000000e+00	
   5.0999999999999996e+00	   6.9499961341534799e-13	   8.0000000000000000e+00	
   5.1099999999999994e+00	   6.6480154714554374e-13	   8.0000000000000000e+00	
   5.1200000000000001e+00	   6.3171690101171407e-13	   8.0000000000000000e+00	
   5.1299999999999999e+00	   5.9907634408773447e-13	   8.0000000000000000e+00	
   5.1400000000000006e+00	   2.7822188997106423e-13	   7.0000000000000000e+00	
   5.1500000000000004e+00	   9.7255536957163713e-14	   7.0000000000000000e+00	
   5.1600000000000001e+00	   5.1914028631472320e-13	   7.0000000000000000e+00	
   5.1699999999999999e+00	   5.4511950509095186e-13	   8.0000000000000000e+00	
   5.1799999999999997e+00	   5.4722892883773966e-13	   8.0000000000000000e+00	
   5.1899999999999995e+00	   5.5566662382489085e-13	   8.0000000000000000e+00	
   5.1999999999999993e+00	   5.7598370517553121e-13	   8.0000000000000000e+00	
   5.2100000000000000e+00	   6.0729199446996063e-13	   8.0000000000000000e+00	
   5.2199999999999998e+00	   6.4415139888751582e-13	   8.0000000000000000e+00	
   5.2300000000000004e+00	   6.8500760619372159e-13	   8.0000000000000000e+00	
   5.2400000000000002e+00	   7.2875039336395275e-13	   8.0000000000000000e+00	
   5.2500000000000000e+00	   7.7393647046619662e-13	   8.0000000000000000e+00	
   5.2599999999999998e+00	   8.3777429438214313e-13	   8.0000000000000000e+00	
   5.2699999999999996e+00	   9.0261131902025227e-13	   8.0000000000000000e+00	
   5.2799999999999994e+00	   9.6700425444851135e-13	   8.0000000000000000e+00	
   5.2900000000000000e+00	   1.0293987884324451e-12	   8.0000000000000000e+00	
   5.2999999999999998e+00	   1.0880185641326534e-12	   8.0000000000000000e+00	
   5.3100000000000005e+00	   1.1532996779806126e-12	   8.0000000000000000e+00	
   5.3200000000000003e+00	   1.2280176875378856e-12	   8.0000000000000000e+00	
   5.3300000000000001e+00	   1.2974066265769579e-12	   8.0000000000000000e+00	
   5.3399999999999999e+00	   1.3600232051658168e-12	   8.0000000000000000e+00	
   5.3499999999999996e+00	   1.4142020887675244e-12	   8.0000000000000000e+00	
   5.3599999999999994e+00	   1.4591661212648432e-12	   8.0000000000000000e+00	
   5.3700000000000001e+00	   1.5231149674832523e-12	   8.0000000000000000e+00	
   5.3799999999999999e+00	   1.5814016762760730e-12	   8.0000000000000000e+00	
   5.3900000000000006e+00	   1.6291412663349547e-12	   8.0000000000000000e+00	
   5.4000000000000004e+00	   1.6662227153574349e-12	   8.0000000000000000e+00	
   5.4100000000000001e+00	   1.6902035326893383e-12	   8.0000000000000000e+00	
   5.4199999999999999e+00	   1.7145174169286292e-12	   8.0000000000000000e+00	
   5.4299999999999997e+00	   1.7517098882535720e-12	   8.0000000000000000e+00	
   5.4399999999999995e+00	   1.7770229732150256e-12	   8.0000000000000000e+00	
   5.4499999999999993e+00	   1.7885692926711272e-12	   8.0000000000000000e+00	
   5.4600000000000000e+00	   1.7870149804366520e-12	   8.0000000000000000e+00	
   5.4699999999999998e+00	   1.7728041257214500e-12	   8.0000000000000000e+00	
   5.4800000000000004e+00	   1.7765788840051755e-12	   8.0000000000000000e+00	
   5.4900000000000002e+00	   1.7753576386780878e-12	   8.0000000000000000e+00	
   5.5099999999999998e+00	   1.5613066395303576e-12	   8.0000000000000000e+00	
   5.5199999999999996e+00	   1.5326628854950286e-12	   8.0000000000000000e+00	
   5.5299999999999994e+00	   1.5036860645523120e-12	   8.0000000000000000e+00	
   5.5400000000000000e+00	   1.4929169012134480e-12	   8.0000000000000000e+00	
   5.5499999999999998e+00	   1.4740431097948203e-12	   8.0000000000000000e+00	
   5.5600000000000005e+00	   1.4479528687161292e-12	   8.0000000000000000e+00	
   5.5700000000000003e+00	   1.4139800441625994e-12	   8.0000000000000000e+00	
   5.5800000000000001e+00	   1.3735679260662437e-12	   8.0000000000000000e+00	
   5.5899999999999999e+00	   1.3470335957777024e-12	   8.0000000000000000e+00	
   5.5999999999999996e+00	   1.3231638007482616e-12	   8.0000000000000000e+00	
   5.6099999999999994e+00	   1.2927436898735323e-12	   8.0000000000000000e+00	
   5.6200000000000001e+00	   1.2558842854559771e-12	   8.0000000000000000e+00	
   5.6299999999999999e+00	   1.2131406990079086e-12	   8.0000000000000000e+00	
   5.6400000000000006e+00	   1.1688428003253648e-12	   8.0000000000000000e+00	
   5.6500000000000004e+00	   1.1417533585245110e-12	   8.0000000000000000e+00	
   5.6600000000000001e+00	   1.1088907569956064e-12	   8.0000000000000000e+00	
   5.6699999999999999e+00	   1.0705880626460385e-12	   8.0000000000000000e+00	
   5.6799999999999997e+00	   1.0279554985004324e-12	   8.0000000000000000e+00	
   5.6899999999999995e+00	   9.8143715376863838e-13	   8.0000000000000000e+00	
   5.6999999999999993e+00	   9.4280139251168293e-13	   8.0000000000000000e+00	
   5.7100000000000000e+00	   9.0916163486554069e-13	   8.0000000000000000e+00	
   5.7199999999999998e+00	   8.7152507433074788e-13	   8.0000000000000000e+00	
   5.7300000000000004e+00	   8.3066886702454212e-13	   8.0000000000000000e+00	
   5.7400000000000002e+00	   7.8603790143461083e-13	   8.0000000000000000e+00	
   5.7500000000000000e+00	   7.3951955670281677e-13	   8.0000000000000000e+00	
   5.7599999999999998e+00	   7.0643491056898711e-13	   8.0000000000000000e+00	
   5.7699999999999996e+00	   6.7046368457113203e-13	   8.0000000000000000e+00	
   5.7799999999999994e+00	   6.3216099022156413e-13	   8.0000000000000000e+00	
   5.7900000000000000e+00	   5.9197091673013347e-13	   8.0000000000000000e+00	
   5.7999999999999998e+00	   5.5022653100422758e-13	   8.0000000000000000e+00	
   5.8100000000000005e+00	   5.1247894816697226e-13	   8.0000000000000000e+00	
   5.8200000000000003e+00	   4.7983839124299266e-13	   8.0000000000000000e+00	
   5.8300000000000001e+00	   4.4564352208453784e-13	   8.0000000000000000e+00	
   5.8399999999999999e+00	   4.1033842990145786e-13	   8.0000000000000000e+00	
   5.8499999999999996e+00	   3.7414515929867775e-13	   8.0000000000000000e+00	
   5.8599999999999994e+00	   3.3839597790574771e-13	   8.0000000000000000e+00	
   5.8700000000000001e+00	   3.0864200084579352e-13	   8.0000000000000000e+00	
   5.8799999999999999e+00	   2.7911006839076435e-13	   8.0000000000000000e+00	
   5.8900000000000006e+00	   2.4946711363327267e-13	   8.0000000000000000e+00	
   5.9000000000000004e+00	   2.2004620348070603e-13	   8.0000000000000000e+00	
   5.9100000000000001e+00	   1.9106938253798944e-13	   8.0000000000000000e+00	
   5.9199999999999999e+00	   1.6409096303959814e-13	   8.0000000000000000e+00	
   5.9299999999999997e+00	   1.4011014570769476e-13	   8.0000000000000000e+00	
   5.9399999999999995e+00	   1.1679546219056647e-13	   8.0000000000000000e+00	
   5.9500000000000002e+00	   9.3702823278363212e-14	   8.0000000000000000e+00	
   5.9600000000000000e+00	   7.1942451995710144e-14	   8.0000000000000000e+00	
   5.9699999999999998e+00	   5.1514348342607263e-14	   8.0000000000000000e+00	
   5.9800000000000004e+00	   3.3528735343679728e-14	   8.0000000000000000e+00	
   5.9900000000000002e+00	   1.6209256159527285e-14	   8.0000000000000000e+00	
   6.0000000000000000e+00	   2.2204460492503131e-16	   2.0000000000000000e+00	
   6.0099999999999998e+00	   1.4765966227514582e-14	   8.0000000000000000e+00	
   6.0199999999999996e+00	   2.7977620220553945e-14	   8.0000000000000000e+00	
   6.0300000000000002e+00	   3.9523939676655573e-14	   8.0000000000000000e+00	
   6.0400000000000000e+00	   5.0293103015519591e-14	   8.0000000000000000e+00	
   6.0499999999999998e+00	   6.0174087934683484e-14	   8.0000000000000000e+00	
   6.0600000000000005e+00	   6.7945649107059580e-14	   8.0000000000000000e+00	
   6.0700000000000003e+00	   7.4162898044960457e-14	   8.0000000000000000e+00	
   6.0800000000000001e+00	   7.8936857050848630e-14	   8.0000000000000000e+00	
   6.0899999999999999e+00	   8.3155704544424225e-14	   8.0000000000000000e+00	
   6.0999999999999996e+00	   8.6708418223224726e-14	   8.0000000000000000e+00	
   6.1099999999999994e+00	   8.8151708155237429e-14	   8.0000000000000000e+00	
   6.1200000000000001e+00	   8.8373752760162461e-14	   8.0000000000000000e+00	
   6.1299999999999999e+00	   8.7263529735537304e-14	   8.0000000000000000e+00	
   6.1399999999999997e+00	   8.4821039081361960e-14	   8.0000000000000000e+00	
   6.1500000000000004e+00	   8.2267526124724100e-14	   8.0000000000000000e+00	
   6.1600000000000001e+00	   3.9523939676655573e-14	   7.0000000000000000e+00	
   6.1699999999999999e+00	   3.2196467714129540e-14	   7.0000000000000000e+00	
   6.1799999999999997e+00	   6.7279515292284486e-14	   8.0000000000000000e+00	
   6.1899999999999995e+00	   5.9618976422370906e-14	   8.0000000000000000e+00	
   6.2000000000000002e+00	   5.1736392947532295e-14	   8.0000000000000000e+00	
   6.2100000000000000e+00	   4.3520742565306136e-14	   8.0000000000000000e+00	
   6.2199999999999998e+00	   3.4194869158454821e-14	   8.0000000000000000e+00	
   6.2300000000000004e+00	   2.3425705819590803e-14	   8.0000000000000000e+00	
   6.2400000000000002e+00	   1.2212453270876722e-14	   8.0000000000000000e+00	
   6.2500000000000000e+00	   7.7715611723760958e-16	   8.0000000000000000e+00	
   6.2599999999999998e+00	   1.1990408665951691e-14	   8.0000000000000000e+00	
   6.2699999999999996e+00	   2.4868995751603507e-14	   8.0000000000000000e+00	
   6.2800000000000002e+00	   3.8302694349567901e-14	   8.0000000000000000e+00	
   6.2900000000000000e+00	   5.1958437552457326e-14	   8.0000000000000000e+00	
   6.2999999999999998e+00	   6.5725203057809267e-14	   8.0000000000000000e+00	
   6.3100000000000005e+00	   8.0158102377936302e-14	   8.0000000000000000e+00	
   6.3200000000000003e+00	   9.5701224722688494e-14	   8.0000000000000000e+00	
   6.3300000000000001e+00	   1.1124434706744069e-13	   8.0000000000000000e+00	
   6.3399999999999999e+00	   1.2656542480726785e-13	   8.0000000000000000e+00	
   6.3499999999999996e+00	   1.4166445794216997e-13	   8.0000000000000000e+00	
   6.3599999999999994e+00	   1.5609735726229701e-13	   8.0000000000000000e+00	
   6.3700000000000001e+00	   1.7252865802674933e-13	   8.0000000000000000e+00	
   6.3799999999999999e+00	   1.8918200339612667e-13	   8.0000000000000000e+00	
   6.3899999999999997e+00	   2.0516921495072893e-13	   8.0000000000000000e+00	
   6.4000000000000004e+00	   2.2037927038809357e-13	   8.0000000000000000e+00	
   6.4100000000000001e+00	   2.3436808049837055e-13	   8.0000000000000000e+00	
   6.4199999999999999e+00	   2.4846791291111003e-13	   8.0000000000000000e+00	
   6.4299999999999997e+00	   2.6534330288541241e-13	   8.0000000000000000e+00	
   6.4399999999999995e+00	   2.8188562595232725e-13	   8.0000000000000000e+00	
   6.4500000000000002e+00	   2.9554136915521667e-13	   8.0000000000000000e+00	
   6.4600000000000000e+00	   3.0819791163594346e-13	   8.0000000000000000e+00	
   6.4699999999999998e+00	   3.1930014188219502e-13	   8.0000000000000000e+00	
   6.4800000000000004e+00	   3.3451019731955967e-13	   8.0000000000000000e+00	
   6.4900000000000002e+00	   3.4894309663968670e-13	   8.0000000000000000e+00	
   6.5099999999999998e+00	   5.7853721813216907e-13	   8.0000000000000000e+00	
   6.5199999999999996e+00	   5.6998850084255537e-13	   8.0000000000000000e+00	
   6.5300000000000002e+00	   5.6088467204062908e-13	   8.0000000000000000e+00	
   6.5400000000000000e+00	   5.5910831520122883e-13	   8.0000000000000000e+00	
   6.5499999999999998e+00	   5.5466742310272821e-13	   8.0000000000000000e+00	
   6.5600000000000005e+00	   5.4778404035005224e-13	   8.0000000000000000e+00	
   6.5700000000000003e+00	   5.3712589931365073e-13	   8.0000000000000000e+00	
   6.5800000000000001e+00	   5.2469140143784898e-13	   8.0000000000000000e+00	
   6.5899999999999999e+00	   5.1758597408024798e-13	   8.0000000000000000e+00	
   6.5999999999999996e+00	   5.1203485895712220e-13	   8.0000000000000000e+00	
   6.6099999999999994e+00	   5.0270898555027088e-13	   8.0000000000000000e+00	
   6.6200000000000001e+00	   4.9193982221140686e-13	   8.0000000000000000e+00	
   6.6299999999999999e+00	   4.7883919052083002e-13	   8.0000000000000000e+00	
   6.6399999999999997e+00	   4.6496140271301556e-13	   8.0000000000000000e+00	
   6.6500000000000004e+00	   4.5741188614556449e-13	   8.0000000000000000e+00	
   6.6600000000000001e+00	   4.4786396813378815e-13	   8.0000000000000000e+00	
   6.6699999999999999e+00	   4.3631764867768652e-13	   8.0000000000000000e+00	
   6.6799999999999997e+00	   4.2277292777725961e-13	   8.0000000000000000e+00	
   6.6899999999999995e+00	   4.0700776082758239e-13	   8.0000000000000000e+00	
   6.7000000000000002e+00	   3.9479530755670567e-13	   8.0000000000000000e+00	
   6.7100000000000000e+00	   3.8480330033507926e-13	   8.0000000000000000e+00	
   6.7199999999999998e+00	   3.7292391397159008e-13	   8.0000000000000000e+00	
   6.7300000000000004e+00	   3.5882408155885059e-13	   8.0000000000000000e+00	
   6.7400000000000002e+00	   3.4350300381902343e-13	   8.0000000000000000e+00	
   6.7500000000000000e+00	   3.2707170305457112e-13	   8.0000000000000000e+00	
   6.7599999999999998e+00	   3.1652458432063213e-13	   8.0000000000000000e+00	
   6.7699999999999996e+00	   3.0431213104975541e-13	   8.0000000000000000e+00	
   6.7800000000000002e+00	   2.9043434324194095e-13	   8.0000000000000000e+00	
   6.7900000000000000e+00	   2.7577939931688888e-13	   8.0000000000000000e+00	
   6.7999999999999998e+00	   2.6001423236721166e-13	   8.0000000000000000e+00	
   6.8100000000000005e+00	   2.4602542225693469e-13	   8.0000000000000000e+00	
   6.8200000000000003e+00	   2.3336887977620790e-13	   8.0000000000000000e+00	
   6.8300000000000001e+00	   2.2026824808563106e-13	   8.0000000000000000e+00	
   6.8399999999999999e+00	   2.0605739337042905e-13	   8.0000000000000000e+00	
   6.8499999999999996e+00	   1.9129142714291447e-13	   8.0000000000000000e+00	
   6.8599999999999994e+00	   1.7563728249569976e-13	   8.0000000000000000e+00	
   6.8700000000000001e+00	   1.6342482922482304e-13	   8.0000000000000000e+00	
   6.8799999999999999e+00	   1.5054624213917123e-13	   8.0000000000000000e+00	
   6.8899999999999997e+00	   1.3755663275105690e-13	   8.0000000000000000e+00	
   6.9000000000000004e+00	   1.2334577803585489e-13	   8.0000000000000000e+00	
   6.9100000000000001e+00	   1.0969003483296547e-13	   8.0000000000000000e+00	
   6.9199999999999999e+00	   9.6145313932538556e-14	   8.0000000000000000e+00	
   6.9299999999999997e+00	   8.4154905266586866e-14	   8.0000000000000000e+00	
   6.9399999999999995e+00	   7.1498362785860081e-14	   8.0000000000000000e+00	
   6.9500000000000002e+00	   5.9063864910058328e-14	   8.0000000000000000e+00	
   6.9600000000000000e+00	   4.6629367034256575e-14	   8.0000000000000000e+00	
   6.9699999999999998e+00	   3.4305891460917337e-14	   8.0000000000000000e+00	
   6.9800000000000004e+00	   2.2759572004815709e-14	   8.0000000000000000e+00	
   6.9900000000000002e+00	   1.1435297153639112e-14	   8.0000000000000000e+00	
   7.0000000000000000e+00	   2.2204460492503131e-16	   1.0000000000000000e+00	
   7.0099999999999998e+00	   1.1102230246251565e-14	   8.0000000000000000e+00	
   7.0199999999999996e+00	   2.1649348980190553e-14	   8.0000000000000000e+00	
   7.0300000000000002e+00	   3.1863400806741993e-14	   8.0000000000000000e+00	
   7.0400000000000000e+00	   4.2188474935755949e-14	   8.0000000000000000e+00	
   7.0499999999999998e+00	   5.1958437552457326e-14	   8.0000000000000000e+00	
   7.0599999999999996e+00	   6.1506355564233672e-14	   8.0000000000000000e+00	
   7.0700000000000003e+00	   7.0610184366159956e-14	   8.0000000000000000e+00	
   7.0800000000000001e+00	   7.8603790143461083e-14	   8.0000000000000000e+00	
   7.0899999999999999e+00	   8.7263529735537304e-14	   8.0000000000000000e+00	
   7.0999999999999996e+00	   9.5812247025151009e-14	   8.0000000000000000e+00	
   7.1100000000000003e+00	   1.0436096431476471e-13	   8.0000000000000000e+00	
   7.1200000000000001e+00	   1.1124434706744069e-13	   8.0000000000000000e+00	
   7.1299999999999999e+00	   1.1757261830780408e-13	   8.0000000000000000e+00	
   7.1399999999999997e+00	   1.2323475573339238e-13	   8.0000000000000000e+00	
   7.1500000000000004e+00	   1.3100631690576847e-13	   8.0000000000000000e+00	
   7.1600000000000001e+00	   1.3744561044859438e-13	   8.0000000000000000e+00	
   7.1699999999999999e+00	   1.4321877017664519e-13	   8.0000000000000000e+00	
   7.1799999999999997e+00	   1.4777068457760834e-13	   8.0000000000000000e+00	
   7.1899999999999995e+00	   1.5187850976872141e-13	   8.0000000000000000e+00	
   7.2000000000000002e+00	   1.5631940186722204e-13	   8.0000000000000000e+00	
   7.2100000000000000e+00	   1.6164847238542279e-13	   8.0000000000000000e+00	
   7.2199999999999998e+00	   1.6586731987899839e-13	   8.0000000000000000e+00	
   7.2300000000000004e+00	   1.6919798895287386e-13	   8.0000000000000000e+00	
   7.2400000000000002e+00	   1.7152945730458669e-13	   8.0000000000000000e+00	
   7.2500000000000000e+00	   1.7252865802674933e-13	   8.0000000000000000e+00	
   7.2599999999999998e+00	   1.7652546091539989e-13	   8.0000000000000000e+00	
   7.2699999999999996e+00	   1.7963408538435033e-13	   8.0000000000000000e+00	
   7.2800000000000002e+00	   1.8163248682867561e-13	   8.0000000000000000e+00	
   7.2900000000000000e+00	   1.8240964294591322e-13	   8.0000000000000000e+00	
   7.2999999999999998e+00	   1.8218759834098819e-13	   8.0000000000000000e+00	
   7.3099999999999996e+00	   1.8274270985330077e-13	   8.0000000000000000e+00	
   7.3200000000000003e+00	   1.8496315590255108e-13	   8.0000000000000000e+00	
   7.3300000000000001e+00	   1.8540724511240114e-13	   8.0000000000000000e+00	
   7.3399999999999999e+00	   1.8518520050747611e-13	   8.0000000000000000e+00	
   7.3499999999999996e+00	   1.8407497748285095e-13	   8.0000000000000000e+00	
   7.3600000000000003e+00	   1.8185453143360064e-13	   8.0000000000000000e+00	
   7.3700000000000001e+00	   1.8207657603852567e-13	   8.0000000000000000e+00	
   7.3799999999999999e+00	   1.8174350913113813e-13	   8.0000000000000000e+00	
   7.3899999999999997e+00	   1.8074430840897548e-13	   8.0000000000000000e+00	
   7.4000000000000004e+00	   1.7863488466218769e-13	   8.0000000000000000e+00	
   7.4100000000000001e+00	   1.7552626019323725e-13	   8.0000000000000000e+00	
   7.4199999999999999e+00	   1.7241763572428681e-13	   8.0000000000000000e+00	
   7.4299999999999997e+00	   1.7164047960704920e-13	   8.0000000000000000e+00	
   7.4399999999999995e+00	   1.7008616737257398e-13	   8.0000000000000000e+00	
   7.4500000000000002e+00	   1.6675549829869851e-13	   8.0000000000000000e+00	
   7.4600000000000000e+00	   1.6309176231743550e-13	   8.0000000000000000e+00	
   7.4699999999999998e+00	   1.5853984791647235e-13	   8.0000000000000000e+00	
   7.4800000000000004e+00	   1.5643042416968456e-13	   8.0000000000000000e+00	
   7.4900000000000002e+00	   1.5376588891058418e-13	   8.0000000000000000e+00	
   7.5099999999999998e+00	   1.1979306435705439e-13	   8.0000000000000000e+00	
   7.5199999999999996e+00	   1.2001510896197942e-13	   8.0000000000000000e+00	
   7.5300000000000002e+00	   1.2034817586936697e-13	   8.0000000000000000e+00	
   7.5400000000000000e+00	   1.2223555501122974e-13	   8.0000000000000000e+00	
   7.5499999999999998e+00	   1.2301271112846734e-13	   8.0000000000000000e+00	
   7.5599999999999996e+00	   1.2412293415309250e-13	   8.0000000000000000e+00	
   7.5700000000000003e+00	   1.2412293415309250e-13	   8.0000000000000000e+00	
   7.5800000000000001e+00	   1.2301271112846734e-13	   8.0000000000000000e+00	
   7.5899999999999999e+00	   1.2334577803585489e-13	   8.0000000000000000e+00	
   7.5999999999999996e+00	   1.2401191185062999e-13	   8.0000000000000000e+00	
   7.6100000000000003e+00	   1.2412293415309250e-13	   8.0000000000000000e+00	
   7.6200000000000001e+00	   1.2323475573339238e-13	   8.0000000000000000e+00	
   7.6299999999999999e+00	   1.2190248810384219e-13	   8.0000000000000000e+00	
   7.6399999999999997e+00	   1.2045919817182948e-13	   8.0000000000000000e+00	
   7.6500000000000004e+00	   1.2057022047429200e-13	   8.0000000000000000e+00	
   7.6600000000000001e+00	   1.1990408665951691e-13	   8.0000000000000000e+00	
   7.6699999999999999e+00	   1.1857181902996672e-13	   8.0000000000000000e+00	
   7.6799999999999997e+00	   1.1690648449302898e-13	   8.0000000000000000e+00	
   7.6900000000000004e+00	   1.1457501614131615e-13	   8.0000000000000000e+00	
   7.7000000000000002e+00	   1.1279865930191590e-13	   8.0000000000000000e+00	
   7.7100000000000000e+00	   1.1168843627729075e-13	   8.0000000000000000e+00	
   7.7199999999999998e+00	   1.0991207943789050e-13	   8.0000000000000000e+00	
   7.7300000000000004e+00	   1.0769163338864018e-13	   8.0000000000000000e+00	
   7.7400000000000002e+00	   1.0458300891968975e-13	   8.0000000000000000e+00	
   7.7500000000000000e+00	   1.0114131754335176e-13	   8.0000000000000000e+00	
   7.7599999999999998e+00	   9.9253938401488995e-14	   8.0000000000000000e+00	
   7.7699999999999996e+00	   9.7033492352238682e-14	   8.0000000000000000e+00	
   7.7800000000000002e+00	   9.4257934790675790e-14	   8.0000000000000000e+00	
   7.7900000000000000e+00	   9.0705221111875289e-14	   8.0000000000000000e+00	
   7.7999999999999998e+00	   8.6819440525687241e-14	   8.0000000000000000e+00	
   7.8099999999999996e+00	   8.3599793754274287e-14	   8.0000000000000000e+00	
   7.8200000000000003e+00	   8.0491169285323849e-14	   8.0000000000000000e+00	
   7.8300000000000001e+00	   7.7049477908985864e-14	   8.0000000000000000e+00	
   7.8399999999999999e+00	   7.3496764230185363e-14	   8.0000000000000000e+00	
   7.8499999999999996e+00	   6.9055872131684737e-14	   8.0000000000000000e+00	
   7.8600000000000003e+00	   6.4614980033184111e-14	   8.0000000000000000e+00	
   7.8700000000000001e+00	   6.1062266354383610e-14	   8.0000000000000000e+00	
   7.8799999999999999e+00	   5.7287508070658077e-14	   8.0000000000000000e+00	
   7.8899999999999997e+00	   5.2846615972157451e-14	   8.0000000000000000e+00	
   7.9000000000000004e+00	   4.8405723873656825e-14	   8.0000000000000000e+00	
   7.9100000000000001e+00	   4.3631764867768652e-14	   8.0000000000000000e+00	
   7.9199999999999999e+00	   3.8857805861880479e-14	   8.0000000000000000e+00	
   7.9299999999999997e+00	   3.4416913763379853e-14	   8.0000000000000000e+00	
   7.9400000000000004e+00	   2.9976021664879227e-14	   8.0000000000000000e+00	
   7.9500000000000002e+00	   2.5091040356528538e-14	   8.0000000000000000e+00	
   7.9600000000000000e+00	   1.9984014443252818e-14	   8.0000000000000000e+00	
   7.9699999999999998e+00	   1.5099033134902129e-14	   8.0000000000000000e+00	
   7.9800000000000004e+00	   1.0325074129013956e-14	   8.0000000000000000e+00	
   7.9900000000000002e+00	   5.2180482157382357e-15	   8.0000000000000000e+00	
   8.0000000000000000e+00	   2.2204460492503131e-16	   1.0000000000000000e+00	
