   5.1000000000000001e-01	   6.6116714764570839e-01	   1.0000000000000000e+00	
   5.2000000000000002e-01	   6.4836507328476434e-01	   1.0000000000000000e+00	
   5.3000000000000003e-01	   6.3595715567129396e-01	   1.0000000000000000e+00	
   5.4000000000000004e-01	   6.2846735385946073e-01	   1.0000000000000000e+00	
   5.5000000000000004e-01	   6.1943114847694258e-01	   1.0000000000000000e+00	
   5.6000000000000005e-01	   6.0891784198774923e-01	   1.0000000000000000e+00	
   5.7000000000000006e-01	   5.9700069675573064e-01	   1.0000000000000000e+00	
   5.7999999999999996e-01	   5.8375668683419524e-01	   1.0000000000000000e+00	
   5.8999999999999997e-01	   5.7428219157773341e-01	   1.0000000000000000e+00	
   5.9999999999999998e-01	   5.6592927455366215e-01	   1.0000000000000000e+00	
   6.0999999999999999e-01	   5.5621670654039645e-01	   1.0000000000000000e+00	
   6.2000000000000000e-01	   5.4521745367356345e-01	   1.0000000000000000e+00	
   6.3000000000000000e-01	   5.3300766573436786e-01	   1.0000000000000000e+00	
   6.4000000000000001e-01	   5.2043072088506026e-01	   1.0000000000000000e+00	
   6.5000000000000002e-01	   5.1277041642213228e-01	   1.0000000000000000e+00	
   6.6000000000000003e-01	   5.0386700751641800e-01	   1.0000000000000000e+00	
   6.7000000000000004e-01	   4.9379226705789980e-01	   1.0000000000000000e+00	
   6.7999999999999994e-01	   4.8262063103517971e-01	   1.0000000000000000e+00	
   6.8999999999999995e-01	   4.7042889491747619e-01	   1.0000000000000000e+00	
   6.9999999999999996e-01	   4.6068226850912719e-01	   1.0000000000000000e+00	
   7.0999999999999996e-01	   4.5257427962132524e-01	   1.0000000000000000e+00	
   7.1999999999999997e-01	   4.4340758300995664e-01	   1.0000000000000000e+00	
   7.2999999999999998e-01	   4.3325412254024753e-01	   1.0000000000000000e+00	
   7.3999999999999999e-01	   4.2218769529429134e-01	   1.0000000000000000e+00	
   7.5000000000000000e-01	   4.1028362502064408e-01	   1.0000000000000000e+00	
   7.6000000000000001e-01	   4.0293915983111184e-01	   1.0000000000000000e+00	
   7.7000000000000002e-01	   3.9464509057022812e-01	   1.0000000000000000e+00	
   7.8000000000000003e-01	   3.8547022198512315e-01	   1.0000000000000000e+00	
   7.9000000000000004e-01	   3.7548474734468562e-01	   1.0000000000000000e+00	
   8.0000000000000004e-01	   3.6475992328346529e-01	   1.0000000000000000e+00	
   8.1000000000000005e-01	   3.5545545244728927e-01	   1.0000000000000000e+00	
   8.2000000000000006e-01	   3.4798421560254122e-01	   1.0000000000000000e+00	
   8.3000000000000007e-01	   3.3973343468657169e-01	   1.0000000000000000e+00	
   8.4000000000000008e-01	   3.3076924018398102e-01	   1.0000000000000000e+00	
   8.5000000000000009e-01	   3.2115841689624869e-01	   1.0000000000000000e+00	
   8.5999999999999999e-01	   3.1096808342875981e-01	   1.0000000000000000e+00	
   8.7000000000000000e-01	   3.0380465729166395e-01	   1.0000000000000000e+00	
   8.8000000000000000e-01	   2.9641322387326308e-01	   1.0000000000000000e+00	
   8.9000000000000001e-01	   2.8840009322572091e-01	   1.0000000000000000e+00	
   9.0000000000000002e-01	   2.7982731614171663e-01	   1.0000000000000000e+00	
   9.1000000000000003e-01	   2.7075694107195236e-01	   1.0000000000000000e+00	
   9.1999999999999993e-01	   2.6239213013983997e-01	   1.0000000000000000e+00	
   9.2999999999999994e-01	   2.5578944069282517e-01	   1.0000000000000000e+00	
   9.3999999999999995e-01	   2.4865105634346807e-01	   1.0000000000000000e+00	
   9.4999999999999996e-01	   2.4103415958877883e-01	   1.0000000000000000e+00	
   9.5999999999999996e-01	   2.3299565138274625e-01	   1.0000000000000000e+00	
   9.6999999999999997e-01	   2.2459187641482203e-01	   1.0000000000000000e+00	
   9.7999999999999998e-01	   2.1805986823495771e-01	   1.0000000000000000e+00	
   9.8999999999999999e-01	   2.1171771774690051e-01	   1.0000000000000000e+00	
   1.0000000000000000e+00	   2.0497227558271347e-01	   1.0000000000000000e+00	
   1.0100000000000000e+00	   1.9787532232657634e-01	   1.0000000000000000e+00	
   1.0200000000000000e+00	   1.9047788184145364e-01	   1.0000000000000000e+00	
   1.0300000000000000e+00	   1.8334912493820643e-01	   1.0000000000000000e+00	
   1.0400000000000000e+00	   1.7772575093393339e-01	   1.0000000000000000e+00	
   1.0500000000000000e+00	   1.7176837080023266e-01	   1.0000000000000000e+00	
   1.0600000000000001e+00	   1.6552375552893994e-01	   1.0000000000000000e+00	
   1.0700000000000001e+00	   1.5903776564190175e-01	   1.0000000000000000e+00	
   1.0800000000000001e+00	   1.5235514392701099e-01	   1.0000000000000000e+00	
   1.0899999999999999e+00	   1.4673979264483816e-01	   1.0000000000000000e+00	
   1.1000000000000001e+00	   1.4149070871756275e-01	   1.0000000000000000e+00	
   1.1099999999999999e+00	   1.3601292763127026e-01	   1.0000000000000000e+00	
   1.1200000000000001e+00	   1.3034736066166230e-01	   1.0000000000000000e+00	
   1.1299999999999999e+00	   1.2453371598000840e-01	   1.0000000000000000e+00	
   1.1400000000000001e+00	   1.1877243125389358e-01	   1.0000000000000000e+00	
   1.1499999999999999e+00	   1.1415741383368427e-01	   1.0000000000000000e+00	
   1.1600000000000001e+00	   1.0936661413123594e-01	   1.0000000000000000e+00	
   1.1699999999999999e+00	   1.0443624679561414e-01	   1.0000000000000000e+00	
   1.1800000000000002e+00	   9.9401270247740925e-02	   1.0000000000000000e+00	
   1.1899999999999999e+00	   9.4295250333334968e-02	   1.0000000000000000e+00	
   1.2000000000000002e+00	   8.9744525054875401e-02	   1.0000000000000000e+00	
   1.2100000000000000e+00	   8.5567816939217556e-02	   1.0000000000000000e+00	
   1.2200000000000000e+00	   8.1294558001913542e-02	   1.0000000000000000e+00	
   1.2300000000000000e+00	   7.6955258920671898e-02	   1.0000000000000000e+00	
   1.2400000000000000e+00	   7.2579035922755830e-02	   1.0000000000000000e+00	
   1.2500000000000000e+00	   6.8193515007935579e-02	   1.0000000000000000e+00	
   1.2600000000000000e+00	   6.4565735981656713e-02	   1.0000000000000000e+00	
   1.2700000000000000e+00	   6.0879409421999764e-02	   1.0000000000000000e+00	
   1.2800000000000000e+00	   5.7160905660087913e-02	   1.0000000000000000e+00	
   1.2900000000000000e+00	   5.3435217760326337e-02	   1.0000000000000000e+00	
   1.3000000000000000e+00	   4.9725887392993329e-02	   1.0000000000000000e+00	
   1.3100000000000001e+00	   4.6282103910234795e-02	   1.0000000000000000e+00	
   1.3200000000000001e+00	   4.3120774314504340e-02	   1.0000000000000000e+00	
   1.3300000000000001e+00	   3.9956628163193786e-02	   1.0000000000000000e+00	
   1.3399999999999999e+00	   3.6810854168986218e-02	   1.0000000000000000e+00	
   1.3500000000000001e+00	   3.3703240901860054e-02	   1.0000000000000000e+00	
   1.3599999999999999e+00	   3.0652135401708858e-02	   1.0000000000000000e+00	
   1.3700000000000001e+00	   2.7926704187249740e-02	   1.0000000000000000e+00	
   1.3799999999999999e+00	   2.5258889564354625e-02	   1.0000000000000000e+00	
   1.3900000000000001e+00	   2.2631021804677021e-02	   1.0000000000000000e+00	
   1.3999999999999999e+00	   2.0059451321021715e-02	   1.0000000000000000e+00	
   1.4100000000000001e+00	   1.7559162974946974e-02	   1.0000000000000000e+00	
   1.4199999999999999e+00	   1.5187841740234020e-02	   1.0000000000000000e+00	
   1.4300000000000002e+00	   1.2966423802561078e-02	   1.0000000000000000e+00	
   1.4399999999999999e+00	   1.4434536806562592e-02	   1.0000000000000000e+00	
   1.4500000000000002e+00	   1.5368957233675928e-02	   1.0000000000000000e+00	
   1.4600000000000000e+00	   1.5001858901204645e-02	   1.0000000000000000e+00	
   1.4700000000000000e+00	   1.4607997538058859e-02	   1.0000000000000000e+00	
   1.4800000000000000e+00	   1.6159957941498826e-02	   1.0000000000000000e+00	
   1.4900000000000000e+00	   1.8389742117306707e-02	   1.0000000000000000e+00	
   1.5100000000000000e+00	   1.9837636642344947e-02	   1.0000000000000000e+00	
   1.5200000000000000e+00	   1.8929330057310789e-02	   1.0000000000000000e+00	
   1.5300000000000000e+00	   8.6519817886610006e-03	   1.0000000000000000e+00	
   1.5400000000000000e+00	   8.4386717929676447e-03	   1.0000000000000000e+00	
   1.5500000000000000e+00	   8.1904419757925506e-03	   1.0000000000000000e+00	
   1.5600000000000001e+00	   7.9108496118740490e-03	   1.0000000000000000e+00	
   1.5700000000000001e+00	   7.6035242250800383e-03	   1.0000000000000000e+00	
   1.5800000000000001e+00	   7.2721334966747708e-03	   1.0000000000000000e+00	
   1.5900000000000001e+00	   7.0194205609506177e-03	   1.0000000000000000e+00	
   1.6000000000000001e+00	   6.7896214073370764e-03	   1.0000000000000000e+00	
   1.6100000000000001e+00	   6.5345932219400549e-03	   1.0000000000000000e+00	
   1.6200000000000001e+00	   6.2576913507865761e-03	   1.0000000000000000e+00	
   1.6300000000000001e+00	   5.9622670661469979e-03	   1.0000000000000000e+00	
   1.6400000000000001e+00	   5.6650502271855530e-03	   1.0000000000000000e+00	
   1.6500000000000001e+00	   5.4571314791282965e-03	   1.0000000000000000e+00	
   1.6599999999999999e+00	   5.2295019886823280e-03	   1.0000000000000000e+00	
   1.6699999999999999e+00	   4.9852067893221275e-03	   1.0000000000000000e+00	
   1.6799999999999999e+00	   4.7272539396112645e-03	   1.0000000000000000e+00	
   1.6899999999999999e+00	   4.4585912184420540e-03	   1.0000000000000000e+00	
   1.7000000000000000e+00	   4.2320761816123653e-03	   1.0000000000000000e+00	
   1.7100000000000000e+00	   4.0329112632506714e-03	   1.0000000000000000e+00	
   1.7200000000000000e+00	   3.8216527111263332e-03	   1.0000000000000000e+00	
   1.7300000000000000e+00	   3.6009519092039532e-03	   1.0000000000000000e+00	
   1.7400000000000000e+00	   3.3733787842158414e-03	   1.0000000000000000e+00	
   1.7500000000000000e+00	   3.1414040632451457e-03	   1.0000000000000000e+00	
   1.7600000000000000e+00	   2.9705359191944947e-03	   1.0000000000000000e+00	
   1.7700000000000000e+00	   2.7915287485782425e-03	   1.0000000000000000e+00	
   1.7800000000000000e+00	   2.6066743414145943e-03	   1.0000000000000000e+00	
   1.7900000000000000e+00	   2.4181680086579060e-03	   1.0000000000000000e+00	
   1.8000000000000000e+00	   2.2280942941454995e-03	   1.0000000000000000e+00	
   1.8100000000000001e+00	   2.0580372047487305e-03	   1.0000000000000000e+00	
   1.8200000000000001e+00	   1.9097032989385809e-03	   1.0000000000000000e+00	
   1.8300000000000001e+00	   1.7585267745194866e-03	   1.0000000000000000e+00	
   1.8400000000000001e+00	   1.6063387804716722e-03	   1.0000000000000000e+00	
   1.8500000000000001e+00	   1.4548529156008794e-03	   1.0000000000000000e+00	
   1.8600000000000001e+00	   1.3056555421673277e-03	   1.0000000000000000e+00	
   1.8700000000000001e+00	   1.1828088030467754e-03	   1.0000000000000000e+00	
   1.8800000000000001e+00	   1.0627044980673350e-03	   1.0000000000000000e+00	
   1.8900000000000001e+00	   9.4368628642693686e-04	   1.0000000000000000e+00	
   1.9000000000000001e+00	   8.2711675549340669e-04	   1.0000000000000000e+00	
   1.9099999999999999e+00	   7.1423114707247493e-04	   1.0000000000000000e+00	
   1.9199999999999999e+00	   6.1056116804025784e-04	   1.0000000000000000e+00	
   1.9299999999999999e+00	   5.1872948200637481e-04	   1.0000000000000000e+00	
   1.9399999999999999e+00	   4.2957607176452584e-04	   1.0000000000000000e+00	
   1.9500000000000000e+00	   3.4413588054538202e-04	   1.0000000000000000e+00	
   1.9600000000000000e+00	   2.6331942936175246e-04	   1.0000000000000000e+00	
   1.9700000000000000e+00	   1.8790955084613259e-04	   1.0000000000000000e+00	
   1.9800000000000000e+00	   1.2061354641024202e-04	   1.0000000000000000e+00	
   1.9900000000000000e+00	   5.8038510045710368e-05	   1.0000000000000000e+00	
   2.0000000000000000e+00	   2.2204460492503131e-16	   1.0000000000000000e+00	
   2.0099999999999998e+00	   5.2926548635978676e-05	   1.0000000000000000e+00	
   2.0200000000000000e+00	   1.0028740117196122e-04	   1.0000000000000000e+00	
   2.0300000000000002e+00	   1.4241176032614433e-04	   1.0000000000000000e+00	
   2.0400000000000000e+00	   1.8179690864750242e-04	   1.0000000000000000e+00	
   2.0499999999999998e+00	   2.1627952120861771e-04	   1.0000000000000000e+00	
   2.0600000000000001e+00	   2.4552274561639997e-04	   1.0000000000000000e+00	
   2.0700000000000003e+00	   2.6930691758808578e-04	   1.0000000000000000e+00	
   2.0800000000000001e+00	   2.8752612582216841e-04	   1.0000000000000000e+00	
   2.0899999999999999e+00	   3.0454048074646245e-04	   1.0000000000000000e+00	
   2.1000000000000001e+00	   3.1865189861557397e-04	   1.0000000000000000e+00	
   2.1100000000000003e+00	   3.2770363030887317e-04	   1.0000000000000000e+00	
   2.1200000000000001e+00	   3.3171257610420390e-04	   1.0000000000000000e+00	
   2.1299999999999999e+00	   3.3079333581187420e-04	   1.0000000000000000e+00	
   2.1400000000000001e+00	   3.2591484420674277e-04	   1.0000000000000000e+00	
   2.1500000000000004e+00	   3.2251258349758061e-04	   1.0000000000000000e+00	
   2.1600000000000001e+00	   3.1452962663913731e-04	   1.0000000000000000e+00	
   2.1699999999999999e+00	   3.0218217408117809e-04	   1.0000000000000000e+00	
   2.1799999999999997e+00	   2.8576713958061717e-04	   1.0000000000000000e+00	
   2.1899999999999999e+00	   2.6565476340412175e-04	   1.0000000000000000e+00	
   2.2000000000000002e+00	   2.4496680180141617e-04	   1.0000000000000000e+00	
   2.2100000000000000e+00	   2.2279692197835210e-04	   1.0000000000000000e+00	
   2.2199999999999998e+00	   1.9715520016294619e-04	   1.0000000000000000e+00	
   2.2300000000000000e+00	   1.6848392732504713e-04	   1.0000000000000000e+00	
   2.2400000000000002e+00	   1.3728043599714468e-04	   1.0000000000000000e+00	
   2.2500000000000000e+00	   1.0408850923449009e-04	   1.0000000000000000e+00	
   2.2599999999999998e+00	   7.0317105014039427e-05	   1.0000000000000000e+00	
   2.2700000000000000e+00	   3.4133778425315953e-05	   1.0000000000000000e+00	
   2.2800000000000002e+00	   2.4022721881733489e-05	   1.0000000000000000e+00	
   2.2900000000000000e+00	   6.0113927075722273e-05	   1.0000000000000000e+00	
   2.2999999999999998e+00	   1.0111175568039421e-04	   1.0000000000000000e+00	
   2.3100000000000001e+00	   1.4335810346355338e-04	   1.0000000000000000e+00	
   2.3200000000000003e+00	   1.4771807461655406e-04	   2.0000000000000000e+00	
   2.3300000000000001e+00	   1.2023111937242703e-04	   2.0000000000000000e+00	
   2.3399999999999999e+00	   9.1909984853311144e-05	   2.0000000000000000e+00	
   2.3500000000000001e+00	   6.3189630492122006e-05	   2.0000000000000000e+00	
   2.3600000000000003e+00	   3.4504274027291615e-05	   2.0000000000000000e+00	
   2.3700000000000001e+00	   6.4222293418847443e-06	   2.0000000000000000e+00	
   2.3799999999999999e+00	   3.3332437643363022e-05	   2.0000000000000000e+00	
   2.3900000000000001e+00	   6.1610234453723933e-05	   2.0000000000000000e+00	
   2.4000000000000004e+00	   8.9325984981458717e-05	   2.0000000000000000e+00	
   2.4100000000000001e+00	   1.1607244601230526e-04	   2.0000000000000000e+00	
   2.4199999999999999e+00	   1.4252702928296834e-04	   2.0000000000000000e+00	
   2.4299999999999997e+00	   1.7016605263520113e-04	   2.0000000000000000e+00	
   2.4399999999999999e+00	   1.9685601106478323e-04	   2.0000000000000000e+00	
   2.4500000000000002e+00	   1.4287639044008316e-04	   3.0000000000000000e+00	
   2.4600000000000000e+00	   8.4124129950513549e-05	   3.0000000000000000e+00	
   2.4699999999999998e+00	   1.6182635567307813e-04	   3.0000000000000000e+00	
   2.4800000000000000e+00	   2.3670983216339536e-04	   3.0000000000000000e+00	
   2.4900000000000002e+00	   3.0730703793979686e-04	   3.0000000000000000e+00	
   2.5100000000000002e+00	   3.0880316860515400e-04	   3.0000000000000000e+00	
   2.5200000000000000e+00	   2.9643954616975776e-04	   3.0000000000000000e+00	
   2.5300000000000002e+00	   2.8453866067956746e-04	   3.0000000000000000e+00	
   2.5400000000000000e+00	   2.7645532266951101e-04	   3.0000000000000000e+00	
   2.5499999999999998e+00	   2.6725373635017036e-04	   3.0000000000000000e+00	
   2.5600000000000001e+00	   2.5706691476123922e-04	   3.0000000000000000e+00	
   2.5699999999999998e+00	   2.4602877767265774e-04	   3.0000000000000000e+00	
   2.5800000000000001e+00	   2.3427288725308415e-04	   3.0000000000000000e+00	
   2.5899999999999999e+00	   2.2523445327871094e-04	   3.0000000000000000e+00	
   2.6000000000000001e+00	   2.1702767441977855e-04	   3.0000000000000000e+00	
   2.6099999999999999e+00	   2.0804959245790400e-04	   3.0000000000000000e+00	
   2.6200000000000001e+00	   1.9842004836001514e-04	   3.0000000000000000e+00	
   2.6299999999999999e+00	   1.8825720767812193e-04	   3.0000000000000000e+00	
   2.6400000000000001e+00	   1.7811439579151767e-04	   3.0000000000000000e+00	
   2.6499999999999999e+00	   1.7095291087154685e-04	   3.0000000000000000e+00	
   2.6600000000000001e+00	   1.6320572358097252e-04	   3.0000000000000000e+00	
   2.6699999999999999e+00	   1.5497809413012043e-04	   3.0000000000000000e+00	
   2.6800000000000002e+00	   1.4637267505235307e-04	   3.0000000000000000e+00	
   2.6899999999999999e+00	   1.3748872631613729e-04	   3.0000000000000000e+00	
   2.7000000000000002e+00	   1.3001218478581045e-04	   3.0000000000000000e+00	
   2.7100000000000000e+00	   1.2345615682729516e-04	   3.0000000000000000e+00	
   2.7200000000000002e+00	   1.1656413029359491e-04	   3.0000000000000000e+00	
   2.7300000000000000e+00	   1.0942360979382393e-04	   3.0000000000000000e+00	
   2.7400000000000002e+00	   1.0211825544015340e-04	   3.0000000000000000e+00	
   2.7500000000000000e+00	   9.4727336569455645e-05	   3.0000000000000000e+00	
   2.7600000000000002e+00	   8.9283982248389293e-05	   3.0000000000000000e+00	
   2.7700000000000000e+00	   8.3624632542855792e-05	   3.0000000000000000e+00	
   2.7800000000000002e+00	   7.7822364324742210e-05	   3.0000000000000000e+00	
   2.7900000000000000e+00	   7.1946188817673118e-05	   3.0000000000000000e+00	
   2.8000000000000003e+00	   6.6060646273014001e-05	   3.0000000000000000e+00	
   2.8100000000000001e+00	   6.0821538216293547e-05	   3.0000000000000000e+00	
   2.8199999999999998e+00	   5.6272461713247068e-05	   3.0000000000000000e+00	
   2.8300000000000001e+00	   5.1664648620830533e-05	   3.0000000000000000e+00	
   2.8399999999999999e+00	   4.7053613730252408e-05	   3.0000000000000000e+00	
   2.8500000000000001e+00	   4.2490482051515954e-05	   3.0000000000000000e+00	
   2.8599999999999999e+00	   3.8021764059870122e-05	   3.0000000000000000e+00	
   2.8700000000000001e+00	   3.4359946963880006e-05	   3.0000000000000000e+00	
   2.8799999999999999e+00	   3.0797880119726173e-05	   3.0000000000000000e+00	
   2.8900000000000001e+00	   2.7285376321684041e-05	   3.0000000000000000e+00	
   2.8999999999999999e+00	   2.3861544682812763e-05	   3.0000000000000000e+00	
   2.9100000000000001e+00	   2.0561178991185258e-05	   3.0000000000000000e+00	
   2.9199999999999999e+00	   1.7543790726159969e-05	   3.0000000000000000e+00	
   2.9300000000000002e+00	   1.4882283417172459e-05	   3.0000000000000000e+00	
   2.9399999999999999e+00	   1.2307422116997202e-05	   3.0000000000000000e+00	
   2.9500000000000002e+00	   9.8477302175048465e-06	   3.0000000000000000e+00	
   2.9600000000000000e+00	   7.5277882629620763e-06	   3.0000000000000000e+00	
   2.9700000000000002e+00	   5.3682287042278176e-06	   3.0000000000000000e+00	
   2.9800000000000000e+00	   3.4446765266871182e-06	   3.0000000000000000e+00	
   2.9900000000000002e+00	   1.6576046766303421e-06	   3.0000000000000000e+00	
   3.0000000000000000e+00	   2.2204460492503131e-16	   1.0000000000000000e+00	
   3.0100000000000002e+00	   1.5123423195984032e-06	   3.0000000000000000e+00	
   3.0200000000000000e+00	   2.8670914884454390e-06	   3.0000000000000000e+00	
   3.0300000000000002e+00	   4.0752752128447867e-06	   3.0000000000000000e+00	
   3.0400000000000000e+00	   5.2106046426469987e-06	   3.0000000000000000e+00	
   3.0500000000000003e+00	   6.2124830135790177e-06	   3.0000000000000000e+00	
   3.0600000000000001e+00	   7.0724129506150035e-06	   3.0000000000000000e+00	
   3.0699999999999998e+00	   7.7848726489637698e-06	   3.0000000000000000e+00	
   3.0800000000000001e+00	   8.3471904808174457e-06	   3.0000000000000000e+00	
   3.0899999999999999e+00	   8.8898187926567118e-06	   3.0000000000000000e+00	
   3.1000000000000001e+00	   9.3648074546148763e-06	   3.0000000000000000e+00	
   3.1099999999999999e+00	   9.7082543439874769e-06	   3.0000000000000000e+00	
   3.1200000000000001e+00	   9.9201696379669357e-06	   3.0000000000000000e+00	
   3.1299999999999999e+00	   1.0002892661065133e-05	   3.0000000000000000e+00	
   3.1400000000000001e+00	   9.9854722594994172e-06	   3.0000000000000000e+00	
   3.1499999999999999e+00	   1.0045398901814551e-05	   3.0000000000000000e+00	
   3.1600000000000001e+00	   9.9897258714065629e-06	   3.0000000000000000e+00	
   3.1699999999999999e+00	   9.8227867189049078e-06	   3.0000000000000000e+00	
   3.1800000000000002e+00	   8.3928608136663030e-06	   1.0000000000000000e+00	
   3.1899999999999999e+00	   3.8491618963298890e-06	   1.0000000000000000e+00	
   3.2000000000000002e+00	   1.4164530262039676e-06	   1.0000000000000000e+00	
   3.2100000000000000e+00	   6.7746957117531537e-06	   1.0000000000000000e+00	
   3.2200000000000002e+00	   5.9841877746436012e-06	   2.0000000000000000e+00	
   3.2300000000000000e+00	   4.8961963123872465e-06	   2.0000000000000000e+00	
   3.2400000000000002e+00	   3.7204470924034894e-06	   2.0000000000000000e+00	
   3.2500000000000000e+00	   2.4771445794602442e-06	   2.0000000000000000e+00	
   3.2600000000000002e+00	   1.2141416694255724e-06	   2.0000000000000000e+00	
   3.2700000000000000e+00	   1.6072977837566782e-07	   2.0000000000000000e+00	
   3.2800000000000002e+00	   1.5690781114408026e-06	   2.0000000000000000e+00	
   3.2900000000000000e+00	   3.0175037850632691e-06	   2.0000000000000000e+00	
   3.3000000000000003e+00	   2.9028102870309880e-06	   3.0000000000000000e+00	
   3.3100000000000001e+00	   2.1524922997340212e-06	   3.0000000000000000e+00	
   3.3199999999999998e+00	   1.4003146957541901e-06	   3.0000000000000000e+00	
   3.3300000000000001e+00	   6.2246932497345142e-07	   3.0000000000000000e+00	
   3.3399999999999999e+00	   1.8126428003029105e-07	   3.0000000000000000e+00	
   3.3500000000000001e+00	   9.7411553223736291e-07	   3.0000000000000000e+00	
   3.3599999999999999e+00	   1.7560040954656131e-06	   3.0000000000000000e+00	
   3.3700000000000001e+00	   2.5650100927698816e-06	   3.0000000000000000e+00	
   3.3799999999999999e+00	   2.5706188599983193e-06	   4.0000000000000000e+00	
   3.3900000000000001e+00	   1.5052691633155035e-06	   4.0000000000000000e+00	
   3.3999999999999999e+00	   4.5436088402794894e-07	   4.0000000000000000e+00	
   3.4100000000000001e+00	   5.9103708704988378e-07	   4.0000000000000000e+00	
   3.4199999999999999e+00	   1.5796221464192683e-06	   4.0000000000000000e+00	
   3.4300000000000002e+00	   2.5629216493516793e-06	   4.0000000000000000e+00	
   3.4399999999999999e+00	   3.5178582880046605e-06	   4.0000000000000000e+00	
   3.4500000000000002e+00	   4.4309467235326139e-06	   4.0000000000000000e+00	
   3.4600000000000000e+00	   4.7227780726188939e-06	   5.0000000000000000e+00	
   3.4700000000000002e+00	   9.9540990738944402e-07	   5.0000000000000000e+00	
   3.4800000000000000e+00	   5.6360518112530400e-06	   5.0000000000000000e+00	
   3.4900000000000002e+00	   7.7308101258388717e-06	   4.0000000000000000e+00	
   3.5100000000000002e+00	   8.2001505778972472e-06	   4.0000000000000000e+00	
   3.5200000000000000e+00	   7.8972205963534492e-06	   4.0000000000000000e+00	
   3.5300000000000002e+00	   7.6042310628299248e-06	   4.0000000000000000e+00	
   3.5400000000000000e+00	   7.4113170960288244e-06	   4.0000000000000000e+00	
   3.5500000000000003e+00	   7.1866675401821567e-06	   4.0000000000000000e+00	
   3.5600000000000001e+00	   6.9336248198492711e-06	   4.0000000000000000e+00	
   3.5700000000000003e+00	   6.6556062026101870e-06	   4.0000000000000000e+00	
   3.5800000000000001e+00	   6.3560684007146762e-06	   4.0000000000000000e+00	
   3.5899999999999999e+00	   6.1283892063279666e-06	   4.0000000000000000e+00	
   3.6000000000000001e+00	   5.9217531620525676e-06	   4.0000000000000000e+00	
   3.6099999999999999e+00	   5.6925003006913499e-06	   4.0000000000000000e+00	
   3.6200000000000001e+00	   5.4437749437141747e-06	   4.0000000000000000e+00	
   3.6299999999999999e+00	   5.1787160104677099e-06	   4.0000000000000000e+00	
   3.6400000000000001e+00	   4.9125079117917636e-06	   4.0000000000000000e+00	
   3.6499999999999999e+00	   4.7271040799490294e-06	   4.0000000000000000e+00	
   3.6600000000000001e+00	   4.5242413952983895e-06	   4.0000000000000000e+00	
   3.6699999999999999e+00	   4.3067505401950257e-06	   4.0000000000000000e+00	
   3.6800000000000002e+00	   4.0774223535322562e-06	   4.0000000000000000e+00	
   3.6899999999999999e+00	   3.8389838266095211e-06	   4.0000000000000000e+00	
   3.7000000000000002e+00	   3.6386106596619783e-06	   4.0000000000000000e+00	
   3.7100000000000000e+00	   3.4629391358897976e-06	   4.0000000000000000e+00	
   3.7200000000000002e+00	   3.2768332449695237e-06	   4.0000000000000000e+00	
   3.7300000000000000e+00	   3.0827220252049869e-06	   4.0000000000000000e+00	
   3.7400000000000002e+00	   2.8829497362714562e-06	   4.0000000000000000e+00	
   3.7500000000000000e+00	   2.6797581960114059e-06	   4.0000000000000000e+00	
   3.7600000000000002e+00	   2.5308058650974630e-06	   4.0000000000000000e+00	
   3.7700000000000000e+00	   2.3749804989314782e-06	   4.0000000000000000e+00	
   3.7800000000000002e+00	   2.2143489564196983e-06	   4.0000000000000000e+00	
   3.7900000000000000e+00	   2.0508797309304327e-06	   4.0000000000000000e+00	
   3.8000000000000003e+00	   1.8864293493958684e-06	   4.0000000000000000e+00	
   3.8100000000000001e+00	   1.7397843037336713e-06	   4.0000000000000000e+00	
   3.8200000000000003e+00	   1.6123107142718140e-06	   4.0000000000000000e+00	
   3.8300000000000001e+00	   1.4826343825991017e-06	   4.0000000000000000e+00	
   3.8399999999999999e+00	   1.3523643038748645e-06	   4.0000000000000000e+00	
   3.8500000000000001e+00	   1.2229936969809785e-06	   4.0000000000000000e+00	
   3.8599999999999999e+00	   1.0958917409098490e-06	   4.0000000000000000e+00	
   3.8700000000000001e+00	   9.9165804878786901e-07	   4.0000000000000000e+00	
   3.8799999999999999e+00	   8.8996631197879594e-07	   4.0000000000000000e+00	
   3.8900000000000001e+00	   7.8939444891901189e-07	   4.0000000000000000e+00	
   3.8999999999999999e+00	   6.9110022704599317e-07	   4.0000000000000000e+00	
   3.9100000000000001e+00	   5.9612125391517168e-07	   4.0000000000000000e+00	
   3.9199999999999999e+00	   5.0911834370559461e-07	   4.0000000000000000e+00	
   3.9300000000000002e+00	   4.3225176193928405e-07	   4.0000000000000000e+00	
   3.9399999999999999e+00	   3.5773970630259555e-07	   4.0000000000000000e+00	
   3.9500000000000002e+00	   2.8643632443703382e-07	   4.0000000000000000e+00	
   3.9600000000000000e+00	   2.1908274150383988e-07	   4.0000000000000000e+00	
   3.9700000000000002e+00	   1.5630581251535602e-07	   4.0000000000000000e+00	
   3.9800000000000000e+00	   1.0033394248765148e-07	   4.0000000000000000e+00	
   3.9900000000000002e+00	   4.8293025800560940e-08	   4.0000000000000000e+00	
   4.0000000000000000e+00	   2.2204460492503131e-16	   1.0000000000000000e+00	
   4.0099999999999998e+00	   4.4063886095457860e-08	   4.0000000000000000e+00	
   4.0199999999999996e+00	   8.3520063975939252e-08	   4.0000000000000000e+00	
   4.0300000000000002e+00	   1.1867365889983716e-07	   4.0000000000000000e+00	
   4.0400000000000000e+00	   1.5165598887811882e-07	   4.0000000000000000e+00	
   4.0500000000000007e+00	   1.8068822660310957e-07	   4.0000000000000000e+00	
   4.0600000000000005e+00	   2.0551187707162910e-07	   4.0000000000000000e+00	
   4.0700000000000003e+00	   2.2595820192705673e-07	   4.0000000000000000e+00	
   4.0800000000000001e+00	   2.4194491832219001e-07	   4.0000000000000000e+00	
   4.0899999999999999e+00	   2.5724639507451741e-07	   4.0000000000000000e+00	
   4.0999999999999996e+00	   2.7045921990875854e-07	   4.0000000000000000e+00	
   4.1099999999999994e+00	   2.7973062755037859e-07	   4.0000000000000000e+00	
   4.1200000000000001e+00	   2.8506458371602150e-07	   4.0000000000000000e+00	
   4.1299999999999999e+00	   2.8653674966072629e-07	   4.0000000000000000e+00	
   4.1400000000000006e+00	   2.8499024340433721e-07	   4.0000000000000000e+00	
   4.1500000000000004e+00	   2.7954327852519611e-07	   1.0000000000000000e+00	
   4.1600000000000001e+00	   2.8249176287076239e-07	   4.0000000000000000e+00	
   4.1699999999999999e+00	   2.7616611708580763e-07	   4.0000000000000000e+00	
   4.1799999999999997e+00	   2.6670162922570739e-07	   4.0000000000000000e+00	
   4.1899999999999995e+00	   2.5434797445988977e-07	   4.0000000000000000e+00	
   4.2000000000000002e+00	   1.5316465096226750e-07	   2.0000000000000000e+00	
   4.2100000000000000e+00	   1.7399222063119169e-08	   2.0000000000000000e+00	
   4.2200000000000006e+00	   1.9953103058689692e-07	   3.0000000000000000e+00	
   4.2300000000000004e+00	   1.5897093619265945e-07	   3.0000000000000000e+00	
   4.2400000000000002e+00	   1.1535076738233840e-07	   3.0000000000000000e+00	
   4.2500000000000000e+00	   6.9423799597956304e-08	   3.0000000000000000e+00	
   4.2599999999999998e+00	   2.2485477479960991e-08	   3.0000000000000000e+00	
   4.2699999999999996e+00	   2.7347270448174754e-08	   3.0000000000000000e+00	
   4.2799999999999994e+00	   7.9212473469425504e-08	   3.0000000000000000e+00	
   4.2900000000000000e+00	   7.0976873933759066e-08	   4.0000000000000000e+00	
   4.2999999999999998e+00	   4.6602030678855044e-08	   4.0000000000000000e+00	
   4.3100000000000005e+00	   2.2118366693746339e-08	   4.0000000000000000e+00	
   4.3200000000000003e+00	   2.8245152883243918e-09	   4.0000000000000000e+00	
   4.3300000000000001e+00	   2.8382769690082910e-08	   4.0000000000000000e+00	
   4.3399999999999999e+00	   5.4178417085992692e-08	   4.0000000000000000e+00	
   4.3499999999999996e+00	   5.1412442525489155e-08	   5.0000000000000000e+00	
   4.3599999999999994e+00	   2.7758979559422414e-08	   5.0000000000000000e+00	
   4.3700000000000001e+00	   4.6670245446023273e-09	   5.0000000000000000e+00	
   4.3799999999999999e+00	   1.8572178461795374e-08	   5.0000000000000000e+00	
   4.3900000000000006e+00	   4.1644109050054112e-08	   5.0000000000000000e+00	
   4.4000000000000004e+00	   6.4220350148858074e-08	   5.0000000000000000e+00	
   4.4100000000000001e+00	   6.2402377709602774e-08	   6.0000000000000000e+00	
   4.4199999999999999e+00	   1.7511095462552362e-08	   6.0000000000000000e+00	
   4.4299999999999997e+00	   2.5999321140446341e-08	   6.0000000000000000e+00	
   4.4399999999999995e+00	   6.8290085808442313e-08	   6.0000000000000000e+00	
   4.4499999999999993e+00	   1.0883425494156995e-07	   6.0000000000000000e+00	
   4.4600000000000000e+00	   1.4708958828713037e-07	   6.0000000000000000e+00	
   4.4699999999999998e+00	   1.4500658518379339e-07	   7.0000000000000000e+00	
   4.4800000000000004e+00	   1.4384447211135409e-07	   7.0000000000000000e+00	
   4.4900000000000002e+00	   2.4477034665792985e-07	   5.0000000000000000e+00	
   4.5099999999999998e+00	   2.5381314050498816e-07	   5.0000000000000000e+00	
   4.5199999999999996e+00	   2.4479466831373031e-07	   5.0000000000000000e+00	
   4.5299999999999994e+00	   2.3605241361579488e-07	   5.0000000000000000e+00	
   4.5400000000000000e+00	   2.3039023311355322e-07	   5.0000000000000000e+00	
   4.5499999999999998e+00	   2.2371839425439077e-07	   5.0000000000000000e+00	
   4.5600000000000005e+00	   2.1613736000958284e-07	   5.0000000000000000e+00	
   4.5700000000000003e+00	   2.0775062181677129e-07	   5.0000000000000000e+00	
   4.5800000000000001e+00	   1.9866358913489535e-07	   5.0000000000000000e+00	
   4.5899999999999999e+00	   1.9179657573253905e-07	   5.0000000000000000e+00	
   4.5999999999999996e+00	   1.8556637892963579e-07	   5.0000000000000000e+00	
   4.6099999999999994e+00	   1.7860602818942084e-07	   5.0000000000000000e+00	
   4.6200000000000001e+00	   1.7101207006042785e-07	   5.0000000000000000e+00	
   4.6299999999999999e+00	   1.6288145832099588e-07	   5.0000000000000000e+00	
   4.6400000000000006e+00	   1.5469101088960713e-07	   5.0000000000000000e+00	
   4.6500000000000004e+00	   1.4902478717715439e-07	   5.0000000000000000e+00	
   4.6600000000000001e+00	   1.4279063065281150e-07	   5.0000000000000000e+00	
   4.6699999999999999e+00	   1.3607651938585263e-07	   5.0000000000000000e+00	
   4.6799999999999997e+00	   1.2896964429742752e-07	   5.0000000000000000e+00	
   4.6899999999999995e+00	   1.2155562401083841e-07	   5.0000000000000000e+00	
   4.6999999999999993e+00	   1.1532935162428259e-07	   5.0000000000000000e+00	
   4.7100000000000000e+00	   1.0987096388248574e-07	   5.0000000000000000e+00	
   4.7199999999999998e+00	   1.0406730810430531e-07	   5.0000000000000000e+00	
   4.7300000000000004e+00	   9.7995049630483777e-08	   5.0000000000000000e+00	
   4.7400000000000002e+00	   9.1728497464416137e-08	   5.0000000000000000e+00	
   4.7500000000000000e+00	   8.5339021183017394e-08	   5.0000000000000000e+00	
   4.7599999999999998e+00	   8.0664392498874804e-08	   6.0000000000000000e+00	
   4.7699999999999996e+00	   7.5553148182194718e-08	   6.0000000000000000e+00	
   4.7799999999999994e+00	   7.0310552713337415e-08	   6.0000000000000000e+00	
   4.7900000000000000e+00	   6.4999479354455048e-08	   6.0000000000000000e+00	
   4.7999999999999998e+00	   5.9678743058455552e-08	   6.0000000000000000e+00	
   4.8100000000000005e+00	   5.4941329707958175e-08	   6.0000000000000000e+00	
   4.8200000000000003e+00	   5.0826871378362171e-08	   6.0000000000000000e+00	
   4.8300000000000001e+00	   4.6659163421836070e-08	   6.0000000000000000e+00	
   4.8399999999999999e+00	   4.2488696117004565e-08	   6.0000000000000000e+00	
   4.8499999999999996e+00	   3.8361950061016614e-08	   6.0000000000000000e+00	
   4.8599999999999994e+00	   3.4321179676055635e-08	   6.0000000000000000e+00	
   4.8700000000000001e+00	   3.1009698808759367e-08	   6.0000000000000000e+00	
   4.8799999999999999e+00	   2.7789123668853222e-08	   6.0000000000000000e+00	
   4.8900000000000006e+00	   2.4614301707970299e-08	   6.0000000000000000e+00	
   4.9000000000000004e+00	   2.1520639048588919e-08	   6.0000000000000000e+00	
   4.9100000000000001e+00	   1.8539590529442762e-08	   6.0000000000000000e+00	
   4.9199999999999999e+00	   1.5814988651996487e-08	   6.0000000000000000e+00	
   4.9299999999999997e+00	   1.3412426946857181e-08	   6.0000000000000000e+00	
   4.9399999999999995e+00	   1.1089117624152323e-08	   6.0000000000000000e+00	
   4.9499999999999993e+00	   8.8707283740774301e-09	   6.0000000000000000e+00	
   4.9600000000000000e+00	   6.7793237690239039e-09	   6.0000000000000000e+00	
   4.9699999999999998e+00	   4.8333701485603342e-09	   6.0000000000000000e+00	
   4.9800000000000004e+00	   3.1007989509390654e-09	   6.0000000000000000e+00	
   4.9900000000000002e+00	   1.4918331014968089e-09	   6.0000000000000000e+00	
   5.0000000000000000e+00	   2.2204460492503131e-16	   1.0000000000000000e+00	
   5.0099999999999998e+00	   1.3606247240005587e-09	   6.0000000000000000e+00	
   5.0199999999999996e+00	   2.5791084823367783e-09	   6.0000000000000000e+00	
   5.0299999999999994e+00	   3.6655778412608697e-09	   6.0000000000000000e+00	
   5.0400000000000000e+00	   4.6865367142601144e-09	   6.0000000000000000e+00	
   5.0499999999999998e+00	   5.5876885340921945e-09	   6.0000000000000000e+00	
   5.0600000000000005e+00	   6.3616030221425035e-09	   6.0000000000000000e+00	
   5.0700000000000003e+00	   7.0035166555015849e-09	   6.0000000000000000e+00	
   5.0800000000000001e+00	   7.5112105424324227e-09	   6.0000000000000000e+00	
   5.0899999999999999e+00	   8.0022766191234496e-09	   6.0000000000000000e+00	
   5.0999999999999996e+00	   8.4338129813232854e-09	   6.0000000000000000e+00	
   5.1099999999999994e+00	   8.7484846034158181e-09	   6.0000000000000000e+00	
   5.1200000000000001e+00	   8.9464275987438668e-09	   6.0000000000000000e+00	
   5.1299999999999999e+00	   9.0298306609781775e-09	   6.0000000000000000e+00	
   5.1400000000000006e+00	   8.9716982731857797e-09	   5.0000000000000000e+00	
   5.1500000000000004e+00	   8.9540297398826851e-09	   5.0000000000000000e+00	
   5.1600000000000001e+00	   8.8224860750329981e-09	   5.0000000000000000e+00	
   5.1699999999999999e+00	   8.7165830109370290e-10	   2.0000000000000000e+00	
   5.1799999999999997e+00	   8.2395812395219536e-09	   5.0000000000000000e+00	
   5.1899999999999995e+00	   7.8036934691994020e-09	   5.0000000000000000e+00	
   5.1999999999999993e+00	   7.3747534745649546e-09	   5.0000000000000000e+00	
   5.2100000000000000e+00	   3.9129659512582293e-09	   3.0000000000000000e+00	
   5.2199999999999998e+00	   2.3012667327293457e-09	   3.0000000000000000e+00	
   5.2300000000000004e+00	   5.3870221616847402e-09	   4.0000000000000000e+00	
   5.2400000000000002e+00	   3.7703220545637350e-09	   4.0000000000000000e+00	
   5.2500000000000000e+00	   2.0726982352670120e-09	   4.0000000000000000e+00	
   5.2599999999999998e+00	   3.3116154263268527e-10	   4.0000000000000000e+00	
   5.2699999999999996e+00	   1.5110037665522214e-09	   4.0000000000000000e+00	
   5.2799999999999994e+00	   2.2062847104820094e-09	   5.0000000000000000e+00	
   5.2900000000000000e+00	   1.3908636464776691e-09	   5.0000000000000000e+00	
   5.2999999999999998e+00	   5.5545745780705147e-10	   5.0000000000000000e+00	
   5.3100000000000005e+00	   2.8908719862386079e-10	   5.0000000000000000e+00	
   5.3200000000000003e+00	   1.1569265545574581e-09	   5.0000000000000000e+00	
   5.3300000000000001e+00	   1.3355816452786939e-09	   6.0000000000000000e+00	
   5.3399999999999999e+00	   6.9103700539585589e-10	   6.0000000000000000e+00	
   5.3499999999999996e+00	   4.4156900358416351e-11	   6.0000000000000000e+00	
   5.3599999999999994e+00	   5.9505622651556678e-10	   6.0000000000000000e+00	
   5.3700000000000001e+00	   1.2409955285619390e-09	   6.0000000000000000e+00	
   5.3799999999999999e+00	   1.1809868638579246e-09	   7.0000000000000000e+00	
   5.3900000000000006e+00	   3.4220071221113812e-10	   7.0000000000000000e+00	
   5.4000000000000004e+00	   4.8281356690438315e-10	   7.0000000000000000e+00	
   5.4100000000000001e+00	   1.2820144945635548e-09	   7.0000000000000000e+00	
   5.4199999999999999e+00	   2.0592645366690476e-09	   7.0000000000000000e+00	
   5.4299999999999997e+00	   1.4373224832553433e-09	   8.0000000000000000e+00	
   5.4399999999999995e+00	   6.2791172261711381e-10	   8.0000000000000000e+00	
   5.4499999999999993e+00	   2.6098940786312141e-09	   8.0000000000000000e+00	
   5.4600000000000000e+00	   4.4829313594618725e-09	   8.0000000000000000e+00	
   5.4699999999999998e+00	   5.6133744319453172e-09	   7.0000000000000000e+00	
   5.4800000000000004e+00	   6.2764635710976791e-09	   7.0000000000000000e+00	
   5.4900000000000002e+00	   6.9226295806856797e-09	   7.0000000000000000e+00	
   5.5099999999999998e+00	   7.2721773047845772e-09	   7.0000000000000000e+00	
   5.5199999999999996e+00	   7.0013459474438378e-09	   7.0000000000000000e+00	
   5.5299999999999994e+00	   6.7393794989101252e-09	   7.0000000000000000e+00	
   5.5400000000000000e+00	   6.5661405201922207e-09	   7.0000000000000000e+00	
   5.5499999999999998e+00	   6.3648097903268308e-09	   7.0000000000000000e+00	
   5.5600000000000005e+00	   6.1383893523725419e-09	   7.0000000000000000e+00	
   5.5700000000000003e+00	   5.8899440880111342e-09	   7.0000000000000000e+00	
   5.5800000000000001e+00	   5.6225726297043366e-09	   7.0000000000000000e+00	
   5.5899999999999999e+00	   5.4188791231979394e-09	   7.0000000000000000e+00	
   5.5999999999999996e+00	   5.2338807732255077e-09	   7.0000000000000000e+00	
   5.6099999999999994e+00	   5.0289936659453360e-09	   7.0000000000000000e+00	
   5.6200000000000001e+00	   4.8070292191226827e-09	   7.0000000000000000e+00	
   5.6299999999999999e+00	   4.5707946316753123e-09	   7.0000000000000000e+00	
   5.6400000000000006e+00	   4.3337172739299490e-09	   7.0000000000000000e+00	
   5.6500000000000004e+00	   4.1680714435443633e-09	   7.0000000000000000e+00	
   5.6600000000000001e+00	   3.9871582702133423e-09	   7.0000000000000000e+00	
   5.6699999999999999e+00	   3.7935030672286985e-09	   7.0000000000000000e+00	
   5.6799999999999997e+00	   3.5895917349648698e-09	   7.0000000000000000e+00	
   5.6899999999999995e+00	   3.3778491115299403e-09	   7.0000000000000000e+00	
   5.6999999999999993e+00	   3.1997817728779410e-09	   7.0000000000000000e+00	
   5.7100000000000000e+00	   3.0435951536844641e-09	   7.0000000000000000e+00	
   5.7199999999999998e+00	   2.8783955219324753e-09	   7.0000000000000000e+00	
   5.7300000000000004e+00	   2.7063369323343522e-09	   7.0000000000000000e+00	
   5.7400000000000002e+00	   2.5294919492324652e-09	   7.0000000000000000e+00	
   5.7500000000000000e+00	   2.3498416545919554e-09	   7.0000000000000000e+00	
   5.7599999999999998e+00	   2.2179253988952041e-09	   7.0000000000000000e+00	
   5.7699999999999996e+00	   2.0801369515766055e-09	   7.0000000000000000e+00	
   5.7799999999999994e+00	   1.9383010751994334e-09	   7.0000000000000000e+00	
   5.7900000000000000e+00	   1.7941477192806587e-09	   7.0000000000000000e+00	
   5.7999999999999998e+00	   1.6493078014434559e-09	   7.0000000000000000e+00	
   5.8100000000000005e+00	   1.5201995218205866e-09	   7.0000000000000000e+00	
   5.8200000000000003e+00	   1.4079899468555368e-09	   7.0000000000000000e+00	
   5.8300000000000001e+00	   1.2939946891776799e-09	   7.0000000000000000e+00	
   5.8399999999999999e+00	   1.1796212895376357e-09	   7.0000000000000000e+00	
   5.8499999999999996e+00	   1.0661718174986845e-09	   7.0000000000000000e+00	
   5.8599999999999994e+00	   9.5483776441085411e-10	   7.0000000000000000e+00	
   5.8700000000000001e+00	   8.6355056438947031e-10	   7.0000000000000000e+00	
   5.8799999999999999e+00	   7.7458639502481219e-10	   7.0000000000000000e+00	
   5.8900000000000006e+00	   6.8670180652929957e-10	   7.0000000000000000e+00	
   5.9000000000000004e+00	   6.0089910824956405e-10	   7.0000000000000000e+00	
   5.9100000000000001e+00	   5.1807380607726827e-10	   7.0000000000000000e+00	
   5.9199999999999999e+00	   4.4226555750981333e-10	   7.0000000000000000e+00	
   5.9299999999999997e+00	   3.7533798291633502e-10	   7.0000000000000000e+00	
   5.9399999999999995e+00	   3.1051849980201496e-10	   7.0000000000000000e+00	
   5.9500000000000002e+00	   2.4854196478685253e-10	   7.0000000000000000e+00	
   5.9600000000000000e+00	   1.9004220419560625e-10	   7.0000000000000000e+00	
   5.9699999999999998e+00	   1.3555201405779371e-10	   7.0000000000000000e+00	
   5.9800000000000004e+00	   8.6995077808182941e-11	   7.0000000000000000e+00	
   5.9900000000000002e+00	   4.1866843325522041e-11	   7.0000000000000000e+00	
   6.0000000000000000e+00	   2.2204460492503131e-16	   1.0000000000000000e+00	
   6.0099999999999998e+00	   3.8198333385253136e-11	   7.0000000000000000e+00	
   6.0199999999999996e+00	   7.2408412599145322e-11	   7.0000000000000000e+00	
   6.0300000000000002e+00	   1.0290412966185158e-10	   7.0000000000000000e+00	
   6.0400000000000000e+00	   1.3154277667126735e-10	   7.0000000000000000e+00	
   6.0499999999999998e+00	   1.5678991438505818e-10	   7.0000000000000000e+00	
   6.0600000000000005e+00	   1.7842904931342218e-10	   7.0000000000000000e+00	
   6.0700000000000003e+00	   1.9632029335525658e-10	   7.0000000000000000e+00	
   6.0800000000000001e+00	   2.1039725517368879e-10	   7.0000000000000000e+00	
   6.0899999999999999e+00	   2.2394841536765853e-10	   7.0000000000000000e+00	
   6.0999999999999996e+00	   2.3576318675111452e-10	   7.0000000000000000e+00	
   6.1099999999999994e+00	   2.4423330025058476e-10	   7.0000000000000000e+00	
   6.1200000000000001e+00	   2.4936408493658746e-10	   7.0000000000000000e+00	
   6.1299999999999999e+00	   2.5121926761073610e-10	   7.0000000000000000e+00	
   6.1399999999999997e+00	   2.5053403795993745e-10	   7.0000000000000000e+00	
   6.1500000000000004e+00	   2.5176194462517287e-10	   7.0000000000000000e+00	
   6.1600000000000001e+00	   2.5006574588815056e-10	   7.0000000000000000e+00	
   6.1699999999999999e+00	   2.4555912858659212e-10	   7.0000000000000000e+00	
   6.1799999999999997e+00	   2.3840684981735194e-10	   7.0000000000000000e+00	
   6.1899999999999995e+00	   2.2881296857235611e-10	   7.0000000000000000e+00	
   6.2000000000000002e+00	   2.1970758545819535e-10	   7.0000000000000000e+00	
   6.2100000000000000e+00	   2.1044943565584617e-10	   7.0000000000000000e+00	
   6.2199999999999998e+00	   3.3610669802897064e-11	   4.0000000000000000e+00	
   6.2300000000000004e+00	   1.8012102920295092e-10	   6.0000000000000000e+00	
   6.2400000000000002e+00	   1.2708234464753332e-10	   5.0000000000000000e+00	
   6.2500000000000000e+00	   6.4294791712882216e-11	   5.0000000000000000e+00	
   6.2599999999999998e+00	   2.8066438062523957e-13	   5.0000000000000000e+00	
   6.2699999999999996e+00	   6.8459682367461028e-11	   5.0000000000000000e+00	
   6.2800000000000002e+00	   5.2374549142086835e-11	   6.0000000000000000e+00	
   6.2900000000000000e+00	   2.3517632286029766e-11	   6.0000000000000000e+00	
   6.2999999999999998e+00	   5.9203753011161098e-12	   6.0000000000000000e+00	
   6.3100000000000005e+00	   3.5806246856395774e-11	   6.0000000000000000e+00	
   6.3200000000000003e+00	   3.0586644328423063e-11	   7.0000000000000000e+00	
   6.3300000000000001e+00	   1.1089351659165914e-11	   7.0000000000000000e+00	
   6.3399999999999999e+00	   8.6757268036308233e-12	   7.0000000000000000e+00	
   6.3499999999999996e+00	   2.8399282925306579e-11	   7.0000000000000000e+00	
   6.3599999999999994e+00	   2.5483837262640918e-11	   8.0000000000000000e+00	
   6.3700000000000001e+00	   5.6370463852317698e-12	   8.0000000000000000e+00	
   6.3799999999999999e+00	   1.4300782780196641e-11	   8.0000000000000000e+00	
   6.3899999999999997e+00	   3.4089175926510507e-11	   8.0000000000000000e+00	
   6.4000000000000004e+00	   5.3431481461529984e-11	   8.0000000000000000e+00	
   6.4100000000000001e+00	   7.2043038201741183e-11	   8.0000000000000000e+00	
   6.4199999999999999e+00	   9.0319529633120510e-11	   8.0000000000000000e+00	
   6.4299999999999997e+00	   1.0920087056831562e-10	   8.0000000000000000e+00	
   6.4399999999999995e+00	   1.2735534848928864e-10	   8.0000000000000000e+00	
   6.4500000000000002e+00	   1.4452283814136990e-10	   8.0000000000000000e+00	
   6.4600000000000000e+00	   1.6045909045914186e-10	   8.0000000000000000e+00	
   6.4699999999999998e+00	   1.7494139470386472e-10	   8.0000000000000000e+00	
   6.4800000000000004e+00	   1.9103607584725069e-10	   8.0000000000000000e+00	
   6.4900000000000002e+00	   2.0678880829905211e-10	   8.0000000000000000e+00	
   6.5099999999999998e+00	   2.1421642237839933e-10	   8.0000000000000000e+00	
   6.5199999999999996e+00	   2.0647739074064475e-10	   8.0000000000000000e+00	
   6.5300000000000002e+00	   1.9897949954383876e-10	   8.0000000000000000e+00	
   6.5400000000000000e+00	   1.9408352702754428e-10	   8.0000000000000000e+00	
   6.5499999999999998e+00	   1.8834311887871991e-10	   8.0000000000000000e+00	
   6.5600000000000005e+00	   1.8184365124795931e-10	   8.0000000000000000e+00	
   6.5700000000000003e+00	   1.7467338686572020e-10	   8.0000000000000000e+00	
   6.5800000000000001e+00	   1.6692380810923169e-10	   8.0000000000000000e+00	
   6.5899999999999999e+00	   1.6104706457298334e-10	   8.0000000000000000e+00	
   6.5999999999999996e+00	   1.5571210987275208e-10	   8.0000000000000000e+00	
   6.6099999999999994e+00	   1.4977052931186563e-10	   8.0000000000000000e+00	
   6.6200000000000001e+00	   1.4330592268407827e-10	   8.0000000000000000e+00	
   6.6299999999999999e+00	   1.3639978035939748e-10	   8.0000000000000000e+00	
   6.6399999999999997e+00	   1.2945311489431788e-10	   8.0000000000000000e+00	
   6.6500000000000004e+00	   1.2462564313864277e-10	   8.0000000000000000e+00	
   6.6600000000000001e+00	   1.1933032340039063e-10	   8.0000000000000000e+00	
   6.6699999999999999e+00	   1.1364065244379162e-10	   8.0000000000000000e+00	
   6.6799999999999997e+00	   1.0763157032300796e-10	   8.0000000000000000e+00	
   6.6899999999999995e+00	   1.0137402028931319e-10	   8.0000000000000000e+00	
   6.7000000000000002e+00	   9.6115559955478602e-11	   8.0000000000000000e+00	
   6.7100000000000000e+00	   9.1503138399673389e-11	   8.0000000000000000e+00	
   6.7199999999999998e+00	   8.6610718597057712e-11	   8.0000000000000000e+00	
   6.7300000000000004e+00	   8.1501250193127817e-11	   8.0000000000000000e+00	
   6.7400000000000002e+00	   7.6237682833379949e-11	   8.0000000000000000e+00	
   6.7500000000000000e+00	   7.0879746516538944e-11	   8.0000000000000000e+00	
   6.7599999999999998e+00	   6.6952221544624990e-11	   8.0000000000000000e+00	
   6.7699999999999996e+00	   6.2840621595228185e-11	   8.0000000000000000e+00	
   6.7800000000000002e+00	   5.8598681462740387e-11	   8.0000000000000000e+00	
   6.7900000000000000e+00	   5.4279469807738678e-11	   8.0000000000000000e+00	
   6.7999999999999998e+00	   4.9932280532516415e-11	   8.0000000000000000e+00	
   6.8100000000000005e+00	   4.6054049462895819e-11	   8.0000000000000000e+00	
   6.8200000000000003e+00	   4.2681858047899368e-11	   8.0000000000000000e+00	
   6.8300000000000001e+00	   3.9250380723387934e-11	   8.0000000000000000e+00	
   6.8399999999999999e+00	   3.5802916187321898e-11	   8.0000000000000000e+00	
   6.8499999999999996e+00	   3.2377656111748365e-11	   8.0000000000000000e+00	
   6.8599999999999994e+00	   2.9012126034899666e-11	   8.0000000000000000e+00	
   6.8700000000000001e+00	   2.6251445461866751e-11	   8.0000000000000000e+00	
   6.8799999999999999e+00	   2.3558044404126122e-11	   8.0000000000000000e+00	
   6.8899999999999997e+00	   2.0895063457260221e-11	   8.0000000000000000e+00	
   6.9000000000000004e+00	   1.8291368419909304e-11	   8.0000000000000000e+00	
   6.9100000000000001e+00	   1.5776047135318549e-11	   8.0000000000000000e+00	
   6.9199999999999999e+00	   1.3472334359221350e-11	   8.0000000000000000e+00	
   6.9299999999999997e+00	   1.1436851465873588e-11	   8.0000000000000000e+00	
   6.9399999999999995e+00	   9.4637631065097594e-12	   8.0000000000000000e+00	
   6.9500000000000002e+00	   7.5768280538568433e-12	   8.0000000000000000e+00	
   6.9600000000000000e+00	   5.7944760101236170e-12	   8.0000000000000000e+00	
   6.9699999999999998e+00	   4.1336933875868453e-12	   8.0000000000000000e+00	
   6.9800000000000004e+00	   2.6527668950393490e-12	   8.0000000000000000e+00	
   6.9900000000000002e+00	   1.2772005675287801e-12	   8.0000000000000000e+00	
   7.0000000000000000e+00	   2.2204460492503131e-16	   1.0000000000000000e+00	
   7.0099999999999998e+00	   1.1650680420416393e-12	   8.0000000000000000e+00	
   7.0199999999999996e+00	   2.2066792837449611e-12	   8.0000000000000000e+00	
   7.0300000000000002e+00	   3.1357139107512921e-12	   8.0000000000000000e+00	
   7.0400000000000000e+00	   4.0067948958721900e-12	   8.0000000000000000e+00	
   7.0499999999999998e+00	   4.7732928720733980e-12	   8.0000000000000000e+00	
   7.0599999999999996e+00	   5.4287685458120905e-12	   8.0000000000000000e+00	
   7.0700000000000003e+00	   5.9692251141996167e-12	   8.0000000000000000e+00	
   7.0800000000000001e+00	   6.3913319081621012e-12	   8.0000000000000000e+00	
   7.0899999999999999e+00	   6.7963412675453583e-12	   8.0000000000000000e+00	
   7.0999999999999996e+00	   7.1465056095121327e-12	   8.0000000000000000e+00	
   7.1100000000000003e+00	   7.3927530763739924e-12	   8.0000000000000000e+00	
   7.1200000000000001e+00	   7.5360828688531001e-12	   8.0000000000000000e+00	
   7.1299999999999999e+00	   7.5780492991839310e-12	   8.0000000000000000e+00	
   7.1399999999999997e+00	   7.5414119393713008e-12	   8.0000000000000000e+00	
   7.1500000000000004e+00	   7.5601747084874660e-12	   8.0000000000000000e+00	
   7.1600000000000001e+00	   7.4875661226769807e-12	   8.0000000000000000e+00	
   7.1699999999999999e+00	   7.3279160517358832e-12	   8.0000000000000000e+00	
   7.1799999999999997e+00	   7.0869976553922243e-12	   8.0000000000000000e+00	
   7.1899999999999995e+00	   6.3919980419768763e-12	   4.0000000000000000e+00	
   7.2000000000000002e+00	   6.4670491184415368e-12	   8.0000000000000000e+00	
   7.2100000000000000e+00	   6.1546323593120178e-12	   8.0000000000000000e+00	
   7.2199999999999998e+00	   4.2432724001173483e-12	   5.0000000000000000e+00	
   7.2300000000000004e+00	   3.9372949345306552e-12	   5.0000000000000000e+00	
   7.2400000000000002e+00	   4.3718362263689414e-12	   6.0000000000000000e+00	
   7.2500000000000000e+00	   2.0483614804334138e-12	   6.0000000000000000e+00	
   7.2599999999999998e+00	   3.4550140526334872e-13	   6.0000000000000000e+00	
   7.2699999999999996e+00	   2.2103430197262242e-12	   7.0000000000000000e+00	
   7.2800000000000002e+00	   1.2085887846069454e-12	   7.0000000000000000e+00	
   7.2900000000000000e+00	   1.7319479184152442e-13	   7.0000000000000000e+00	
   7.2999999999999998e+00	   8.8040685852774914e-13	   7.0000000000000000e+00	
   7.3099999999999996e+00	   9.0194518520547717e-13	   8.0000000000000000e+00	
   7.3200000000000003e+00	   2.8088642523016460e-13	   8.0000000000000000e+00	
   7.3300000000000001e+00	   3.5660363550960028e-13	   8.0000000000000000e+00	
   7.3399999999999999e+00	   9.9886765525525334e-13	   8.0000000000000000e+00	
   7.3499999999999996e+00	   1.6373569167171809e-12	   8.0000000000000000e+00	
   7.3600000000000003e+00	   2.2615243011614439e-12	   8.0000000000000000e+00	
   7.3700000000000001e+00	   2.9188873540419991e-12	   8.0000000000000000e+00	
   7.3799999999999999e+00	   3.5766944961324043e-12	   8.0000000000000000e+00	
   7.3899999999999997e+00	   4.2187364712731323e-12	   8.0000000000000000e+00	
   7.4000000000000004e+00	   4.8363535398721069e-12	   8.0000000000000000e+00	
   7.4100000000000001e+00	   5.4198867616150892e-12	   8.0000000000000000e+00	
   7.4199999999999999e+00	   6.0047522509876217e-12	   8.0000000000000000e+00	
   7.4299999999999997e+00	   6.6449068469864869e-12	   8.0000000000000000e+00	
   7.4399999999999995e+00	   7.2498673731047347e-12	   8.0000000000000000e+00	
   7.4500000000000002e+00	   7.8130835134970766e-12	   8.0000000000000000e+00	
   7.4600000000000000e+00	   8.3248963278492738e-12	   8.0000000000000000e+00	
   7.4699999999999998e+00	   8.7788665226185003e-12	   8.0000000000000000e+00	
   7.4800000000000004e+00	   9.3262064737587025e-12	   8.0000000000000000e+00	
   7.4900000000000002e+00	   9.8672181536585413e-12	   8.0000000000000000e+00	
   7.5099999999999998e+00	   1.0052070287258630e-11	   8.0000000000000000e+00	
   7.5199999999999996e+00	   9.7120089748159444e-12	   8.0000000000000000e+00	
   7.5300000000000002e+00	   9.3816066026874978e-12	   8.0000000000000000e+00	
   7.5400000000000000e+00	   9.1726626294530433e-12	   8.0000000000000000e+00	
   7.5499999999999998e+00	   8.9219742704926830e-12	   8.0000000000000000e+00	
   7.5599999999999996e+00	   8.6342044625098424e-12	   8.0000000000000000e+00	
   7.5700000000000003e+00	   8.3122397853685470e-12	   8.0000000000000000e+00	
   7.5800000000000001e+00	   7.9618533987968476e-12	   8.0000000000000000e+00	
   7.5899999999999999e+00	   7.6987305419606855e-12	   8.0000000000000000e+00	
   7.5999999999999996e+00	   7.4602546362712019e-12	   8.0000000000000000e+00	
   7.6100000000000003e+00	   7.1913586197069890e-12	   8.0000000000000000e+00	
   7.6200000000000001e+00	   6.8955952059468473e-12	   8.0000000000000000e+00	
   7.6299999999999999e+00	   6.5774052870892774e-12	   8.0000000000000000e+00	
   7.6399999999999997e+00	   6.2556626545529070e-12	   8.0000000000000000e+00	
   7.6500000000000004e+00	   6.0342841834426508e-12	   8.0000000000000000e+00	
   7.6600000000000001e+00	   5.7892579619078788e-12	   8.0000000000000000e+00	
   7.6699999999999999e+00	   5.5250248820470915e-12	   8.0000000000000000e+00	
   7.6799999999999997e+00	   5.2429172114898392e-12	   8.0000000000000000e+00	
   7.6900000000000004e+00	   4.9471537977296975e-12	   8.0000000000000000e+00	
   7.7000000000000002e+00	   4.6997961078432127e-12	   8.0000000000000000e+00	
   7.7100000000000000e+00	   4.4820813727142195e-12	   8.0000000000000000e+00	
   7.7199999999999998e+00	   4.2501557828700243e-12	   8.0000000000000000e+00	
   7.7300000000000004e+00	   4.0065728512672649e-12	   8.0000000000000000e+00	
   7.7400000000000002e+00	   3.7541081354675043e-12	   8.0000000000000000e+00	
   7.7500000000000000e+00	   3.4958702599396929e-12	   8.0000000000000000e+00	
   7.7599999999999998e+00	   3.3077984795681914e-12	   8.0000000000000000e+00	
   7.7699999999999996e+00	   3.1092906027652134e-12	   8.0000000000000000e+00	
   7.7800000000000002e+00	   2.9036772986046344e-12	   8.0000000000000000e+00	
   7.7900000000000000e+00	   2.6937341246480173e-12	   8.0000000000000000e+00	
   7.7999999999999998e+00	   2.4812374377347624e-12	   8.0000000000000000e+00	
   7.8099999999999996e+00	   2.2915003228263231e-12	   8.0000000000000000e+00	
   7.8200000000000003e+00	   2.1262991367620998e-12	   8.0000000000000000e+00	
   7.8300000000000001e+00	   1.9579893262289261e-12	   8.0000000000000000e+00	
   7.8399999999999999e+00	   1.7876811142514271e-12	   8.0000000000000000e+00	
   7.8499999999999996e+00	   1.6187051699034782e-12	   8.0000000000000000e+00	
   7.8600000000000003e+00	   1.4515055823949297e-12	   8.0000000000000000e+00	
   7.8700000000000001e+00	   1.3147261057611104e-12	   8.0000000000000000e+00	
   7.8799999999999999e+00	   1.1803891197814664e-12	   8.0000000000000000e+00	
   7.8899999999999997e+00	   1.0478284906412227e-12	   8.0000000000000000e+00	
   7.9000000000000004e+00	   9.1737728524776685e-13	   8.0000000000000000e+00	
   7.9100000000000001e+00	   7.9181106116266164e-13	   8.0000000000000000e+00	
   7.9199999999999999e+00	   6.7645888890410788e-13	   8.0000000000000000e+00	
   7.9299999999999997e+00	   5.7420734833613096e-13	   8.0000000000000000e+00	
   7.9400000000000004e+00	   4.7539749914449203e-13	   8.0000000000000000e+00	
   7.9500000000000002e+00	   3.8058445284150366e-13	   8.0000000000000000e+00	
   7.9600000000000000e+00	   2.9110047705671604e-13	   8.0000000000000000e+00	
   7.9699999999999998e+00	   2.0727863869751673e-13	   8.0000000000000000e+00	
   7.9800000000000004e+00	   1.3289369604763124e-13	   8.0000000000000000e+00	
   7.9900000000000002e+00	   6.3948846218409017e-14	   8.0000000000000000e+00	
   8.0000000000000000e+00	   1.1102230246251565e-16	   1.0000000000000000e+00	
