   5.1000000000000001e-01	   1.3441034310126754e-01	   1.0000000000000000e+00	
   5.2000000000000002e-01	   1.2771012385456060e-01	   1.0000000000000000e+00	
   5.3000000000000003e-01	   1.2143502592642341e-01	   1.0000000000000000e+00	
   5.4000000000000004e-01	   1.1672279523159546e-01	   1.0000000000000000e+00	
   5.5000000000000004e-01	   1.1174141320808695e-01	   1.0000000000000000e+00	
   5.6000000000000005e-01	   1.0653641243346001e-01	   1.0000000000000000e+00	
   5.7000000000000006e-01	   1.0115203221967817e-01	   1.0000000000000000e+00	
   5.7999999999999996e-01	   9.5631091535393065e-02	   1.0000000000000000e+00	
   5.8999999999999997e-01	   9.1294905051712449e-02	   1.0000000000000000e+00	
   5.9999999999999998e-01	   8.7320505901588685e-02	   1.0000000000000000e+00	
   6.0999999999999999e-01	   8.3159827053011615e-02	   1.0000000000000000e+00	
   6.2000000000000000e-01	   7.8851649359721110e-02	   1.0000000000000000e+00	
   6.3000000000000000e-01	   7.4433349591989328e-02	   1.0000000000000000e+00	
   6.4000000000000001e-01	   7.0150300032475243e-02	   1.0000000000000000e+00	
   6.5000000000000002e-01	   6.6985133114474626e-02	   1.0000000000000000e+00	
   6.6000000000000003e-01	   6.3669141579042021e-02	   1.0000000000000000e+00	
   6.7000000000000004e-01	   6.0235961103443314e-02	   1.0000000000000000e+00	
   6.7999999999999994e-01	   5.6717867261907751e-02	   1.0000000000000000e+00	
   6.8999999999999995e-01	   5.3145670698368619e-02	   1.0000000000000000e+00	
   6.9999999999999996e-01	   5.0175092376707697e-02	   1.0000000000000000e+00	
   7.0999999999999996e-01	   4.7538131407523609e-02	   1.0000000000000000e+00	
   7.1999999999999997e-01	   4.4812144821532618e-02	   1.0000000000000000e+00	
   7.2999999999999998e-01	   4.2024703321434709e-02	   1.0000000000000000e+00	
   7.3999999999999999e-01	   3.9201986400999145e-02	   1.0000000000000000e+00	
   7.5000000000000000e-01	   3.6404618731251892e-02	   1.0000000000000000e+00	
   7.6000000000000001e-01	   3.4310357051765328e-02	   1.0000000000000000e+00	
   7.7000000000000002e-01	   3.2152677755778569e-02	   1.0000000000000000e+00	
   7.8000000000000003e-01	   2.9954872492533147e-02	   1.0000000000000000e+00	
   7.9000000000000004e-01	   2.7738925617542876e-02	   1.0000000000000000e+00	
   8.0000000000000004e-01	   2.5525441929434622e-02	   1.0000000000000000e+00	
   8.1000000000000005e-01	   2.3587269900458674e-02	   1.0000000000000000e+00	
   8.2000000000000006e-01	   2.1883912005917772e-02	   1.0000000000000000e+00	
   8.3000000000000007e-01	   2.0159374984114020e-02	   1.0000000000000000e+00	
   8.4000000000000008e-01	   1.8431886864231029e-02	   1.0000000000000000e+00	
   8.5000000000000009e-01	   1.6718397330627077e-02	   1.0000000000000000e+00	
   8.5999999999999999e-01	   1.5034527569423251e-02	   1.0000000000000000e+00	
   8.7000000000000000e-01	   1.3677269092754907e-02	   1.0000000000000000e+00	
   8.8000000000000000e-01	   1.2330793548023244e-02	   1.0000000000000000e+00	
   8.9000000000000001e-01	   1.0994461924783927e-02	   1.0000000000000000e+00	
   9.0000000000000002e-01	   9.6819959714613546e-03	   1.0000000000000000e+00	
   9.1000000000000003e-01	   8.4059022903557601e-03	   1.0000000000000000e+00	
   9.1999999999999993e-01	   7.2423998533106548e-03	   1.0000000000000000e+00	
   9.2999999999999994e-01	   6.1968174601245707e-03	   1.0000000000000000e+00	
   9.3999999999999995e-01	   5.1723123589302311e-03	   1.0000000000000000e+00	
   9.4999999999999996e-01	   4.1797811977908328e-03	   1.0000000000000000e+00	
   9.5999999999999996e-01	   3.2290150811660201e-03	   1.0000000000000000e+00	
   9.6999999999999997e-01	   2.3286820128409769e-03	   1.0000000000000000e+00	
   9.7999999999999998e-01	   1.5152027102418586e-03	   1.0000000000000000e+00	
   9.8999999999999999e-01	   7.3845106353620515e-04	   1.0000000000000000e+00	
   1.0000000000000000e+00	   2.2204460492503131e-16	   1.0000000000000000e+00	
   1.0100000000000000e+00	   6.9270953033306881e-04	   1.0000000000000000e+00	
   1.0200000000000000e+00	   1.3332678930513264e-03	   1.0000000000000000e+00	
   1.0300000000000000e+00	   1.9302922912434184e-03	   1.0000000000000000e+00	
   1.0400000000000000e+00	   2.5104893093530478e-03	   1.0000000000000000e+00	
   1.0500000000000000e+00	   3.0477988194206329e-03	   1.0000000000000000e+00	
   1.0600000000000001e+00	   3.5368527547823270e-03	   1.0000000000000000e+00	
   1.0700000000000001e+00	   3.9732000114187649e-03	   1.0000000000000000e+00	
   1.0800000000000001e+00	   4.3532884545152140e-03	   1.0000000000000000e+00	
   1.0899999999999999e+00	   4.7572637064592360e-03	   1.0000000000000000e+00	
   1.1000000000000001e+00	   5.1354817398212571e-03	   1.0000000000000000e+00	
   1.1099999999999999e+00	   5.4643482537108934e-03	   1.0000000000000000e+00	
   1.1200000000000001e+00	   5.7410332132976638e-03	   1.0000000000000000e+00	
   1.1299999999999999e+00	   5.9634834600934550e-03	   1.0000000000000000e+00	
   1.1400000000000001e+00	   6.1660803154657273e-03	   1.0000000000000000e+00	
   1.1499999999999999e+00	   6.4183878104953074e-03	   1.0000000000000000e+00	
   1.1600000000000001e+00	   6.6215408667344988e-03	   1.0000000000000000e+00	
   1.1699999999999999e+00	   6.7740469323993580e-03	   1.0000000000000000e+00	
   1.1800000000000002e+00	   6.8750843109852688e-03	   1.0000000000000000e+00	
   1.1899999999999999e+00	   6.9244747226331338e-03	   1.0000000000000000e+00	
   1.2000000000000002e+00	   7.0369269463328443e-03	   1.0000000000000000e+00	
   1.2100000000000000e+00	   7.1415443843398929e-03	   1.0000000000000000e+00	
   1.2200000000000000e+00	   7.1979674639537361e-03	   1.0000000000000000e+00	
   1.2300000000000000e+00	   7.2063796401062863e-03	   1.0000000000000000e+00	
   1.2400000000000000e+00	   7.1675124184853445e-03	   1.0000000000000000e+00	
   1.2500000000000000e+00	   7.1180059777611326e-03	   1.0000000000000000e+00	
   1.2600000000000000e+00	   7.1454098402554678e-03	   1.0000000000000000e+00	
   1.2700000000000000e+00	   7.1278866423731824e-03	   1.0000000000000000e+00	
   1.2800000000000000e+00	   7.0664322471483132e-03	   1.0000000000000000e+00	
   1.2900000000000000e+00	   6.9625047668913087e-03	   1.0000000000000000e+00	
   1.3000000000000000e+00	   6.8179910812209421e-03	   1.0000000000000000e+00	
   1.3100000000000001e+00	   6.7431891705942437e-03	   1.0000000000000000e+00	
   1.3200000000000001e+00	   6.6691249768864314e-03	   1.0000000000000000e+00	
   1.3300000000000001e+00	   6.5557488780436657e-03	   1.0000000000000000e+00	
   1.3399999999999999e+00	   6.4050875429686460e-03	   1.0000000000000000e+00	
   1.3500000000000001e+00	   6.2195171462244847e-03	   1.0000000000000000e+00	
   1.3599999999999999e+00	   6.0348844689108727e-03	   1.0000000000000000e+00	
   1.3700000000000001e+00	   5.9180190089527240e-03	   1.0000000000000000e+00	
   1.3799999999999999e+00	   5.7669110412248425e-03	   1.0000000000000000e+00	
   1.3900000000000001e+00	   5.5840181349400275e-03	   1.0000000000000000e+00	
   1.3999999999999999e+00	   5.3720739544422802e-03	   1.0000000000000000e+00	
   1.4100000000000001e+00	   5.1340516082669652e-03	   1.0000000000000000e+00	
   1.4199999999999999e+00	   4.9626251274554889e-03	   1.0000000000000000e+00	
   1.4300000000000002e+00	   4.7851516016301776e-03	   1.0000000000000000e+00	
   1.4399999999999999e+00	   4.5816297884619939e-03	   1.0000000000000000e+00	
   1.4500000000000002e+00	   4.3550340673021992e-03	   1.0000000000000000e+00	
   1.4600000000000000e+00	   4.1085093064541223e-03	   1.0000000000000000e+00	
   1.4700000000000000e+00	   3.8833397346369480e-03	   1.0000000000000000e+00	
   1.4800000000000000e+00	   3.6888711480167480e-03	   1.0000000000000000e+00	
   1.4900000000000000e+00	   3.4742481249361301e-03	   1.0000000000000000e+00	
   1.5100000000000000e+00	   5.6171681208341262e-03	   2.0000000000000000e+00	
   1.5200000000000000e+00	   2.4307450141081155e-04	   2.0000000000000000e+00	
   1.5300000000000000e+00	   2.5259670643018595e-04	   2.0000000000000000e+00	
   1.5400000000000000e+00	   2.6046987004146871e-04	   2.0000000000000000e+00	
   1.5500000000000000e+00	   2.6660213993157100e-04	   2.0000000000000000e+00	
   1.5600000000000001e+00	   2.7092588449129096e-04	   2.0000000000000000e+00	
   1.5700000000000001e+00	   2.7339772256795847e-04	   2.0000000000000000e+00	
   1.5800000000000001e+00	   2.7648060059082269e-04	   2.0000000000000000e+00	
   1.5900000000000001e+00	   2.8128463058907371e-04	   2.0000000000000000e+00	
   1.6000000000000001e+00	   2.8430603417972655e-04	   2.0000000000000000e+00	
   1.6100000000000001e+00	   2.8552202540144123e-04	   2.0000000000000000e+00	
   1.6200000000000001e+00	   2.8493219700687078e-04	   2.0000000000000000e+00	
   1.6300000000000001e+00	   2.8255786234709923e-04	   2.0000000000000000e+00	
   1.6400000000000001e+00	   2.8324729663209425e-04	   2.0000000000000000e+00	
   1.6500000000000001e+00	   2.8354668348362644e-04	   2.0000000000000000e+00	
   1.6599999999999999e+00	   2.8211202576455818e-04	   2.0000000000000000e+00	
   1.6699999999999999e+00	   2.7897935252663153e-04	   2.0000000000000000e+00	
   1.6799999999999999e+00	   2.7420379512488324e-04	   2.0000000000000000e+00	
   1.6899999999999999e+00	   2.6891282785124204e-04	   2.0000000000000000e+00	
   1.7000000000000000e+00	   2.6688258653684294e-04	   2.0000000000000000e+00	
   1.7100000000000000e+00	   2.6324380295372762e-04	   2.0000000000000000e+00	
   1.7200000000000000e+00	   2.5806256234206515e-04	   2.0000000000000000e+00	
   1.7300000000000000e+00	   2.5142125002108884e-04	   2.0000000000000000e+00	
   1.7400000000000000e+00	   2.4341722462573046e-04	   2.0000000000000000e+00	
   1.7500000000000000e+00	   2.3726632111986667e-04	   2.0000000000000000e+00	
   1.7600000000000000e+00	   2.3183384464497969e-04	   2.0000000000000000e+00	
   1.7700000000000000e+00	   2.2505024402885709e-04	   2.0000000000000000e+00	
   1.7800000000000000e+00	   2.1701902960535868e-04	   2.0000000000000000e+00	
   1.7900000000000000e+00	   1.9736886101728857e-04	   3.0000000000000000e+00	
   1.8000000000000000e+00	   1.7727990283855632e-04	   3.0000000000000000e+00	
   1.8100000000000001e+00	   1.5986422132452383e-04	   3.0000000000000000e+00	
   1.8200000000000001e+00	   1.4470137132005512e-04	   3.0000000000000000e+00	
   1.8300000000000001e+00	   1.2997222386479379e-04	   3.0000000000000000e+00	
   1.8400000000000001e+00	   1.1580338540628787e-04	   3.0000000000000000e+00	
   1.8500000000000001e+00	   1.0229982495091328e-04	   3.0000000000000000e+00	
   1.8600000000000001e+00	   8.9546064038881212e-05	   3.0000000000000000e+00	
   1.8700000000000001e+00	   7.9289587329167688e-05	   3.0000000000000000e+00	
   1.8800000000000001e+00	   6.9518036483140477e-05	   3.0000000000000000e+00	
   1.8900000000000001e+00	   6.0239207085199808e-05	   3.0000000000000000e+00	
   1.9000000000000001e+00	   5.1519390627197126e-05	   3.0000000000000000e+00	
   1.9099999999999999e+00	   4.3409314352649275e-05	   3.0000000000000000e+00	
   1.9199999999999999e+00	   3.6296480062203429e-05	   3.0000000000000000e+00	
   1.9299999999999999e+00	   3.0101711402386044e-05	   3.0000000000000000e+00	
   1.9399999999999999e+00	   2.4332450623054669e-05	   3.0000000000000000e+00	
   1.9500000000000000e+00	   1.9026331359972559e-05	   3.0000000000000000e+00	
   1.9600000000000000e+00	   1.4209351770100298e-05	   3.0000000000000000e+00	
   1.9700000000000000e+00	   9.8968370068064360e-06	   3.0000000000000000e+00	
   1.9800000000000000e+00	   6.2219215037906395e-06	   3.0000000000000000e+00	
   1.9900000000000000e+00	   2.9229315527956601e-06	   3.0000000000000000e+00	
   2.0000000000000000e+00	   2.2204460492503131e-16	   2.0000000000000000e+00	
   2.0099999999999998e+00	   2.5384106456805000e-06	   3.0000000000000000e+00	
   2.0200000000000000e+00	   4.6915038225403549e-06	   3.0000000000000000e+00	
   2.0300000000000002e+00	   6.5291768898134706e-06	   3.0000000000000000e+00	
   2.0400000000000000e+00	   8.1315692810335349e-06	   3.0000000000000000e+00	
   2.0499999999999998e+00	   9.4369926053605724e-06	   3.0000000000000000e+00	
   2.0600000000000001e+00	   1.0448880189084520e-05	   3.0000000000000000e+00	
   2.0700000000000003e+00	   1.1175958509301864e-05	   3.0000000000000000e+00	
   2.0800000000000001e+00	   1.1631544807766403e-05	   3.0000000000000000e+00	
   2.0899999999999999e+00	   1.2104575976223941e-05	   3.0000000000000000e+00	
   2.1000000000000001e+00	   1.2353543098919673e-05	   3.0000000000000000e+00	
   2.1100000000000003e+00	   1.2387907952771116e-05	   3.0000000000000000e+00	
   2.1200000000000001e+00	   1.2222080079782316e-05	   3.0000000000000000e+00	
   2.1299999999999999e+00	   1.1873327224742880e-05	   3.0000000000000000e+00	
   2.1400000000000001e+00	   1.1534627858189594e-05	   3.0000000000000000e+00	
   2.1500000000000004e+00	   1.1131704507949536e-05	   3.0000000000000000e+00	
   2.1600000000000001e+00	   1.0582148843418793e-05	   3.0000000000000000e+00	
   2.1699999999999999e+00	   9.9031679161587505e-06	   3.0000000000000000e+00	
   2.1799999999999997e+00	   9.1135070812153884e-06	   3.0000000000000000e+00	
   2.1899999999999999e+00	   8.3443861633725191e-06	   3.0000000000000000e+00	
   2.2000000000000002e+00	   7.5758110846813054e-06	   3.0000000000000000e+00	
   2.2100000000000000e+00	   6.7184031382616638e-06	   3.0000000000000000e+00	
   2.2199999999999998e+00	   5.7900552692391472e-06	   3.0000000000000000e+00	
   2.2300000000000000e+00	   4.8249538240341394e-06	   3.0000000000000000e+00	
   2.2400000000000002e+00	   3.9461088936487698e-06	   3.0000000000000000e+00	
   2.2500000000000000e+00	   3.0097461609646103e-06	   3.0000000000000000e+00	
   2.2599999999999998e+00	   2.0833119394048083e-06	   3.0000000000000000e+00	
   2.2700000000000000e+00	   1.2425220838885309e-06	   3.0000000000000000e+00	
   2.2800000000000002e+00	   7.6744172439191516e-07	   3.0000000000000000e+00	
   2.2900000000000000e+00	   1.2092899577265115e-06	   3.0000000000000000e+00	
   2.2999999999999998e+00	   2.0143440033759674e-06	   3.0000000000000000e+00	
   2.3100000000000001e+00	   2.8733913464140670e-06	   3.0000000000000000e+00	
   2.3200000000000003e+00	   3.7495130114084674e-06	   3.0000000000000000e+00	
   2.3300000000000001e+00	   4.5586307686473759e-06	   3.0000000000000000e+00	
   2.3399999999999999e+00	   5.3857142650048928e-06	   3.0000000000000000e+00	
   2.3500000000000001e+00	   6.2180361022345920e-06	   3.0000000000000000e+00	
   2.3600000000000003e+00	   6.9836027833947156e-06	   3.0000000000000000e+00	
   2.3700000000000001e+00	   7.6721627977338613e-06	   3.0000000000000000e+00	
   2.3799999999999999e+00	   8.2877368916545180e-06	   3.0000000000000000e+00	
   2.3900000000000001e+00	   9.0167977189192783e-06	   3.0000000000000000e+00	
   2.4000000000000004e+00	   9.6710256203280665e-06	   3.0000000000000000e+00	
   2.4100000000000001e+00	   1.0242174546926108e-05	   3.0000000000000000e+00	
   2.4199999999999999e+00	   1.0723387581679233e-05	   3.0000000000000000e+00	
   2.4299999999999997e+00	   1.1109242456619484e-05	   3.0000000000000000e+00	
   2.4399999999999999e+00	   1.1632810906769819e-05	   3.0000000000000000e+00	
   2.4500000000000002e+00	   1.2097924484866240e-05	   3.0000000000000000e+00	
   2.4600000000000000e+00	   1.2471637256261658e-05	   3.0000000000000000e+00	
   2.4699999999999998e+00	   1.2750197219801862e-05	   3.0000000000000000e+00	
   2.4800000000000000e+00	   1.2931225010781588e-05	   3.0000000000000000e+00	
   2.4900000000000002e+00	   1.3157281051112690e-05	   3.0000000000000000e+00	
   2.5100000000000002e+00	   4.9578099869940218e-07	   4.0000000000000000e+00	
   2.5200000000000000e+00	   4.8043700862088201e-07	   4.0000000000000000e+00	
   2.5300000000000002e+00	   4.6162722044940097e-07	   4.0000000000000000e+00	
   2.5400000000000000e+00	   4.3970942908977406e-07	   4.0000000000000000e+00	
   2.5499999999999998e+00	   4.1507555392783502e-07	   4.0000000000000000e+00	
   2.5600000000000001e+00	   3.9189057665645066e-07	   4.0000000000000000e+00	
   2.5699999999999998e+00	   3.7218192283638984e-07	   4.0000000000000000e+00	
   2.5800000000000001e+00	   3.4997901421363053e-07	   4.0000000000000000e+00	
   2.5899999999999999e+00	   3.2567708441177956e-07	   4.0000000000000000e+00	
   2.6000000000000001e+00	   2.9968689019277406e-07	   4.0000000000000000e+00	
   2.6099999999999999e+00	   2.7750752784605481e-07	   4.0000000000000000e+00	
   2.6200000000000001e+00	   2.5613579834882216e-07	   4.0000000000000000e+00	
   2.6299999999999999e+00	   2.3322773234912830e-07	   4.0000000000000000e+00	
   2.6400000000000001e+00	   2.0917709209200552e-07	   4.0000000000000000e+00	
   2.6499999999999999e+00	   1.8753587660569337e-07	   4.0000000000000000e+00	
   2.6600000000000001e+00	   1.6775388012035819e-07	   4.0000000000000000e+00	
   2.6699999999999999e+00	   1.4694746719445817e-07	   4.0000000000000000e+00	
   2.6800000000000002e+00	   1.2654558134705951e-07	   4.0000000000000000e+00	
   2.6899999999999999e+00	   1.0973306929784599e-07	   4.0000000000000000e+00	
   2.7000000000000002e+00	   9.2014614594404520e-08	   4.0000000000000000e+00	
   2.7100000000000000e+00	   7.7854590663228862e-08	   4.0000000000000000e+00	
   2.7200000000000002e+00	   6.4479438011133539e-08	   4.0000000000000000e+00	
   2.7300000000000000e+00	   5.4802909987827775e-08	   4.0000000000000000e+00	
   2.7400000000000002e+00	   4.9042907734886398e-08	   4.0000000000000000e+00	
   2.7500000000000000e+00	   4.7345094955630884e-08	   4.0000000000000000e+00	
   2.7600000000000002e+00	   4.9525779255432667e-08	   4.0000000000000000e+00	
   2.7700000000000000e+00	   5.4437281127306392e-08	   4.0000000000000000e+00	
   2.7800000000000002e+00	   6.0248567690379673e-08	   4.0000000000000000e+00	
   2.7900000000000000e+00	   6.6173808432878900e-08	   4.0000000000000000e+00	
   2.8000000000000003e+00	   7.2411359908208794e-08	   4.0000000000000000e+00	
   2.8100000000000001e+00	   7.7996666680846261e-08	   4.0000000000000000e+00	
   2.8199999999999998e+00	   8.1609031976626056e-08	   4.0000000000000000e+00	
   2.8300000000000001e+00	   8.6408045274488643e-08	   4.0000000000000000e+00	
   2.8399999999999999e+00	   8.9448747297993236e-08	   4.0000000000000000e+00	
   2.8500000000000001e+00	   9.0670809971271638e-08	   4.0000000000000000e+00	
   2.8599999999999999e+00	   9.1169546578839800e-08	   4.0000000000000000e+00	
   2.8700000000000001e+00	   9.1686190084594443e-08	   4.0000000000000000e+00	
   2.8799999999999999e+00	   9.0510263173193550e-08	   4.0000000000000000e+00	
   2.8900000000000001e+00	   8.7729169151451458e-08	   4.0000000000000000e+00	
   2.8999999999999999e+00	   8.3515371507303371e-08	   4.0000000000000000e+00	
   2.9100000000000001e+00	   7.9982686806978620e-08	   4.0000000000000000e+00	
   2.9199999999999999e+00	   7.4946780559415060e-08	   4.0000000000000000e+00	
   2.9300000000000002e+00	   6.8530427332902377e-08	   4.0000000000000000e+00	
   2.9399999999999999e+00	   6.0882356267555338e-08	   4.0000000000000000e+00	
   2.9500000000000002e+00	   5.2445863651939817e-08	   4.0000000000000000e+00	
   2.9600000000000000e+00	   4.3888484069221079e-08	   4.0000000000000000e+00	
   2.9700000000000002e+00	   3.0154889918421190e-08	   5.0000000000000000e+00	
   2.9800000000000000e+00	   1.8283373037775164e-08	   5.0000000000000000e+00	
   2.9900000000000002e+00	   8.2610807083938198e-09	   5.0000000000000000e+00	
   3.0000000000000000e+00	   2.2204460492503131e-16	   1.0000000000000000e+00	
   3.0100000000000002e+00	   6.5923858594274520e-09	   5.0000000000000000e+00	
   3.0200000000000000e+00	   1.1632699026264959e-08	   5.0000000000000000e+00	
   3.0300000000000002e+00	   1.5453798685172160e-08	   5.0000000000000000e+00	
   3.0400000000000000e+00	   1.8259331713288418e-08	   5.0000000000000000e+00	
   3.0500000000000003e+00	   2.0016991175708654e-08	   5.0000000000000000e+00	
   3.0600000000000001e+00	   2.0827490065933318e-08	   5.0000000000000000e+00	
   3.0699999999999998e+00	   2.0802231492922374e-08	   5.0000000000000000e+00	
   3.0800000000000001e+00	   2.0234471431734846e-08	   5.0000000000000000e+00	
   3.0899999999999999e+00	   1.9364936765242646e-08	   5.0000000000000000e+00	
   3.1000000000000001e+00	   1.7955126052626724e-08	   5.0000000000000000e+00	
   3.1099999999999999e+00	   1.6097782440382957e-08	   5.0000000000000000e+00	
   3.1200000000000001e+00	   1.3887775818233195e-08	   5.0000000000000000e+00	
   3.1299999999999999e+00	   1.1711035918793300e-08	   5.0000000000000000e+00	
   3.1400000000000001e+00	   9.3632772646401463e-09	   5.0000000000000000e+00	
   3.1499999999999999e+00	   6.8235034289543250e-09	   5.0000000000000000e+00	
   3.1600000000000001e+00	   4.4782644259555582e-09	   5.0000000000000000e+00	
   3.1699999999999999e+00	   2.4247033270086149e-09	   5.0000000000000000e+00	
   3.1800000000000002e+00	   2.2734674143265465e-09	   5.0000000000000000e+00	
   3.1899999999999999e+00	   4.1049910137758161e-09	   5.0000000000000000e+00	
   3.2000000000000002e+00	   6.2320765215062579e-09	   5.0000000000000000e+00	
   3.2100000000000000e+00	   8.4816816903199310e-09	   5.0000000000000000e+00	
   3.2200000000000002e+00	   1.0499171088085291e-08	   5.0000000000000000e+00	
   3.2300000000000000e+00	   1.2344049782342381e-08	   5.0000000000000000e+00	
   3.2400000000000002e+00	   1.4228056843812453e-08	   5.0000000000000000e+00	
   3.2500000000000000e+00	   1.5863625746348475e-08	   5.0000000000000000e+00	
   3.2600000000000002e+00	   1.7228797721813294e-08	   5.0000000000000000e+00	
   3.2700000000000000e+00	   1.8309076699196680e-08	   5.0000000000000000e+00	
   3.2800000000000002e+00	   1.9349265967250062e-08	   5.0000000000000000e+00	
   3.2900000000000000e+00	   2.0315524817959840e-08	   5.0000000000000000e+00	
   3.3000000000000003e+00	   2.1008882744588675e-08	   5.0000000000000000e+00	
   3.3100000000000001e+00	   2.1427552954200735e-08	   5.0000000000000000e+00	
   3.3199999999999998e+00	   2.1575886854918735e-08	   5.0000000000000000e+00	
   3.3300000000000001e+00	   2.1470579980586990e-08	   5.0000000000000000e+00	
   3.3399999999999999e+00	   2.1558498319862451e-08	   5.0000000000000000e+00	
   3.3500000000000001e+00	   2.1400091254619724e-08	   5.0000000000000000e+00	
   3.3599999999999999e+00	   2.1007964701169612e-08	   5.0000000000000000e+00	
   3.3700000000000001e+00	   2.0399237188328811e-08	   5.0000000000000000e+00	
   3.3799999999999999e+00	   1.9594979638881682e-08	   5.0000000000000000e+00	
   3.3900000000000001e+00	   1.8619603747715985e-08	   5.0000000000000000e+00	
   3.3999999999999999e+00	   1.7719617551037459e-08	   5.0000000000000000e+00	
   3.4100000000000001e+00	   1.6743483488568245e-08	   5.0000000000000000e+00	
   3.4199999999999999e+00	   1.5623610405413046e-08	   5.0000000000000000e+00	
   3.4300000000000002e+00	   1.4386836166835337e-08	   5.0000000000000000e+00	
   3.4399999999999999e+00	   1.3061614900777840e-08	   5.0000000000000000e+00	
   3.4500000000000002e+00	   1.1677397826481695e-08	   5.0000000000000000e+00	
   3.4600000000000000e+00	   1.0264025407380473e-08	   5.0000000000000000e+00	
   3.4700000000000002e+00	   8.8511380447187094e-09	   5.0000000000000000e+00	
   3.4800000000000000e+00	   7.4676165251474913e-09	   5.0000000000000000e+00	
   3.4900000000000002e+00	   6.1410588836352531e-09	   5.0000000000000000e+00	
   3.5100000000000002e+00	   4.6458770164292673e-10	   6.0000000000000000e+00	
   3.5200000000000000e+00	   5.2767412661580693e-10	   6.0000000000000000e+00	
   3.5300000000000002e+00	   5.8131355284984920e-10	   6.0000000000000000e+00	
   3.5400000000000000e+00	   6.3531169214314787e-10	   6.0000000000000000e+00	
   3.5500000000000003e+00	   6.9218486498101583e-10	   6.0000000000000000e+00	
   3.5600000000000001e+00	   7.3980854775612670e-10	   6.0000000000000000e+00	
   3.5700000000000003e+00	   7.7773765205790824e-10	   6.0000000000000000e+00	
   3.5800000000000001e+00	   8.1893647418951332e-10	   6.0000000000000000e+00	
   3.5899999999999999e+00	   8.6060458759362746e-10	   6.0000000000000000e+00	
   3.6000000000000001e+00	   8.9297880201399948e-10	   6.0000000000000000e+00	
   3.6099999999999999e+00	   9.1585738992705501e-10	   6.0000000000000000e+00	
   3.6200000000000001e+00	   9.2920071637081492e-10	   6.0000000000000000e+00	
   3.6299999999999999e+00	   9.5537711075621701e-10	   6.0000000000000000e+00	
   3.6400000000000001e+00	   9.7388630493355777e-10	   6.0000000000000000e+00	
   3.6499999999999999e+00	   9.8342189946976077e-10	   6.0000000000000000e+00	
   3.6600000000000001e+00	   9.8412877846953961e-10	   6.0000000000000000e+00	
   3.6699999999999999e+00	   9.7628272133221117e-10	   6.0000000000000000e+00	
   3.6800000000000002e+00	   9.7991126324359357e-10	   6.0000000000000000e+00	
   3.6899999999999999e+00	   9.7844610191799575e-10	   6.0000000000000000e+00	
   3.7000000000000002e+00	   9.6903574053897046e-10	   6.0000000000000000e+00	
   3.7100000000000000e+00	   9.5207919326156798e-10	   6.0000000000000000e+00	
   3.7200000000000002e+00	   9.2807717066989426e-10	   6.0000000000000000e+00	
   3.7300000000000000e+00	   9.0803187191568213e-10	   6.0000000000000000e+00	
   3.7400000000000002e+00	   8.9121443558326519e-10	   6.0000000000000000e+00	
   3.7500000000000000e+00	   8.6791906994676538e-10	   6.0000000000000000e+00	
   3.7600000000000002e+00	   8.3871143363722922e-10	   6.0000000000000000e+00	
   3.7700000000000000e+00	   8.0422224435494627e-10	   6.0000000000000000e+00	
   3.7800000000000002e+00	   7.6513251290322160e-10	   6.0000000000000000e+00	
   3.7900000000000000e+00	   7.3764261365738548e-10	   6.0000000000000000e+00	
   3.8000000000000003e+00	   7.0584671441054070e-10	   6.0000000000000000e+00	
   3.8100000000000001e+00	   6.6989391811489440e-10	   6.0000000000000000e+00	
   3.8200000000000003e+00	   6.3046035059244332e-10	   6.0000000000000000e+00	
   3.8300000000000001e+00	   5.8824256576883727e-10	   6.0000000000000000e+00	
   3.8399999999999999e+00	   5.4694693218948487e-10	   6.0000000000000000e+00	
   3.8500000000000001e+00	   5.1173620896349803e-10	   6.0000000000000000e+00	
   3.8599999999999999e+00	   4.7406412129191722e-10	   6.0000000000000000e+00	
   3.8700000000000001e+00	   4.3458325826861710e-10	   6.0000000000000000e+00	
   3.8799999999999999e+00	   3.9393710515867042e-10	   6.0000000000000000e+00	
   3.8900000000000001e+00	   3.5275138365875591e-10	   6.0000000000000000e+00	
   3.8999999999999999e+00	   3.1384239651544021e-10	   6.0000000000000000e+00	
   3.9100000000000001e+00	   2.7864199836358239e-10	   6.0000000000000000e+00	
   3.9199999999999999e+00	   2.4305291113080330e-10	   6.0000000000000000e+00	
   3.9300000000000002e+00	   2.0761903307686680e-10	   6.0000000000000000e+00	
   3.9399999999999999e+00	   1.7284484954416257e-10	   6.0000000000000000e+00	
   3.9500000000000002e+00	   1.3919110308791005e-10	   6.0000000000000000e+00	
   3.9600000000000000e+00	   1.0731071586889129e-10	   6.0000000000000000e+00	
   3.9700000000000002e+00	   7.8465012265382938e-11	   6.0000000000000000e+00	
   3.9800000000000000e+00	   5.0734638712413016e-11	   6.0000000000000000e+00	
   3.9900000000000002e+00	   2.2466251081709743e-11	   7.0000000000000000e+00	
   4.0000000000000000e+00	   2.2204460492503131e-16	   1.0000000000000000e+00	
   4.0099999999999998e+00	   1.6695977933522954e-11	   7.0000000000000000e+00	
   4.0199999999999996e+00	   2.8298030585460765e-11	   7.0000000000000000e+00	
   4.0300000000000002e+00	   3.6106007073044566e-11	   7.0000000000000000e+00	
   4.0400000000000000e+00	   4.0643932663897431e-11	   7.0000000000000000e+00	
   4.0500000000000007e+00	   4.2180925419188497e-11	   7.0000000000000000e+00	
   4.0600000000000005e+00	   4.1198378042395234e-11	   7.0000000000000000e+00	
   4.0700000000000003e+00	   3.8175906880155708e-11	   7.0000000000000000e+00	
   4.0800000000000001e+00	   3.4466207665673210e-11	   7.0000000000000000e+00	
   4.0899999999999999e+00	   2.9546143309744366e-11	   7.0000000000000000e+00	
   4.0999999999999996e+00	   2.3631541168356307e-11	   7.0000000000000000e+00	
   4.1099999999999994e+00	   1.7511880834319982e-11	   7.0000000000000000e+00	
   4.1200000000000001e+00	   1.1359357898754752e-11	   7.0000000000000000e+00	
   4.1299999999999999e+00	   6.4399596766406830e-12	   7.0000000000000000e+00	
   4.1400000000000006e+00	   6.2456706473312806e-12	   7.0000000000000000e+00	
   4.1500000000000004e+00	   1.0888512314011223e-11	   7.0000000000000000e+00	
   4.1600000000000001e+00	   1.6213030917811011e-11	   7.0000000000000000e+00	
   4.1699999999999999e+00	   2.1484813927941104e-11	   7.0000000000000000e+00	
   4.1799999999999997e+00	   2.5983881712932089e-11	   7.0000000000000000e+00	
   4.1899999999999995e+00	   3.0445423959690743e-11	   7.0000000000000000e+00	
   4.2000000000000002e+00	   3.4287683803313485e-11	   7.0000000000000000e+00	
   4.2100000000000000e+00	   3.7328584667761788e-11	   7.0000000000000000e+00	
   4.2200000000000006e+00	   3.9551695252271202e-11	   7.0000000000000000e+00	
   4.2300000000000004e+00	   4.1118664029227148e-11	   7.0000000000000000e+00	
   4.2400000000000002e+00	   4.2674974665146692e-11	   7.0000000000000000e+00	
   4.2500000000000000e+00	   4.3486991785357532e-11	   7.0000000000000000e+00	
   4.2599999999999998e+00	   4.3586467768363946e-11	   7.0000000000000000e+00	
   4.2699999999999996e+00	   4.3022696516459291e-11	   7.0000000000000000e+00	
   4.2799999999999994e+00	   4.1859737898164440e-11	   7.0000000000000000e+00	
   4.2900000000000000e+00	   4.0175418547505615e-11	   7.0000000000000000e+00	
   4.2999999999999998e+00	   3.8478997765878376e-11	   7.0000000000000000e+00	
   4.3100000000000005e+00	   3.6475711340244743e-11	   7.0000000000000000e+00	
   4.3200000000000003e+00	   3.4079405963893805e-11	   7.0000000000000000e+00	
   4.3300000000000001e+00	   3.1376679032746324e-11	   7.0000000000000000e+00	
   4.3399999999999999e+00	   2.8455904299562462e-11	   7.0000000000000000e+00	
   4.3499999999999996e+00	   2.5405899606312232e-11	   7.0000000000000000e+00	
   4.3599999999999994e+00	   2.2315260750360721e-11	   7.0000000000000000e+00	
   4.3700000000000001e+00	   1.9270141038418842e-11	   7.0000000000000000e+00	
   4.3799999999999999e+00	   1.6562529125963010e-11	   7.0000000000000000e+00	
   4.3900000000000006e+00	   1.4575007867279055e-11	   7.0000000000000000e+00	
   4.4000000000000004e+00	   1.3174905610924270e-11	   7.0000000000000000e+00	
   4.4100000000000001e+00	   1.3023582212667861e-11	   7.0000000000000000e+00	
   4.4199999999999999e+00	   1.4065859588185958e-11	   7.0000000000000000e+00	
   4.4299999999999997e+00	   1.5745182935233970e-11	   7.0000000000000000e+00	
   4.4399999999999995e+00	   1.8217982677981581e-11	   7.0000000000000000e+00	
   4.4499999999999993e+00	   2.0975221559638157e-11	   7.0000000000000000e+00	
   4.4600000000000000e+00	   2.3788526704038304e-11	   7.0000000000000000e+00	
   4.4699999999999998e+00	   2.6591395752006974e-11	   7.0000000000000000e+00	
   4.4800000000000004e+00	   2.9320990080350384e-11	   7.0000000000000000e+00	
   4.4900000000000002e+00	   3.1915581288899375e-11	   7.0000000000000000e+00	
   4.5099999999999998e+00	   2.0204948825153224e-12	   8.0000000000000000e+00	
   4.5199999999999996e+00	   2.0274892875704609e-12	   8.0000000000000000e+00	
   4.5299999999999994e+00	   2.0141666112749590e-12	   8.0000000000000000e+00	
   4.5400000000000000e+00	   2.0162760350217468e-12	   8.0000000000000000e+00	
   4.5499999999999998e+00	   2.0078383400345956e-12	   8.0000000000000000e+00	
   4.5600000000000005e+00	   1.9813040097460544e-12	   8.0000000000000000e+00	
   4.5700000000000003e+00	   1.9377832671807482e-12	   8.0000000000000000e+00	
   4.5800000000000001e+00	   1.8792745137830025e-12	   8.0000000000000000e+00	
   4.5899999999999999e+00	   1.8079981956020674e-12	   8.0000000000000000e+00	
   4.5999999999999996e+00	   1.7515988659511095e-12	   8.0000000000000000e+00	
   4.6099999999999994e+00	   1.6895373988745632e-12	   8.0000000000000000e+00	
   4.6200000000000001e+00	   1.6167067684591530e-12	   8.0000000000000000e+00	
   4.6299999999999999e+00	   1.5356604876615165e-12	   8.0000000000000000e+00	
   4.6400000000000006e+00	   1.4482859356235167e-12	   8.0000000000000000e+00	
   4.6500000000000004e+00	   1.3564704914870163e-12	   8.0000000000000000e+00	
   4.6600000000000001e+00	   1.2623235789988030e-12	   8.0000000000000000e+00	
   4.6699999999999999e+00	   1.1677325773007396e-12	   8.0000000000000000e+00	
   4.6799999999999997e+00	   1.0749179324420766e-12	   8.0000000000000000e+00	
   4.6899999999999995e+00	   9.9054098257056467e-13	   8.0000000000000000e+00	
   4.6999999999999993e+00	   9.0694118881629038e-13	   8.0000000000000000e+00	
   4.7100000000000000e+00	   8.2545081880880389e-13	   8.0000000000000000e+00	
   4.7199999999999998e+00	   7.4795725168996796e-13	   8.0000000000000000e+00	
   4.7300000000000004e+00	   6.7679195581149543e-13	   8.0000000000000000e+00	
   4.7400000000000002e+00	   6.1772809090143710e-13	   8.0000000000000000e+00	
   4.7500000000000000e+00	   5.6632476486129235e-13	   8.0000000000000000e+00	
   4.7599999999999998e+00	   5.2313708920337376e-13	   8.0000000000000000e+00	
   4.7699999999999996e+00	   4.8794301932275630e-13	   8.0000000000000000e+00	
   4.7799999999999994e+00	   4.5996539910220235e-13	   8.0000000000000000e+00	
   4.7900000000000000e+00	   4.4830805734363821e-13	   8.0000000000000000e+00	
   4.7999999999999998e+00	   4.4542147747961280e-13	   8.0000000000000000e+00	
   4.8100000000000005e+00	   4.4608761129438790e-13	   8.0000000000000000e+00	
   4.8200000000000003e+00	   4.4853010194856324e-13	   8.0000000000000000e+00	
   4.8300000000000001e+00	   4.5297099404706387e-13	   8.0000000000000000e+00	
   4.8399999999999999e+00	   4.5741188614556449e-13	   8.0000000000000000e+00	
   4.8499999999999996e+00	   4.6063153291697745e-13	   8.0000000000000000e+00	
   4.8599999999999994e+00	   4.6185277824406512e-13	   8.0000000000000000e+00	
   4.8700000000000001e+00	   4.6007642140466487e-13	   8.0000000000000000e+00	
   4.8799999999999999e+00	   4.5474735088646412e-13	   8.0000000000000000e+00	
   4.8900000000000006e+00	   4.4519943287468777e-13	   8.0000000000000000e+00	
   4.9000000000000004e+00	   4.2987835513486061e-13	   8.0000000000000000e+00	
   4.9100000000000001e+00	   4.0967229608668276e-13	   8.0000000000000000e+00	
   4.9199999999999999e+00	   3.8391512191537913e-13	   8.0000000000000000e+00	
   4.9299999999999997e+00	   3.5216274341109965e-13	   8.0000000000000000e+00	
   4.9399999999999995e+00	   3.1485924978369439e-13	   8.0000000000000000e+00	
   4.9499999999999993e+00	   2.7222668563808838e-13	   8.0000000000000000e+00	
   4.9600000000000000e+00	   2.2515322939398175e-13	   8.0000000000000000e+00	
   4.9699999999999998e+00	   1.7519319328584970e-13	   8.0000000000000000e+00	
   4.9800000000000004e+00	   1.2123635428906709e-13	   8.0000000000000000e+00	
   4.9900000000000002e+00	   6.2616578588858829e-14	   8.0000000000000000e+00	
   5.0000000000000000e+00	   2.2204460492503131e-16	   1.0000000000000000e+00	
   5.0099999999999998e+00	   6.5947247662734299e-14	   8.0000000000000000e+00	
   5.0199999999999996e+00	   1.3411494137471891e-13	   8.0000000000000000e+00	
   5.0299999999999994e+00	   2.0405899192610377e-13	   8.0000000000000000e+00	
   5.0400000000000000e+00	   2.7955415760061442e-13	   8.0000000000000000e+00	
   5.0499999999999998e+00	   3.5660363550960028e-13	   8.0000000000000000e+00	
   5.0600000000000005e+00	   4.3498538104813633e-13	   8.0000000000000000e+00	
   5.0700000000000003e+00	   5.1336712658667238e-13	   8.0000000000000000e+00	
   5.0800000000000001e+00	   5.8997251528580819e-13	   8.0000000000000000e+00	
   5.0899999999999999e+00	   6.6413541333076864e-13	   8.0000000000000000e+00	
   5.0999999999999996e+00	   7.4895645241213060e-13	   8.0000000000000000e+00	
   5.1099999999999994e+00	   8.3333340228364250e-13	   8.0000000000000000e+00	
   5.1200000000000001e+00	   9.1415763847635390e-13	   8.0000000000000000e+00	
   5.1299999999999999e+00	   9.9054098257056467e-13	   8.0000000000000000e+00	
   5.1400000000000006e+00	   1.0615952561465747e-12	   8.0000000000000000e+00	
   5.1500000000000004e+00	   1.1313172620930345e-12	   8.0000000000000000e+00	
   5.1600000000000001e+00	   1.2141398997300712e-12	   8.0000000000000000e+00	
   5.1699999999999999e+00	   1.2909673330341320e-12	   8.0000000000000000e+00	
   5.1799999999999997e+00	   1.3609113835855169e-12	   8.0000000000000000e+00	
   5.1899999999999995e+00	   1.4227508060571381e-12	   8.0000000000000000e+00	
   5.1999999999999993e+00	   1.4750423105169830e-12	   8.0000000000000000e+00	
   5.2100000000000000e+00	   1.5389911567353920e-12	   8.0000000000000000e+00	
   5.2199999999999998e+00	   1.6061596497252140e-12	   8.0000000000000000e+00	
   5.2300000000000004e+00	   1.6640022693081846e-12	   8.0000000000000000e+00	
   5.2400000000000002e+00	   1.7110757255522913e-12	   8.0000000000000000e+00	
   5.2500000000000000e+00	   1.7466028623402963e-12	   8.0000000000000000e+00	
   5.2599999999999998e+00	   1.7794654638692009e-12	   8.0000000000000000e+00	
   5.2699999999999996e+00	   1.8320900352364333e-12	   8.0000000000000000e+00	
   5.2799999999999994e+00	   1.8736123763574142e-12	   8.0000000000000000e+00	
   5.2900000000000000e+00	   1.9024781749976682e-12	   8.0000000000000000e+00	
   5.2999999999999998e+00	   1.9184653865522705e-12	   8.0000000000000000e+00	
   5.3100000000000005e+00	   1.9213519664162959e-12	   8.0000000000000000e+00	
   5.3200000000000003e+00	   1.9544366125501256e-12	   8.0000000000000000e+00	
   5.3300000000000001e+00	   1.9765300507401662e-12	   8.0000000000000000e+00	
   5.3399999999999999e+00	   1.9853008126347049e-12	   8.0000000000000000e+00	
   5.3499999999999996e+00	   1.9806378759312793e-12	   8.0000000000000000e+00	
   5.3599999999999994e+00	   1.9624302183274267e-12	   8.0000000000000000e+00	
   5.3700000000000001e+00	   1.9695356456850277e-12	   8.0000000000000000e+00	
   5.3799999999999999e+00	   1.9713120025244280e-12	   8.0000000000000000e+00	
   5.3900000000000006e+00	   1.9597656830683263e-12	   8.0000000000000000e+00	
   5.4000000000000004e+00	   1.9345636204093353e-12	   8.0000000000000000e+00	
   5.4100000000000001e+00	   1.8954837699425298e-12	   8.0000000000000000e+00	
   5.4199999999999999e+00	   1.8848256289061283e-12	   8.0000000000000000e+00	
   5.4299999999999997e+00	   1.8669510382096632e-12	   8.0000000000000000e+00	
   5.4399999999999995e+00	   1.8364199050324714e-12	   8.0000000000000000e+00	
   5.4499999999999993e+00	   1.7915668948376151e-12	   8.0000000000000000e+00	
   5.4600000000000000e+00	   1.7406076580073204e-12	   8.0000000000000000e+00	
   5.4699999999999998e+00	   1.7175150190951172e-12	   8.0000000000000000e+00	
   5.4800000000000004e+00	   1.6812107261898745e-12	   8.0000000000000000e+00	
   5.4900000000000002e+00	   1.6324719354088302e-12	   8.0000000000000000e+00	
   5.5099999999999998e+00	   2.0174972803488345e-12	   8.0000000000000000e+00	
   5.5199999999999996e+00	   1.9934054407144686e-12	   8.0000000000000000e+00	
   5.5299999999999994e+00	   1.9604318168831014e-12	   8.0000000000000000e+00	
   5.5400000000000000e+00	   1.9421131369767863e-12	   8.0000000000000000e+00	
   5.5499999999999998e+00	   1.9311219290329973e-12	   8.0000000000000000e+00	
   5.5600000000000005e+00	   1.9110268922872820e-12	   8.0000000000000000e+00	
   5.5700000000000003e+00	   1.8818280267396403e-12	   8.0000000000000000e+00	
   5.5800000000000001e+00	   1.8429702208777599e-12	   8.0000000000000000e+00	
   5.5899999999999999e+00	   1.7968959653558159e-12	   8.0000000000000000e+00	
   5.5999999999999996e+00	   1.7720269696042124e-12	   8.0000000000000000e+00	
   5.6099999999999994e+00	   1.7468249069452213e-12	   8.0000000000000000e+00	
   5.6200000000000001e+00	   1.7130741269966165e-12	   8.0000000000000000e+00	
   5.6299999999999999e+00	   1.6718848527830232e-12	   8.0000000000000000e+00	
   5.6400000000000006e+00	   1.6240342404216790e-12	   8.0000000000000000e+00	
   5.6500000000000004e+00	   1.5696333122150463e-12	   8.0000000000000000e+00	
   5.6600000000000001e+00	   1.5363266214762916e-12	   8.0000000000000000e+00	
   5.6699999999999999e+00	   1.5002443731759740e-12	   8.0000000000000000e+00	
   5.6799999999999997e+00	   1.4581669205426806e-12	   8.0000000000000000e+00	
   5.6899999999999995e+00	   1.4097611966690238e-12	   8.0000000000000000e+00	
   5.6999999999999993e+00	   1.3562484468820912e-12	   8.0000000000000000e+00	
   5.7100000000000000e+00	   1.2978507157868080e-12	   8.0000000000000000e+00	
   5.7199999999999998e+00	   1.2565504192707522e-12	   8.0000000000000000e+00	
   5.7300000000000004e+00	   1.2143619443349962e-12	   8.0000000000000000e+00	
   5.7400000000000002e+00	   1.1672884880908896e-12	   8.0000000000000000e+00	
   5.7500000000000000e+00	   1.1161072066556699e-12	   8.0000000000000000e+00	
   5.7599999999999998e+00	   1.0611511669367246e-12	   8.0000000000000000e+00	
   5.7699999999999996e+00	   1.0037526365636040e-12	   8.0000000000000000e+00	
   5.7799999999999994e+00	   9.5545793499240972e-13	   8.0000000000000000e+00	
   5.7900000000000000e+00	   9.1104901400740346e-13	   8.0000000000000000e+00	
   5.7999999999999998e+00	   8.6330942394852173e-13	   8.0000000000000000e+00	
   5.8100000000000005e+00	   8.1323836553792717e-13	   8.0000000000000000e+00	
   5.8200000000000003e+00	   7.6105788338054481e-13	   8.0000000000000000e+00	
   5.8300000000000001e+00	   7.0765615589607478e-13	   8.0000000000000000e+00	
   5.8399999999999999e+00	   6.5569771834361745e-13	   8.0000000000000000e+00	
   5.8499999999999996e+00	   6.1217697577831132e-13	   8.0000000000000000e+00	
   5.8599999999999994e+00	   5.6710192097852996e-13	   8.0000000000000000e+00	
   5.8700000000000001e+00	   5.2113868775904848e-13	   8.0000000000000000e+00	
   5.8799999999999999e+00	   4.7406523151494184e-13	   8.0000000000000000e+00	
   5.8900000000000006e+00	   4.2721381987576024e-13	   8.0000000000000000e+00	
   5.9000000000000004e+00	   3.8058445284150366e-13	   8.0000000000000000e+00	
   5.9100000000000001e+00	   3.3706371027619753e-13	   8.0000000000000000e+00	
   5.9199999999999999e+00	   2.9687363678476686e-13	   8.0000000000000000e+00	
   5.9299999999999997e+00	   2.5657254099087368e-13	   8.0000000000000000e+00	
   5.9399999999999995e+00	   2.1671553440683056e-13	   8.0000000000000000e+00	
   5.9500000000000002e+00	   1.7741363933510002e-13	   8.0000000000000000e+00	
   5.9600000000000000e+00	   1.3899992268306960e-13	   8.0000000000000000e+00	
   5.9699999999999998e+00	   1.0191847366058937e-13	   8.0000000000000000e+00	
   5.9800000000000004e+00	   6.6391336872584361e-14	   8.0000000000000000e+00	
   5.9900000000000002e+00	   3.2751579226442118e-14	   8.0000000000000000e+00	
   6.0000000000000000e+00	   2.2204460492503131e-16	   1.0000000000000000e+00	
   6.0099999999999998e+00	   3.1752378504279477e-14	   8.0000000000000000e+00	
   6.0199999999999996e+00	   6.2394533983933798e-14	   8.0000000000000000e+00	
   6.0300000000000002e+00	   9.1260332624187868e-14	   8.0000000000000000e+00	
   6.0400000000000000e+00	   1.1879386363489175e-13	   8.0000000000000000e+00	
   6.0499999999999998e+00	   1.4488410471358293e-13	   8.0000000000000000e+00	
   6.0600000000000005e+00	   1.6942003355779889e-13	   8.0000000000000000e+00	
   6.0700000000000003e+00	   1.9384494009955233e-13	   8.0000000000000000e+00	
   6.0800000000000001e+00	   2.1804780203638074e-13	   8.0000000000000000e+00	
   6.0899999999999999e+00	   2.4091839634365897e-13	   8.0000000000000000e+00	
   6.0999999999999996e+00	   2.6267876762631204e-13	   8.0000000000000000e+00	
   6.1099999999999994e+00	   2.8321789358187743e-13	   8.0000000000000000e+00	
   6.1200000000000001e+00	   3.0253577421035516e-13	   8.0000000000000000e+00	
   6.1299999999999999e+00	   3.2085445411667024e-13	   8.0000000000000000e+00	
   6.1399999999999997e+00	   3.3817393330082268e-13	   8.0000000000000000e+00	
   6.1500000000000004e+00	   3.5460523406527500e-13	   8.0000000000000000e+00	
   6.1600000000000001e+00	   3.7014835641002719e-13	   8.0000000000000000e+00	
   6.1699999999999999e+00	   3.8480330033507926e-13	   8.0000000000000000e+00	
   6.1799999999999997e+00	   4.0145664570445661e-13	   8.0000000000000000e+00	
   6.1899999999999995e+00	   4.1866510258614653e-13	   8.0000000000000000e+00	
   6.2000000000000002e+00	   4.3565151486291143e-13	   8.0000000000000000e+00	
   6.2100000000000000e+00	   4.5230486023228877e-13	   8.0000000000000000e+00	
   6.2199999999999998e+00	   4.6862513869427858e-13	   8.0000000000000000e+00	
   6.2300000000000004e+00	   4.8494541715626838e-13	   8.0000000000000000e+00	
   6.2400000000000002e+00	   5.0104365101333315e-13	   8.0000000000000000e+00	
   6.2500000000000000e+00	   5.1736392947532295e-13	   8.0000000000000000e+00	
   6.2599999999999998e+00	   5.3357318563485023e-13	   8.0000000000000000e+00	
   6.2699999999999996e+00	   5.5000448639930255e-13	   8.0000000000000000e+00	
   6.2800000000000002e+00	   5.6632476486129235e-13	   8.0000000000000000e+00	
   6.2900000000000000e+00	   5.8264504332328215e-13	   8.0000000000000000e+00	
   6.2999999999999998e+00	   5.9885429948280944e-13	   8.0000000000000000e+00	
   6.3100000000000005e+00	   6.1506355564233672e-13	   8.0000000000000000e+00	
   6.3200000000000003e+00	   6.3404836936342690e-13	   8.0000000000000000e+00	
   6.3300000000000001e+00	   6.5614180755346752e-13	   8.0000000000000000e+00	
   6.3399999999999999e+00	   6.7879035725582071e-13	   8.0000000000000000e+00	
   6.3499999999999996e+00	   7.0099481774832384e-13	   8.0000000000000000e+00	
   6.3599999999999994e+00	   7.2297723363590194e-13	   8.0000000000000000e+00	
   6.3700000000000001e+00	   7.4495964952348004e-13	   8.0000000000000000e+00	
   6.3799999999999999e+00	   7.6649797620120808e-13	   8.0000000000000000e+00	
   6.3899999999999997e+00	   7.8781425827401108e-13	   8.0000000000000000e+00	
   6.4000000000000004e+00	   8.0768725041480138e-13	   8.0000000000000000e+00	
   6.4100000000000001e+00	   8.2656104183342904e-13	   8.0000000000000000e+00	
   6.4199999999999999e+00	   8.4399154332004400e-13	   8.0000000000000000e+00	
   6.4299999999999997e+00	   8.6619600381254713e-13	   8.0000000000000000e+00	
   6.4399999999999995e+00	   8.9295237870601341e-13	   8.0000000000000000e+00	
   6.4500000000000002e+00	   9.1748830755022937e-13	   8.0000000000000000e+00	
   6.4600000000000000e+00	   9.4091401336982017e-13	   8.0000000000000000e+00	
   6.4699999999999998e+00	   9.6300745155986078e-13	   8.0000000000000000e+00	
   6.4800000000000004e+00	   9.8232533218833851e-13	   8.0000000000000000e+00	
   6.4900000000000002e+00	   9.9953378907002843e-13	   8.0000000000000000e+00	
   6.5099999999999998e+00	   2.0553558854885523e-12	   8.0000000000000000e+00	
   6.5199999999999996e+00	   2.0320412019714240e-12	   8.0000000000000000e+00	
   6.5300000000000002e+00	   2.0266011091507607e-12	   8.0000000000000000e+00	
   6.5400000000000000e+00	   2.0282664436876985e-12	   8.0000000000000000e+00	
   6.5499999999999998e+00	   2.0192736371882347e-12	   8.0000000000000000e+00	
   6.5600000000000005e+00	   2.0007329126769946e-12	   8.0000000000000000e+00	
   6.5700000000000003e+00	   1.9710899579195029e-12	   8.0000000000000000e+00	
   6.5800000000000001e+00	   1.9372281556684356e-12	   8.0000000000000000e+00	
   6.5899999999999999e+00	   1.9322321520576224e-12	   8.0000000000000000e+00	
   6.5999999999999996e+00	   1.9174661858301079e-12	   8.0000000000000000e+00	
   6.6099999999999994e+00	   1.8924861677760418e-12	   8.0000000000000000e+00	
   6.6200000000000001e+00	   1.8580692540126620e-12	   8.0000000000000000e+00	
   6.6299999999999999e+00	   1.8152146452621309e-12	   8.0000000000000000e+00	
   6.6399999999999997e+00	   1.7875700919489645e-12	   8.0000000000000000e+00	
   6.6500000000000004e+00	   1.7661427875736990e-12	   8.0000000000000000e+00	
   6.6600000000000001e+00	   1.7361667659088198e-12	   8.0000000000000000e+00	
   6.6699999999999999e+00	   1.6977530492567894e-12	   8.0000000000000000e+00	
   6.6799999999999997e+00	   1.6507906153151453e-12	   8.0000000000000000e+00	
   6.6899999999999995e+00	   1.6000534230897756e-12	   8.0000000000000000e+00	
   6.7000000000000002e+00	   1.5734080704987718e-12	   8.0000000000000000e+00	
   6.7100000000000000e+00	   1.5385470675255419e-12	   8.0000000000000000e+00	
   6.7199999999999998e+00	   1.4958034810774734e-12	   8.0000000000000000e+00	
   6.7300000000000004e+00	   1.4457324226668788e-12	   8.0000000000000000e+00	
   6.7400000000000002e+00	   1.3893330930159209e-12	   8.0000000000000000e+00	
   6.7500000000000000e+00	   1.3462564396604648e-12	   8.0000000000000000e+00	
   6.7599999999999998e+00	   1.3069545445887343e-12	   8.0000000000000000e+00	
   6.7699999999999996e+00	   1.2609913113692528e-12	   8.0000000000000000e+00	
   6.7800000000000002e+00	   1.2084777623044829e-12	   8.0000000000000000e+00	
   6.7900000000000000e+00	   1.1506351427215122e-12	   8.0000000000000000e+00	
   6.7999999999999998e+00	   1.0931255900459291e-12	   8.0000000000000000e+00	
   6.8100000000000005e+00	   1.0501599589929356e-12	   8.0000000000000000e+00	
   6.8200000000000003e+00	   1.0009770790020411e-12	   8.0000000000000000e+00	
   6.8300000000000001e+00	   9.4702024000525853e-13	   8.0000000000000000e+00	
   6.8399999999999999e+00	   8.8906659811982536e-13	   8.0000000000000000e+00	
   6.8499999999999996e+00	   8.2756024255559169e-13	   8.0000000000000000e+00	
   6.8599999999999994e+00	   7.7626793881790945e-13	   8.0000000000000000e+00	
   6.8700000000000001e+00	   7.2541972429007728e-13	   8.0000000000000000e+00	
   6.8799999999999999e+00	   6.7068572917605707e-13	   8.0000000000000000e+00	
   6.8899999999999997e+00	   6.1317617650047396e-13	   8.0000000000000000e+00	
   6.9000000000000004e+00	   5.5289106626332796e-13	   8.0000000000000000e+00	
   6.9100000000000001e+00	   4.9582560279759491e-13	   8.0000000000000000e+00	
   6.9199999999999999e+00	   4.4320103143036249e-13	   8.0000000000000000e+00	
   6.9299999999999997e+00	   3.8835601401387976e-13	   8.0000000000000000e+00	
   6.9399999999999995e+00	   3.3173463975799677e-13	   8.0000000000000000e+00	
   6.9500000000000002e+00	   2.7433610938487618e-13	   8.0000000000000000e+00	
   6.9600000000000000e+00	   2.1671553440683056e-13	   8.0000000000000000e+00	
   6.9699999999999998e+00	   1.6364687382974807e-13	   8.0000000000000000e+00	
   6.9800000000000004e+00	   1.0902390101819037e-13	   8.0000000000000000e+00	
   6.9900000000000002e+00	   5.4400928206632670e-14	   8.0000000000000000e+00	
   7.0000000000000000e+00	   2.2204460492503131e-16	   1.0000000000000000e+00	
   7.0099999999999998e+00	   5.3290705182007514e-14	   8.0000000000000000e+00	
   7.0199999999999996e+00	   1.0591527654923993e-13	   8.0000000000000000e+00	
   7.0300000000000002e+00	   1.5898393712632242e-13	   8.0000000000000000e+00	
   7.0400000000000000e+00	   2.1116441928370477e-13	   8.0000000000000000e+00	
   7.0499999999999998e+00	   2.6179058920661191e-13	   8.0000000000000000e+00	
   7.0599999999999996e+00	   3.0975222387041867e-13	   8.0000000000000000e+00	
   7.0700000000000003e+00	   3.5749181392930041e-13	   8.0000000000000000e+00	
   7.0800000000000001e+00	   4.0878411766698264e-13	   8.0000000000000000e+00	
   7.0899999999999999e+00	   4.5763393075048953e-13	   8.0000000000000000e+00	
   7.0999999999999996e+00	   5.0359716396997101e-13	   8.0000000000000000e+00	
   7.1100000000000003e+00	   5.4656279502296456e-13	   8.0000000000000000e+00	
   7.1200000000000001e+00	   5.8486548937253247e-13	   8.0000000000000000e+00	
   7.1299999999999999e+00	   6.3304916864126426e-13	   8.0000000000000000e+00	
   7.1399999999999997e+00	   6.7812422344104561e-13	   8.0000000000000000e+00	
   7.1500000000000004e+00	   7.1964656456202647e-13	   8.0000000000000000e+00	
   7.1600000000000001e+00	   7.5628392437465664e-13	   8.0000000000000000e+00	
   7.1699999999999999e+00	   7.8781425827401108e-13	   8.0000000000000000e+00	
   7.1799999999999997e+00	   8.2733819795066665e-13	   8.0000000000000000e+00	
   7.1899999999999995e+00	   8.6874951676918499e-13	   8.0000000000000000e+00	
   7.2000000000000002e+00	   9.0416563125472749e-13	   8.0000000000000000e+00	
   7.2100000000000000e+00	   9.3458574212945678e-13	   8.0000000000000000e+00	
   7.2199999999999998e+00	   9.5934371557859777e-13	   8.0000000000000000e+00	
   7.2300000000000004e+00	   9.8843155882377687e-13	   8.0000000000000000e+00	
   7.2400000000000002e+00	   1.0242917625191694e-12	   8.0000000000000000e+00	
   7.2500000000000000e+00	   1.0542677841840487e-12	   8.0000000000000000e+00	
   7.2599999999999998e+00	   1.0782486015159520e-12	   8.0000000000000000e+00	
   7.2699999999999996e+00	   1.0957901253050295e-12	   8.0000000000000000e+00	
   7.2800000000000002e+00	   1.1127765375817944e-12	   8.0000000000000000e+00	
   7.2900000000000000e+00	   1.1433076707589862e-12	   8.0000000000000000e+00	
   7.2999999999999998e+00	   1.1672884880908896e-12	   8.0000000000000000e+00	
   7.3099999999999996e+00	   1.1848300118799671e-12	   8.0000000000000000e+00	
   7.3200000000000003e+00	   1.1951550860089810e-12	   8.0000000000000000e+00	
   7.3300000000000001e+00	   1.1998180227124067e-12	   8.0000000000000000e+00	
   7.3399999999999999e+00	   1.2245759961615477e-12	   8.0000000000000000e+00	
   7.3499999999999996e+00	   1.2425616091604752e-12	   8.0000000000000000e+00	
   7.3600000000000003e+00	   1.2533307724993392e-12	   8.0000000000000000e+00	
   7.3700000000000001e+00	   1.2566614415732147e-12	   8.0000000000000000e+00	
   7.3799999999999999e+00	   1.2523315717771766e-12	   8.0000000000000000e+00	
   7.3899999999999997e+00	   1.2694290063564040e-12	   8.0000000000000000e+00	
   7.4000000000000004e+00	   1.2806422589051181e-12	   8.0000000000000000e+00	
   7.4100000000000001e+00	   1.2843059948863811e-12	   8.0000000000000000e+00	
   7.4199999999999999e+00	   1.2807532812075806e-12	   8.0000000000000000e+00	
   7.4299999999999997e+00	   1.2700951401711791e-12	   8.0000000000000000e+00	
   7.4399999999999995e+00	   1.2774226121337051e-12	   8.0000000000000000e+00	
   7.4500000000000002e+00	   1.2821965711395933e-12	   8.0000000000000000e+00	
   7.4600000000000000e+00	   1.2798651027878805e-12	   8.0000000000000000e+00	
   7.4699999999999998e+00	   1.2698730955662541e-12	   8.0000000000000000e+00	
   7.4800000000000004e+00	   1.2528866832894892e-12	   8.0000000000000000e+00	
   7.4900000000000002e+00	   1.2524425940796391e-12	   8.0000000000000000e+00	
   7.5099999999999998e+00	   8.9661611468727642e-13	   8.0000000000000000e+00	
   7.5199999999999996e+00	   8.9706020389712648e-13	   8.0000000000000000e+00	
   7.5300000000000002e+00	   9.0882856795815314e-13	   8.0000000000000000e+00	
   7.5400000000000000e+00	   9.1437968308127893e-13	   8.0000000000000000e+00	
   7.5499999999999998e+00	   9.1404661617389138e-13	   8.0000000000000000e+00	
   7.5599999999999996e+00	   9.0816243414337805e-13	   8.0000000000000000e+00	
   7.5700000000000003e+00	   9.1082696940247843e-13	   8.0000000000000000e+00	
   7.5800000000000001e+00	   9.1582297301329163e-13	   8.0000000000000000e+00	
   7.5899999999999999e+00	   9.1571195071082911e-13	   8.0000000000000000e+00	
   7.5999999999999996e+00	   9.0971674637785327e-13	   8.0000000000000000e+00	
   7.6100000000000003e+00	   8.9817042692175164e-13	   8.0000000000000000e+00	
   7.6200000000000001e+00	   8.9994678376115189e-13	   8.0000000000000000e+00	
   7.6299999999999999e+00	   8.9972473915622686e-13	   8.0000000000000000e+00	
   7.6399999999999997e+00	   8.9350749021832598e-13	   8.0000000000000000e+00	
   7.6500000000000004e+00	   8.8196117076222436e-13	   8.0000000000000000e+00	
   7.6600000000000001e+00	   8.6552986999777204e-13	   8.0000000000000000e+00	
   7.6699999999999999e+00	   8.6475271388053443e-13	   8.0000000000000000e+00	
   7.6799999999999997e+00	   8.5831342033770852e-13	   8.0000000000000000e+00	
   7.6900000000000004e+00	   8.4643403397421935e-13	   8.0000000000000000e+00	
   7.7000000000000002e+00	   8.2911455479006690e-13	   8.0000000000000000e+00	
   7.7100000000000000e+00	   8.0990769646405170e-13	   8.0000000000000000e+00	
   7.7199999999999998e+00	   8.0269124680398818e-13	   8.0000000000000000e+00	
   7.7300000000000004e+00	   7.9047879353311146e-13	   8.0000000000000000e+00	
   7.7400000000000002e+00	   7.7293726974403398e-13	   8.0000000000000000e+00	
   7.7500000000000000e+00	   7.5051076464660582e-13	   8.0000000000000000e+00	
   7.7599999999999998e+00	   7.2741812573440257e-13	   8.0000000000000000e+00	
   7.7699999999999996e+00	   7.1420647174136320e-13	   8.0000000000000000e+00	
   7.7800000000000002e+00	   6.9599881413751064e-13	   8.0000000000000000e+00	
   7.7900000000000000e+00	   6.7323924213269493e-13	   8.0000000000000000e+00	
   7.7999999999999998e+00	   6.4637184493676614e-13	   8.0000000000000000e+00	
   7.8099999999999996e+00	   6.1906035853098729e-13	   8.0000000000000000e+00	
   7.8200000000000003e+00	   5.9929838869265950e-13	   8.0000000000000000e+00	
   7.8300000000000001e+00	   5.7576166057060618e-13	   8.0000000000000000e+00	
   7.8399999999999999e+00	   5.4822812955990230e-13	   8.0000000000000000e+00	
   7.8499999999999996e+00	   5.1725290717286043e-13	   8.0000000000000000e+00	
   7.8600000000000003e+00	   4.8538950636611844e-13	   8.0000000000000000e+00	
   7.8700000000000001e+00	   4.5974335449727732e-13	   8.0000000000000000e+00	
   7.8799999999999999e+00	   4.3098857815948577e-13	   8.0000000000000000e+00	
   7.8899999999999997e+00	   3.9923619965520629e-13	   8.0000000000000000e+00	
   7.9000000000000004e+00	   3.6459724128690141e-13	   8.0000000000000000e+00	
   7.9100000000000001e+00	   3.2907010449889640e-13	   8.0000000000000000e+00	
   7.9199999999999999e+00	   2.9776181520446698e-13	   8.0000000000000000e+00	
   7.9299999999999997e+00	   2.6423307986078726e-13	   8.0000000000000000e+00	
   7.9400000000000004e+00	   2.2848389846785722e-13	   8.0000000000000000e+00	
   7.9500000000000002e+00	   1.9095836023552692e-13	   8.0000000000000000e+00	
   7.9600000000000000e+00	   1.5276668818842154e-13	   8.0000000000000000e+00	
   7.9699999999999998e+00	   1.1635137298071641e-13	   8.0000000000000000e+00	
   7.9800000000000004e+00	   7.8825834748386114e-14	   8.0000000000000000e+00	
   7.9900000000000002e+00	   3.9745984281580604e-14	   8.0000000000000000e+00	
   8.0000000000000000e+00	   2.2204460492503131e-16	   1.0000000000000000e+00	
