   5.1000000000000001e-01	   4.2063411174763465e-01	   1.0000000000000000e+00	
   5.2000000000000002e-01	   4.1187610223980431e-01	   1.0000000000000000e+00	
   5.3000000000000003e-01	   4.0350130928692063e-01	   1.0000000000000000e+00	
   5.4000000000000004e-01	   3.9832791831885506e-01	   1.0000000000000000e+00	
   5.5000000000000004e-01	   3.9229378384951241e-01	   1.0000000000000000e+00	
   5.6000000000000005e-01	   3.8544621951834768e-01	   1.0000000000000000e+00	
   5.7000000000000006e-01	   3.7783299371959611e-01	   1.0000000000000000e+00	
   5.7999999999999996e-01	   3.6950224085284811e-01	   1.0000000000000000e+00	
   5.8999999999999997e-01	   3.6359709570457222e-01	   1.0000000000000000e+00	
   5.9999999999999998e-01	   3.5846744210114934e-01	   1.0000000000000000e+00	
   6.0999999999999999e-01	   3.5258096878503076e-01	   1.0000000000000000e+00	
   6.2000000000000000e-01	   3.4598289382047209e-01	   1.0000000000000000e+00	
   6.3000000000000000e-01	   3.3871867949775414e-01	   1.0000000000000000e+00	
   6.4000000000000001e-01	   3.3130176694900682e-01	   1.0000000000000000e+00	
   6.5000000000000002e-01	   3.2695836114668153e-01	   1.0000000000000000e+00	
   6.6000000000000003e-01	   3.2191360677230807e-01	   1.0000000000000000e+00	
   6.7000000000000004e-01	   3.1621008152160046e-01	   1.0000000000000000e+00	
   6.7999999999999994e-01	   3.0989050158347053e-01	   1.0000000000000000e+00	
   6.8999999999999995e-01	   3.0299760676389087e-01	   1.0000000000000000e+00	
   6.9999999999999996e-01	   2.9764234938224221e-01	   1.0000000000000000e+00	
   7.0999999999999996e-01	   2.9332946790013703e-01	   1.0000000000000000e+00	
   7.1999999999999997e-01	   2.8840915640192999e-01	   1.0000000000000000e+00	
   7.2999999999999998e-01	   2.8292136798370704e-01	   1.0000000000000000e+00	
   7.3999999999999999e-01	   2.7690598429267643e-01	   1.0000000000000000e+00	
   7.5000000000000000e-01	   2.7040269405091544e-01	   1.0000000000000000e+00	
   7.6000000000000001e-01	   2.6672146596083657e-01	   1.0000000000000000e+00	
   7.7000000000000002e-01	   2.6248240599600225e-01	   1.0000000000000000e+00	
   7.8000000000000003e-01	   2.5772273566489012e-01	   1.0000000000000000e+00	
   7.9000000000000004e-01	   2.5247952392710116e-01	   1.0000000000000000e+00	
   8.0000000000000004e-01	   2.4678956719885492e-01	   1.0000000000000000e+00	
   8.1000000000000005e-01	   2.4198816574055004e-01	   1.0000000000000000e+00	
   8.2000000000000006e-01	   2.3833774967194010e-01	   1.0000000000000000e+00	
   8.3000000000000007e-01	   2.3421168415085147e-01	   1.0000000000000000e+00	
   8.4000000000000008e-01	   2.2964430828362881e-01	   1.0000000000000000e+00	
   8.5000000000000009e-01	   2.2466962256462786e-01	   1.0000000000000000e+00	
   8.5999999999999999e-01	   2.1932117302615817e-01	   1.0000000000000000e+00	
   8.7000000000000000e-01	   2.1588719729162942e-01	   1.0000000000000000e+00	
   8.8000000000000000e-01	   2.1230925891967112e-01	   1.0000000000000000e+00	
   8.9000000000000001e-01	   2.0833027233167489e-01	   1.0000000000000000e+00	
   9.0000000000000002e-01	   2.0398156509392162e-01	   1.0000000000000000e+00	
   9.1000000000000003e-01	   1.9929396188515103e-01	   1.0000000000000000e+00	
   9.1999999999999993e-01	   1.9504575429570026e-01	   1.0000000000000000e+00	
   9.2999999999999994e-01	   1.9193926774752201e-01	   1.0000000000000000e+00	
   9.3999999999999995e-01	   1.8846989933216074e-01	   1.0000000000000000e+00	
   9.4999999999999996e-01	   1.8466644568038482e-01	   1.0000000000000000e+00	
   9.5999999999999996e-01	   1.8055716235358799e-01	   1.0000000000000000e+00	
   9.6999999999999997e-01	   1.7616966611496676e-01	   1.0000000000000000e+00	
   9.7999999999999998e-01	   1.7302746276810654e-01	   1.0000000000000000e+00	
   9.8999999999999999e-01	   1.6999731099520132e-01	   1.0000000000000000e+00	
   1.0000000000000000e+00	                      NaN	   1.0000000000000000e+00	
   1.0100000000000000e+00	   1.6306137864713310e-01	   1.0000000000000000e+00	
   1.0200000000000000e+00	   1.5920663628581311e-01	   1.0000000000000000e+00	
   1.0300000000000000e+00	   1.5550104102066697e-01	   1.0000000000000000e+00	
   1.0400000000000000e+00	   1.5284768728998976e-01	   1.0000000000000000e+00	
   1.0500000000000000e+00	   1.4992532632970068e-01	   1.0000000000000000e+00	
   1.0600000000000001e+00	   1.4675756709784782e-01	   1.0000000000000000e+00	
   1.0700000000000001e+00	   1.4336734557739828e-01	   1.0000000000000000e+00	
   1.0800000000000001e+00	   1.3977685179163579e-01	   1.0000000000000000e+00	
   1.0899999999999999e+00	   1.3695695330798618e-01	   1.0000000000000000e+00	
   1.1000000000000001e+00	   1.3438584166325707e-01	   1.0000000000000000e+00	
   1.1099999999999999e+00	   1.3159659911685373e-01	   1.0000000000000000e+00	
   1.1200000000000001e+00	   1.2861008052539602e-01	   1.0000000000000000e+00	
   1.1299999999999999e+00	   1.2544639691698900e-01	   1.0000000000000000e+00	
   1.1400000000000001e+00	   1.2226167444962943e-01	   1.0000000000000000e+00	
   1.1499999999999999e+00	   1.1999179213583111e-01	   1.0000000000000000e+00	
   1.1600000000000001e+00	   1.1752905586753859e-01	   1.0000000000000000e+00	
   1.1699999999999999e+00	   1.1489240608065709e-01	   1.0000000000000000e+00	
   1.1800000000000002e+00	   1.1210004630477099e-01	   1.0000000000000000e+00	
   1.1899999999999999e+00	   1.0916939646045209e-01	   1.0000000000000000e+00	
   1.2000000000000002e+00	   1.0668693180804323e-01	   1.0000000000000000e+00	
   1.2100000000000000e+00	   1.0450520296304266e-01	   1.0000000000000000e+00	
   1.2200000000000000e+00	   1.0217110429286480e-01	   1.0000000000000000e+00	
   1.2300000000000000e+00	   9.9701094172228499e-02	   1.0000000000000000e+00	
   1.2400000000000000e+00	   9.7110866989190026e-02	   1.0000000000000000e+00	
   1.2500000000000000e+00	   9.4415322858430573e-02	   1.0000000000000000e+00	
   1.2600000000000000e+00	   9.2475098639872799e-02	   1.0000000000000000e+00	
   1.2700000000000000e+00	   9.0402256958731275e-02	   1.0000000000000000e+00	
   1.2800000000000000e+00	   8.8211662386604717e-02	   1.0000000000000000e+00	
   1.2900000000000000e+00	   8.5917437970807198e-02	   1.0000000000000000e+00	
   1.3000000000000000e+00	   8.3532942693093970e-02	   1.0000000000000000e+00	
   1.3100000000000001e+00	   8.1388794577985868e-02	   1.0000000000000000e+00	
   1.3200000000000001e+00	   7.9541431538465712e-02	   1.0000000000000000e+00	
   1.3300000000000001e+00	   7.7592870707574813e-02	   1.0000000000000000e+00	
   1.3399999999999999e+00	   7.5555805418151323e-02	   1.0000000000000000e+00	
   1.3500000000000001e+00	   7.3442196799486048e-02	   1.0000000000000000e+00	
   1.3599999999999999e+00	   7.1263265337077719e-02	   1.0000000000000000e+00	
   1.3700000000000001e+00	   6.9543935193256967e-02	   1.0000000000000000e+00	
   1.3799999999999999e+00	   6.7805084377951852e-02	   1.0000000000000000e+00	
   1.3900000000000001e+00	   6.5991434379974567e-02	   1.0000000000000000e+00	
   1.3999999999999999e+00	   6.4113678462081714e-02	   1.0000000000000000e+00	
   1.4100000000000001e+00	   6.2181808239995195e-02	   1.0000000000000000e+00	
   1.4199999999999999e+00	   6.0365107420635056e-02	   1.0000000000000000e+00	
   1.4300000000000002e+00	   5.8808209101672171e-02	   1.0000000000000000e+00	
   1.4399999999999999e+00	   5.7188854159427649e-02	   1.0000000000000000e+00	
   1.4500000000000002e+00	   5.5516584839796934e-02	   1.0000000000000000e+00	
   1.4600000000000000e+00	   5.3800281087411861e-02	   1.0000000000000000e+00	
   1.4700000000000000e+00	   5.2048168844107234e-02	   1.0000000000000000e+00	
   1.4800000000000000e+00	   4.4694686837644548e-02	   1.0000000000000000e+00	
   1.4900000000000000e+00	   4.5141586783689736e-02	   1.0000000000000000e+00	
   1.5100000000000000e+00	   4.9957724387164504e-02	   1.0000000000000000e+00	
   1.5200000000000000e+00	   5.2606931471403273e-02	   1.0000000000000000e+00	
   1.5300000000000000e+00	   3.9945858162335757e-03	   1.0000000000000000e+00	
   1.5400000000000000e+00	   3.9274906361141948e-03	   1.0000000000000000e+00	
   1.5500000000000000e+00	   3.8440711576301911e-03	   1.0000000000000000e+00	
   1.5600000000000001e+00	   3.7454719013636506e-03	   1.0000000000000000e+00	
   1.5700000000000001e+00	   3.6328913460488277e-03	   1.0000000000000000e+00	
   1.5800000000000001e+00	   3.5075728975846321e-03	   1.0000000000000000e+00	
   1.5900000000000001e+00	   3.4173893212940953e-03	   1.0000000000000000e+00	
   1.6000000000000001e+00	   3.3369072015794199e-03	   1.0000000000000000e+00	
   1.6100000000000001e+00	   3.2432901153147675e-03	   1.0000000000000000e+00	
   1.6200000000000001e+00	   3.1377031219339546e-03	   1.0000000000000000e+00	
   1.6300000000000001e+00	   3.0213438549573368e-03	   1.0000000000000000e+00	
   1.6400000000000001e+00	   2.9020984423495655e-03	   1.0000000000000000e+00	
   1.6500000000000001e+00	   2.8256130648616207e-03	   1.0000000000000000e+00	
   1.6599999999999999e+00	   2.7379260118176596e-03	   1.0000000000000000e+00	
   1.6699999999999999e+00	   2.6401570403571384e-03	   1.0000000000000000e+00	
   1.6799999999999999e+00	   2.5334482079177878e-03	   1.0000000000000000e+00	
   1.6899999999999999e+00	   2.4189565880015085e-03	   1.0000000000000000e+00	
   1.7000000000000000e+00	   2.3246358295525571e-03	   1.0000000000000000e+00	
   1.7100000000000000e+00	   2.2432263172229572e-03	   1.0000000000000000e+00	
   1.7200000000000000e+00	   2.1535031369570579e-03	   1.0000000000000000e+00	
   1.7300000000000000e+00	   2.0565461051660350e-03	   1.0000000000000000e+00	
   1.7400000000000000e+00	   1.9534420025801857e-03	   1.0000000000000000e+00	
   1.7500000000000000e+00	   1.8452779932731644e-03	   1.0000000000000000e+00	
   1.7600000000000000e+00	   1.7700618732414686e-03	   1.0000000000000000e+00	
   1.7700000000000000e+00	   1.6881826349810503e-03	   1.0000000000000000e+00	
   1.7800000000000000e+00	   1.6006537317776459e-03	   1.0000000000000000e+00	
   1.7900000000000000e+00	   1.5084887764307275e-03	   1.0000000000000000e+00	
   1.8000000000000000e+00	   1.4126954152509086e-03	   1.0000000000000000e+00	
   1.8100000000000001e+00	   1.3267409042889700e-03	   1.0000000000000000e+00	
   1.8200000000000001e+00	   1.2522084747370599e-03	   1.0000000000000000e+00	
   1.8300000000000001e+00	   1.1734917160222125e-03	   1.0000000000000000e+00	
   1.8400000000000001e+00	   1.0915300087330770e-03	   1.0000000000000000e+00	
   1.8500000000000001e+00	   1.0072513609569178e-03	   1.0000000000000000e+00	
   1.8600000000000001e+00	   9.2156678428123584e-04	   1.0000000000000000e+00	
   1.8700000000000001e+00	   8.5150197461536514e-04	   1.0000000000000000e+00	
   1.8800000000000001e+00	   7.8079569363720402e-04	   1.0000000000000000e+00	
   1.8900000000000001e+00	   7.0811894486166871e-04	   1.0000000000000000e+00	
   1.9000000000000001e+00	   6.3432125502349557e-04	   1.0000000000000000e+00	
   1.9099999999999999e+00	   5.6023085952161544e-04	   1.0000000000000000e+00	
   1.9199999999999999e+00	   4.9018925884758424e-04	   1.0000000000000000e+00	
   1.9299999999999999e+00	   4.2659142555057095e-04	   1.0000000000000000e+00	
   1.9399999999999999e+00	   3.6218321829895039e-04	   1.0000000000000000e+00	
   1.9500000000000000e+00	   2.9773785107001238e-04	   1.0000000000000000e+00	
   1.9600000000000000e+00	   2.3400354832436854e-04	   1.0000000000000000e+00	
   1.9700000000000000e+00	   1.7169870149391642e-04	   1.0000000000000000e+00	
   1.9800000000000000e+00	   1.1343748690739730e-04	   1.0000000000000000e+00	
   1.9900000000000000e+00	   5.6250382051370451e-05	   1.0000000000000000e+00	
   2.0000000000000000e+00	                      NaN	   1.0000000000000000e+00	
   2.0099999999999998e+00	   5.4642543528382603e-05	   1.0000000000000000e+00	
   2.0200000000000000e+00	   1.0704527038529754e-04	   1.0000000000000000e+00	
   2.0300000000000002e+00	   1.5739227071565054e-04	   1.0000000000000000e+00	
   2.0400000000000000e+00	   2.0837314131916251e-04	   1.0000000000000000e+00	
   2.0499999999999998e+00	   2.5754590922710818e-04	   1.0000000000000000e+00	
   2.0600000000000001e+00	   3.0433321776301980e-04	   1.0000000000000000e+00	
   2.0700000000000003e+00	   3.4820421043124661e-04	   1.0000000000000000e+00	
   2.0800000000000001e+00	   3.8867707115075589e-04	   1.0000000000000000e+00	
   2.0899999999999999e+00	   4.3150425627369593e-04	   1.0000000000000000e+00	
   2.1000000000000001e+00	   4.7458260234289895e-04	   1.0000000000000000e+00	
   2.1100000000000003e+00	   5.1462736601037840e-04	   1.0000000000000000e+00	
   2.1200000000000001e+00	   5.5120154121524045e-04	   1.0000000000000000e+00	
   2.1299999999999999e+00	   5.8391618139741475e-04	   1.0000000000000000e+00	
   2.1400000000000001e+00	   6.1388468006784436e-04	   1.0000000000000000e+00	
   2.1500000000000004e+00	   6.5170191278252076e-04	   1.0000000000000000e+00	
   2.1600000000000001e+00	   6.8596118633590386e-04	   1.0000000000000000e+00	
   2.1699999999999999e+00	   7.1631171947261763e-04	   1.0000000000000000e+00	
   2.1799999999999997e+00	   7.4244925662347860e-04	   1.0000000000000000e+00	
   2.1899999999999999e+00	   7.6411641036777667e-04	   1.0000000000000000e+00	
   2.2000000000000002e+00	   7.9024955567441602e-04	   1.0000000000000000e+00	
   2.2100000000000000e+00	   8.1952137647878232e-04	   1.0000000000000000e+00	
   2.2199999999999998e+00	   8.4455538234484706e-04	   1.0000000000000000e+00	
   2.2300000000000000e+00	   8.6512422055529115e-04	   1.0000000000000000e+00	
   2.2400000000000002e+00	   8.7729585385720732e-04	   2.0000000000000000e+00	
   2.2500000000000000e+00	   8.7911311173294315e-04	   2.0000000000000000e+00	
   2.2599999999999998e+00	   8.9520023768230317e-04	   2.0000000000000000e+00	
   2.2700000000000000e+00	   9.0644883860724335e-04	   2.0000000000000000e+00	
   2.2800000000000002e+00	   9.1280377145919189e-04	   2.0000000000000000e+00	
   2.2900000000000000e+00	   9.1425466810290956e-04	   2.0000000000000000e+00	
   2.2999999999999998e+00	   9.1083405258785000e-04	   2.0000000000000000e+00	
   2.3100000000000001e+00	   9.1141659933779984e-04	   2.0000000000000000e+00	
   2.3200000000000003e+00	   9.1828339193611441e-04	   2.0000000000000000e+00	
   2.3300000000000001e+00	   9.2044934047597060e-04	   2.0000000000000000e+00	
   2.3399999999999999e+00	   9.1795437093300514e-04	   2.0000000000000000e+00	
   2.3500000000000001e+00	   9.1087567754377652e-04	   2.0000000000000000e+00	
   2.3600000000000003e+00	   8.9932562062156052e-04	   2.0000000000000000e+00	
   2.3700000000000001e+00	   9.0075481428719684e-04	   2.0000000000000000e+00	
   2.3799999999999999e+00	   8.9989430432679818e-04	   2.0000000000000000e+00	
   2.3900000000000001e+00	   8.9464725477594875e-04	   2.0000000000000000e+00	
   2.4000000000000004e+00	   8.8512530782969279e-04	   2.0000000000000000e+00	
   2.4100000000000001e+00	   8.7147031951251286e-04	   2.0000000000000000e+00	
   2.4199999999999999e+00	   8.6007650243646872e-04	   2.0000000000000000e+00	
   2.4299999999999997e+00	   8.5706119965878180e-04	   2.0000000000000000e+00	
   2.4399999999999999e+00	   8.4995924154318558e-04	   2.0000000000000000e+00	
   2.4500000000000002e+00	   8.3890818168463888e-04	   2.0000000000000000e+00	
   2.4600000000000000e+00	   8.2407140435214465e-04	   2.0000000000000000e+00	
   2.4699999999999998e+00	   8.0563598379068679e-04	   2.0000000000000000e+00	
   2.4800000000000000e+00	   7.9721240303221030e-04	   2.0000000000000000e+00	
   2.4900000000000002e+00	   7.8891193530594705e-04	   2.0000000000000000e+00	
   2.5100000000000002e+00	   1.3437329388876762e-04	   2.0000000000000000e+00	
   2.5200000000000000e+00	   1.3104684905096420e-04	   2.0000000000000000e+00	
   2.5300000000000002e+00	   1.2780432340431247e-04	   2.0000000000000000e+00	
   2.5400000000000000e+00	   1.2617933924730096e-04	   2.0000000000000000e+00	
   2.5499999999999998e+00	   1.2396783673862544e-04	   2.0000000000000000e+00	
   2.5600000000000001e+00	   1.2120432109408164e-04	   2.0000000000000000e+00	
   2.5699999999999998e+00	   1.1792642517138852e-04	   2.0000000000000000e+00	
   2.5800000000000001e+00	   1.1417450731432410e-04	   2.0000000000000000e+00	
   2.5899999999999999e+00	   1.1162505373585319e-04	   2.0000000000000000e+00	
   2.6000000000000001e+00	   1.0939271845811227e-04	   2.0000000000000000e+00	
   2.6099999999999999e+00	   1.0667481605386442e-04	   2.0000000000000000e+00	
   2.6200000000000001e+00	   1.0350941034409367e-04	   2.0000000000000000e+00	
   2.6299999999999999e+00	   9.9936693290780809e-05	   2.0000000000000000e+00	
   2.6400000000000001e+00	   9.6234708649278744e-05	   2.0000000000000000e+00	
   2.6499999999999999e+00	   9.3757409249217716e-05	   3.0000000000000000e+00	
   2.6600000000000001e+00	   9.0531255049874915e-05	   3.0000000000000000e+00	
   2.6699999999999999e+00	   8.6969414118120980e-05	   3.0000000000000000e+00	
   2.6800000000000002e+00	   8.3117232278162589e-05	   3.0000000000000000e+00	
   2.6899999999999999e+00	   7.9020109241323411e-05	   3.0000000000000000e+00	
   2.7000000000000002e+00	   7.5648364367353338e-05	   3.0000000000000000e+00	
   2.7100000000000000e+00	   7.2741537271880929e-05	   3.0000000000000000e+00	
   2.7200000000000002e+00	   6.9567003956105822e-05	   3.0000000000000000e+00	
   2.7300000000000000e+00	   6.6166165633818608e-05	   3.0000000000000000e+00	
   2.7400000000000002e+00	   6.2580128769029741e-05	   3.0000000000000000e+00	
   2.7500000000000000e+00	   5.8849390205395480e-05	   3.0000000000000000e+00	
   2.7600000000000002e+00	   5.6247104065931808e-05	   3.0000000000000000e+00	
   2.7700000000000000e+00	   5.3438576010700345e-05	   3.0000000000000000e+00	
   2.7800000000000002e+00	   5.0461214813335431e-05	   3.0000000000000000e+00	
   2.7900000000000000e+00	   4.7351861737654488e-05	   3.0000000000000000e+00	
   2.8000000000000003e+00	   4.4146519532217710e-05	   3.0000000000000000e+00	
   2.8100000000000001e+00	   4.1284600995394882e-05	   3.0000000000000000e+00	
   2.8199999999999998e+00	   3.8811629006429982e-05	   3.0000000000000000e+00	
   2.8300000000000001e+00	   3.6220991407098779e-05	   3.0000000000000000e+00	
   2.8399999999999999e+00	   3.3545379540367293e-05	   3.0000000000000000e+00	
   2.8500000000000001e+00	   3.0816476146666716e-05	   3.0000000000000000e+00	
   2.8599999999999999e+00	   2.8064741910638347e-05	   3.0000000000000000e+00	
   2.8700000000000001e+00	   2.5823244548917046e-05	   3.0000000000000000e+00	
   2.8799999999999999e+00	   2.3578185810002594e-05	   3.0000000000000000e+00	
   2.8900000000000001e+00	   2.1289297172710775e-05	   3.0000000000000000e+00	
   2.8999999999999999e+00	   1.8984169006364127e-05	   3.0000000000000000e+00	
   2.9100000000000001e+00	   1.6689083153664797e-05	   3.0000000000000000e+00	
   2.9199999999999999e+00	   1.4535815480387626e-05	   3.0000000000000000e+00	
   2.9300000000000002e+00	   1.2594135383015015e-05	   3.0000000000000000e+00	
   2.9399999999999999e+00	   1.0644200433063133e-05	   3.0000000000000000e+00	
   2.9500000000000002e+00	   8.7097723884266287e-06	   3.0000000000000000e+00	
   2.9600000000000000e+00	   6.8132541577448080e-06	   3.0000000000000000e+00	
   2.9700000000000002e+00	   4.9755600266543354e-06	   3.0000000000000000e+00	
   2.9800000000000000e+00	   3.2719519666990493e-06	   3.0000000000000000e+00	
   2.9900000000000002e+00	   1.6148388206627118e-06	   3.0000000000000000e+00	
   3.0000000000000000e+00	                      NaN	   1.0000000000000000e+00	
   3.0100000000000002e+00	   1.5537255890762935e-06	   3.0000000000000000e+00	
   3.0200000000000000e+00	   3.0289830708074561e-06	   3.0000000000000000e+00	
   3.0300000000000002e+00	   4.4317575234043005e-06	   3.0000000000000000e+00	
   3.0400000000000000e+00	   5.8389088424259938e-06	   3.0000000000000000e+00	
   3.0500000000000003e+00	   7.1816729805274093e-06	   3.0000000000000000e+00	
   3.0600000000000001e+00	   8.4444593810850677e-06	   3.0000000000000000e+00	
   3.0699999999999998e+00	   9.6131354079265208e-06	   3.0000000000000000e+00	
   3.0800000000000001e+00	   1.0675089689549111e-05	   3.0000000000000000e+00	
   3.0899999999999999e+00	   1.1792269179133896e-05	   3.0000000000000000e+00	
   3.1000000000000001e+00	   1.2905838996157826e-05	   3.0000000000000000e+00	
   3.1099999999999999e+00	   1.3924584324698230e-05	   3.0000000000000000e+00	
   3.1200000000000001e+00	   1.4837259713518236e-05	   3.0000000000000000e+00	
   3.1299999999999999e+00	   1.5634077435322524e-05	   3.0000000000000000e+00	
   3.1400000000000001e+00	   1.6346924470722612e-05	   3.0000000000000000e+00	
   3.1499999999999999e+00	   1.7268999958020004e-05	   3.0000000000000000e+00	
   3.1600000000000001e+00	   1.8085097620357260e-05	   3.0000000000000000e+00	
   3.1699999999999999e+00	   1.8786537169912521e-05	   3.0000000000000000e+00	
   3.1800000000000002e+00	   1.9366022709688124e-05	   3.0000000000000000e+00	
   3.1899999999999999e+00	   1.9817656822906926e-05	   3.0000000000000000e+00	
   3.2000000000000002e+00	   2.0386381749171179e-05	   3.0000000000000000e+00	
   3.2100000000000000e+00	   2.1035539554237204e-05	   3.0000000000000000e+00	
   3.2200000000000002e+00	   2.1564513863037149e-05	   3.0000000000000000e+00	
   3.2300000000000000e+00	   2.1968188468335370e-05	   3.0000000000000000e+00	
   3.2400000000000002e+00	   2.2242751814172124e-05	   3.0000000000000000e+00	
   3.2500000000000000e+00	   2.2385686785586500e-05	   3.0000000000000000e+00	
   3.2600000000000002e+00	   2.2898022067341373e-05	   3.0000000000000000e+00	
   3.2700000000000000e+00	   2.3287404296912229e-05	   3.0000000000000000e+00	
   3.2800000000000002e+00	   2.3550606551347997e-05	   3.0000000000000000e+00	
   3.2900000000000000e+00	   2.3685609975787614e-05	   3.0000000000000000e+00	
   3.3000000000000003e+00	   2.3691583488139045e-05	   3.0000000000000000e+00	
   3.3100000000000001e+00	   2.3802067714795427e-05	   3.0000000000000000e+00	
   3.3199999999999998e+00	   2.4079133118304341e-05	   3.0000000000000000e+00	
   3.3300000000000001e+00	   2.4231321721135402e-05	   3.0000000000000000e+00	
   3.3399999999999999e+00	   2.4258138677790697e-05	   3.0000000000000000e+00	
   3.3500000000000001e+00	   2.4160170889686583e-05	   3.0000000000000000e+00	
   3.3599999999999999e+00	   2.3939050402432827e-05	   3.0000000000000000e+00	
   3.3700000000000001e+00	   2.4067079313683237e-05	   3.0000000000000000e+00	
   3.3799999999999999e+00	   2.4132279255795197e-05	   3.0000000000000000e+00	
   3.3900000000000001e+00	   2.4076596061961553e-05	   3.0000000000000000e+00	
   3.3999999999999999e+00	   2.3901792203684380e-05	   3.0000000000000000e+00	
   3.4100000000000001e+00	   2.3610565418108465e-05	   3.0000000000000000e+00	
   3.4199999999999999e+00	   2.3378480868752050e-05	   3.0000000000000000e+00	
   3.4300000000000002e+00	   2.3375824234506126e-05	   3.0000000000000000e+00	
   3.4399999999999999e+00	   2.3258185939623033e-05	   3.0000000000000000e+00	
   3.4500000000000002e+00	   2.3028286572523982e-05	   3.0000000000000000e+00	
   3.4600000000000000e+00	   2.2689676014264748e-05	   3.0000000000000000e+00	
   3.4700000000000002e+00	   2.2246681638637966e-05	   3.0000000000000000e+00	
   3.4800000000000000e+00	   2.2081775136850723e-05	   3.0000000000000000e+00	
   3.4900000000000002e+00	   2.1918187683489521e-05	   3.0000000000000000e+00	
   3.5100000000000002e+00	   3.6433188870255151e-06	   4.0000000000000000e+00	
   3.5200000000000000e+00	   3.5436252618925579e-06	   4.0000000000000000e+00	
   3.5300000000000002e+00	   3.4466494343021736e-06	   4.0000000000000000e+00	
   3.5400000000000000e+00	   3.3937294225960812e-06	   4.0000000000000000e+00	
   3.5500000000000003e+00	   3.3252405955419562e-06	   4.0000000000000000e+00	
   3.5600000000000001e+00	   3.2422395974673890e-06	   4.0000000000000000e+00	
   3.5700000000000003e+00	   3.1458579798915309e-06	   4.0000000000000000e+00	
   3.5800000000000001e+00	   3.0372900947650550e-06	   4.0000000000000000e+00	
   3.5899999999999999e+00	   2.9612270866508084e-06	   4.0000000000000000e+00	
   3.6000000000000001e+00	   2.8939234568703398e-06	   4.0000000000000000e+00	
   3.6099999999999999e+00	   2.8140850103497428e-06	   4.0000000000000000e+00	
   3.6200000000000001e+00	   2.7228275820689873e-06	   4.0000000000000000e+00	
   3.6299999999999999e+00	   2.6213124781904185e-06	   4.0000000000000000e+00	
   3.6400000000000001e+00	   2.5169242019451588e-06	   4.0000000000000000e+00	
   3.6499999999999999e+00	   2.4520438388631050e-06	   4.0000000000000000e+00	
   3.6600000000000001e+00	   2.3765340100290189e-06	   4.0000000000000000e+00	
   3.6699999999999999e+00	   2.2914750879010626e-06	   4.0000000000000000e+00	
   3.6800000000000002e+00	   2.1979779549763379e-06	   4.0000000000000000e+00	
   3.6899999999999999e+00	   2.0971737555441905e-06	   4.0000000000000000e+00	
   3.7000000000000002e+00	   2.0148643686823675e-06	   4.0000000000000000e+00	
   3.7100000000000000e+00	   1.9442959453552788e-06	   4.0000000000000000e+00	
   3.7200000000000002e+00	   1.8659419638300534e-06	   4.0000000000000000e+00	
   3.7300000000000000e+00	   1.7808500800686744e-06	   4.0000000000000000e+00	
   3.7400000000000002e+00	   1.6900763613048042e-06	   4.0000000000000000e+00	
   3.7500000000000000e+00	   1.5946762779162071e-06	   4.0000000000000000e+00	
   3.7600000000000002e+00	   1.5292528263710636e-06	   4.0000000000000000e+00	
   3.7700000000000000e+00	   1.4576889824091666e-06	   4.0000000000000000e+00	
   3.7800000000000002e+00	   1.3809602470438165e-06	   4.0000000000000000e+00	
   3.7900000000000000e+00	   1.3000405947316551e-06	   4.0000000000000000e+00	
   3.8000000000000003e+00	   1.2158944608930966e-06	   4.0000000000000000e+00	
   3.8100000000000001e+00	   1.1406498627852812e-06	   4.0000000000000000e+00	
   3.8200000000000003e+00	   1.0756640955733587e-06	   4.0000000000000000e+00	
   3.8300000000000001e+00	   1.0069530060885512e-06	   4.0000000000000000e+00	
   3.8399999999999999e+00	   9.3540449164208894e-07	   4.0000000000000000e+00	
   3.8500000000000001e+00	   8.6188963455136047e-07	   4.0000000000000000e+00	
   3.8599999999999999e+00	   7.8725604057972021e-07	   4.0000000000000000e+00	
   3.8700000000000001e+00	   7.2650574511889943e-07	   4.0000000000000000e+00	
   3.8799999999999999e+00	   6.6526801090205367e-07	   4.0000000000000000e+00	
   3.8900000000000001e+00	   6.0240731025729133e-07	   4.0000000000000000e+00	
   3.8999999999999999e+00	   5.3870133309708024e-07	   4.0000000000000000e+00	
   3.9100000000000001e+00	   4.7489940580014434e-07	   4.0000000000000000e+00	
   3.9199999999999999e+00	   4.1476983270172241e-07	   4.0000000000000000e+00	
   3.9300000000000002e+00	   3.6034719830269069e-07	   4.0000000000000000e+00	
   3.9399999999999999e+00	   3.0537697792709650e-07	   4.0000000000000000e+00	
   3.9500000000000002e+00	   2.5054525032430774e-07	   4.0000000000000000e+00	
   3.9600000000000000e+00	   1.9650606875032395e-07	   4.0000000000000000e+00	
   3.9700000000000002e+00	   1.4387703162199728e-07	   4.0000000000000000e+00	
   3.9800000000000000e+00	   9.4857391941260971e-08	   4.0000000000000000e+00	
   3.9900000000000002e+00	   4.6934747310878322e-08	   4.0000000000000000e+00	
   4.0000000000000000e+00	                      NaN	   1.0000000000000000e+00	
   4.0099999999999998e+00	   4.5383815594490784e-08	   4.0000000000000000e+00	
   4.0199999999999996e+00	   8.8691926913853081e-08	   4.0000000000000000e+00	
   4.0300000000000002e+00	   1.3007999721814656e-07	   4.0000000000000000e+00	
   4.0400000000000000e+00	   1.7179114086829372e-07	   4.0000000000000000e+00	
   4.0500000000000007e+00	   2.1179524312131548e-07	   4.0000000000000000e+00	
   4.0600000000000005e+00	   2.4961513012122793e-07	   4.0000000000000000e+00	
   4.0700000000000003e+00	   2.8481284508607985e-07	   4.0000000000000000e+00	
   4.0800000000000001e+00	   3.1699213498548318e-07	   4.0000000000000000e+00	
   4.0899999999999999e+00	   3.5094965755710916e-07	   4.0000000000000000e+00	
   4.0999999999999996e+00	   3.8493903953273900e-07	   4.0000000000000000e+00	
   4.1099999999999994e+00	   4.1623017166259046e-07	   4.0000000000000000e+00	
   4.1200000000000001e+00	   4.4446539915199423e-07	   4.0000000000000000e+00	
   4.1299999999999999e+00	   4.6932836683666324e-07	   4.0000000000000000e+00	
   4.1400000000000006e+00	   4.9175467986550814e-07	   4.0000000000000000e+00	
   4.1500000000000004e+00	   5.2056757193774672e-07	   4.0000000000000000e+00	
   4.1600000000000001e+00	   5.4628076706642048e-07	   4.0000000000000000e+00	
   4.1699999999999999e+00	   5.6861012742714934e-07	   4.0000000000000000e+00	
   4.1799999999999997e+00	   5.8731186980409689e-07	   4.0000000000000000e+00	
   4.1899999999999995e+00	   6.0218347242013692e-07	   4.0000000000000000e+00	
   4.2000000000000002e+00	   6.2066074746347510e-07	   4.0000000000000000e+00	
   4.2100000000000000e+00	   6.4164475777062080e-07	   4.0000000000000000e+00	
   4.2200000000000006e+00	   6.5901532475542979e-07	   4.0000000000000000e+00	
   4.2300000000000004e+00	   6.7259392078078406e-07	   4.0000000000000000e+00	
   4.2400000000000002e+00	   6.8224141847039732e-07	   4.0000000000000000e+00	
   4.2500000000000000e+00	   6.8785818041483537e-07	   4.0000000000000000e+00	
   4.2599999999999998e+00	   7.0485061254288439e-07	   4.0000000000000000e+00	
   4.2699999999999996e+00	   7.1809035517844677e-07	   4.0000000000000000e+00	
   4.2799999999999994e+00	   7.2745696599874066e-07	   4.0000000000000000e+00	
   4.2900000000000000e+00	   7.3286724688870208e-07	   4.0000000000000000e+00	
   4.2999999999999998e+00	   7.3427495350664174e-07	   4.0000000000000000e+00	
   4.3100000000000005e+00	   7.3891309648743686e-07	   4.0000000000000000e+00	
   4.3200000000000003e+00	   7.4872841082651576e-07	   4.0000000000000000e+00	
   4.3300000000000001e+00	   7.5466452886807645e-07	   4.0000000000000000e+00	
   4.3399999999999999e+00	   7.5668704102582751e-07	   4.0000000000000000e+00	
   4.3499999999999996e+00	   7.5479578542925196e-07	   4.0000000000000000e+00	
   4.3599999999999994e+00	   7.4902396840492713e-07	   4.0000000000000000e+00	
   4.3700000000000001e+00	   7.5416099676317572e-07	   4.0000000000000000e+00	
   4.3799999999999999e+00	   7.5732139270812127e-07	   4.0000000000000000e+00	
   4.3900000000000006e+00	   7.5667095833509279e-07	   4.0000000000000000e+00	
   4.4000000000000004e+00	   7.5224876061597001e-07	   4.0000000000000000e+00	
   4.4100000000000001e+00	   7.4412418138436465e-07	   4.0000000000000000e+00	
   4.4199999999999999e+00	   7.3782579113057523e-07	   4.0000000000000000e+00	
   4.4299999999999997e+00	   7.3874582096067343e-07	   4.0000000000000000e+00	
   4.4399999999999995e+00	   7.3600989813904505e-07	   4.0000000000000000e+00	
   4.4499999999999993e+00	   7.2968994802025122e-07	   4.0000000000000000e+00	
   4.4600000000000000e+00	   7.1988514838139395e-07	   4.0000000000000000e+00	
   4.4699999999999998e+00	   7.0672043417374653e-07	   4.0000000000000000e+00	
   4.4800000000000004e+00	   6.9960115478551188e-07	   5.0000000000000000e+00	
   4.4900000000000002e+00	   6.9180965600601496e-07	   5.0000000000000000e+00	
   4.5099999999999998e+00	   1.0755549717522683e-07	   5.0000000000000000e+00	
   4.5199999999999996e+00	   1.0484006041089344e-07	   5.0000000000000000e+00	
   4.5299999999999994e+00	   1.0219084312090843e-07	   5.0000000000000000e+00	
   4.5400000000000000e+00	   1.0083680002104245e-07	   5.0000000000000000e+00	
   4.5499999999999998e+00	   9.9010957654854792e-08	   5.0000000000000000e+00	
   4.5600000000000005e+00	   9.6742001298721902e-08	   5.0000000000000000e+00	
   4.5700000000000003e+00	   9.4061160860192672e-08	   5.0000000000000000e+00	
   4.5800000000000001e+00	   9.1001865376583169e-08	   5.0000000000000000e+00	
   4.5899999999999999e+00	   8.8903800765649521e-08	   5.0000000000000000e+00	
   4.5999999999999996e+00	   8.7058662723293878e-08	   5.0000000000000000e+00	
   4.6099999999999994e+00	   8.4826235813295625e-08	   5.0000000000000000e+00	
   4.6200000000000001e+00	   8.2238068133122511e-08	   5.0000000000000000e+00	
   4.6299999999999999e+00	   7.9327381996563417e-08	   5.0000000000000000e+00	
   4.6400000000000006e+00	   7.6316406527610070e-08	   5.0000000000000000e+00	
   4.6500000000000004e+00	   7.4492336077369714e-08	   5.0000000000000000e+00	
   4.6600000000000001e+00	   7.2336072243217586e-08	   5.0000000000000000e+00	
   4.6699999999999999e+00	   6.9878816844060054e-08	   5.0000000000000000e+00	
   4.6799999999999997e+00	   6.7152979843498883e-08	   5.0000000000000000e+00	
   4.6899999999999995e+00	   6.4191869153518155e-08	   5.0000000000000000e+00	
   4.6999999999999993e+00	   6.1785609517528428e-08	   5.0000000000000000e+00	
   4.7100000000000000e+00	   5.9729939438923907e-08	   5.0000000000000000e+00	
   4.7199999999999998e+00	   5.7425957322720933e-08	   5.0000000000000000e+00	
   4.7300000000000004e+00	   5.4904780055764490e-08	   5.0000000000000000e+00	
   4.7400000000000002e+00	   5.2198030786598792e-08	   5.0000000000000000e+00	
   4.7500000000000000e+00	   4.9337562257889545e-08	   5.0000000000000000e+00	
   4.7599999999999998e+00	   4.7395203095490501e-08	   5.0000000000000000e+00	
   4.7699999999999996e+00	   4.5254561542584781e-08	   5.0000000000000000e+00	
   4.7799999999999994e+00	   4.2945092815216412e-08	   5.0000000000000000e+00	
   4.7900000000000000e+00	   4.0496425324221264e-08	   5.0000000000000000e+00	
   4.7999999999999998e+00	   3.7938105545975986e-08	   5.0000000000000000e+00	
   4.8100000000000005e+00	   3.5648788809794496e-08	   5.0000000000000000e+00	
   4.8200000000000003e+00	   3.3672433286113801e-08	   5.0000000000000000e+00	
   4.8300000000000001e+00	   3.1572219505449084e-08	   5.0000000000000000e+00	
   4.8399999999999999e+00	   2.9375561760858204e-08	   5.0000000000000000e+00	
   4.8499999999999996e+00	   2.7109529288082967e-08	   5.0000000000000000e+00	
   4.8599999999999994e+00	   2.4800631770460768e-08	   5.0000000000000000e+00	
   4.8700000000000001e+00	   2.2922139075731707e-08	   5.0000000000000000e+00	
   4.8799999999999999e+00	   2.1022045659790933e-08	   5.0000000000000000e+00	
   4.8900000000000006e+00	   1.9064426259873812e-08	   5.0000000000000000e+00	
   4.9000000000000004e+00	   1.7066813517985224e-08	   6.0000000000000000e+00	
   4.9100000000000001e+00	   1.5007629583507764e-08	   6.0000000000000000e+00	
   4.9199999999999999e+00	   1.3074355598163834e-08	   6.0000000000000000e+00	
   4.9299999999999997e+00	   1.1330094418227077e-08	   6.0000000000000000e+00	
   4.9399999999999995e+00	   9.5773298181001110e-09	   6.0000000000000000e+00	
   4.9499999999999993e+00	   7.8376640733068825e-09	   6.0000000000000000e+00	
   4.9600000000000000e+00	   6.1314802124456946e-09	   6.0000000000000000e+00	
   4.9699999999999998e+00	   4.4778165619874244e-09	   6.0000000000000000e+00	
   4.9800000000000004e+00	   2.9446111105002615e-09	   6.0000000000000000e+00	
   4.9900000000000002e+00	   1.4532148817636426e-09	   6.0000000000000000e+00	
   5.0000000000000000e+00	                      NaN	   1.0000000000000000e+00	
   5.0099999999999998e+00	   1.3979225554905383e-09	   6.0000000000000000e+00	
   5.0199999999999996e+00	   2.7247977207878193e-09	   6.0000000000000000e+00	
   5.0299999999999994e+00	   3.9858917277868500e-09	   6.0000000000000000e+00	
   5.0400000000000000e+00	   5.2502137082299782e-09	   6.0000000000000000e+00	
   5.0499999999999998e+00	   6.4558025592020840e-09	   6.0000000000000000e+00	
   5.0600000000000005e+00	   7.5885584482904278e-09	   6.0000000000000000e+00	
   5.0700000000000003e+00	   8.6357263562319986e-09	   6.0000000000000000e+00	
   5.0800000000000001e+00	   9.5859506998863253e-09	   6.0000000000000000e+00	
   5.0899999999999999e+00	   1.0584626286558318e-08	   6.0000000000000000e+00	
   5.0999999999999996e+00	   1.1578790592992050e-08	   6.0000000000000000e+00	
   5.1099999999999994e+00	   1.2486532918742910e-08	   6.0000000000000000e+00	
   5.1200000000000001e+00	   1.3297801526590547e-08	   6.0000000000000000e+00	
   5.1299999999999999e+00	   1.4003893600289530e-08	   6.0000000000000000e+00	
   5.1400000000000006e+00	   1.4633463774060829e-08	   6.0000000000000000e+00	
   5.1500000000000004e+00	   1.5448949897134412e-08	   6.0000000000000000e+00	
   5.1600000000000001e+00	   1.6168044902897805e-08	   6.0000000000000000e+00	
   5.1699999999999999e+00	   1.6783109235696259e-08	   6.0000000000000000e+00	
   5.1799999999999997e+00	   1.7287785647468468e-08	   6.0000000000000000e+00	
   5.1899999999999995e+00	   1.7677004748861691e-08	   6.0000000000000000e+00	
   5.1999999999999993e+00	   1.8169372895115998e-08	   6.0000000000000000e+00	
   5.2100000000000000e+00	   1.8731935780280651e-08	   6.0000000000000000e+00	
   5.2199999999999998e+00	   1.9185909527763556e-08	   6.0000000000000000e+00	
   5.2300000000000004e+00	   1.9526983585649305e-08	   6.0000000000000000e+00	
   5.2400000000000002e+00	   1.9752048774357434e-08	   6.0000000000000000e+00	
   5.2500000000000000e+00	   1.9859179190007126e-08	   6.0000000000000000e+00	
   5.2599999999999998e+00	   2.0292913127661905e-08	   6.0000000000000000e+00	
   5.2699999999999996e+00	   2.0616162332842691e-08	   6.0000000000000000e+00	
   5.2799999999999994e+00	   2.0826387059358353e-08	   6.0000000000000000e+00	
   5.2900000000000000e+00	   2.0922149790436606e-08	   6.0000000000000000e+00	
   5.2999999999999998e+00	   2.0903092701196613e-08	   6.0000000000000000e+00	
   5.3100000000000005e+00	   2.0975511771936795e-08	   6.0000000000000000e+00	
   5.3200000000000003e+00	   2.1193731436497387e-08	   6.0000000000000000e+00	
   5.3300000000000001e+00	   2.1300873953578048e-08	   6.0000000000000000e+00	
   5.3399999999999999e+00	   2.1296910901469346e-08	   6.0000000000000000e+00	
   5.3499999999999996e+00	   2.1182785525653003e-08	   6.0000000000000000e+00	
   5.3599999999999994e+00	   2.0960375657352870e-08	   6.0000000000000000e+00	
   5.3700000000000001e+00	   2.1043294662348444e-08	   6.0000000000000000e+00	
   5.3799999999999999e+00	   2.1070395206379544e-08	   6.0000000000000000e+00	
   5.3900000000000006e+00	   2.0991270943682139e-08	   6.0000000000000000e+00	
   5.4000000000000004e+00	   2.0807927048061003e-08	   6.0000000000000000e+00	
   5.4100000000000001e+00	   2.0523189148136112e-08	   6.0000000000000000e+00	
   5.4199999999999999e+00	   2.0289990576571881e-08	   6.0000000000000000e+00	
   5.4299999999999997e+00	   2.0255742194663640e-08	   6.0000000000000000e+00	
   5.4399999999999995e+00	   2.0121405430728601e-08	   6.0000000000000000e+00	
   5.4499999999999993e+00	   1.9889825120245064e-08	   6.0000000000000000e+00	
   5.4600000000000000e+00	   1.9564564746055169e-08	   6.0000000000000000e+00	
   5.4699999999999998e+00	   1.9149851482325175e-08	   6.0000000000000000e+00	
   5.4800000000000004e+00	   1.8975000237730910e-08	   6.0000000000000000e+00	
   5.4900000000000002e+00	   1.8801257217759826e-08	   6.0000000000000000e+00	
   5.5099999999999998e+00	   3.2029202623462538e-09	   7.0000000000000000e+00	
   5.5199999999999996e+00	   3.1161998537143631e-09	   7.0000000000000000e+00	
   5.5299999999999994e+00	   3.0317388599598871e-09	   7.0000000000000000e+00	
   5.5400000000000000e+00	   2.9859184014213724e-09	   7.0000000000000000e+00	
   5.5499999999999998e+00	   2.9262989809097917e-09	   7.0000000000000000e+00	
   5.5600000000000005e+00	   2.8538057472715650e-09	   7.0000000000000000e+00	
   5.5700000000000003e+00	   2.7694342374928738e-09	   7.0000000000000000e+00	
   5.5800000000000001e+00	   2.6742350556219208e-09	   7.0000000000000000e+00	
   5.5899999999999999e+00	   2.6075681613946244e-09	   7.0000000000000000e+00	
   5.5999999999999996e+00	   2.5485360488630704e-09	   7.0000000000000000e+00	
   5.6099999999999994e+00	   2.4783910479442284e-09	   7.0000000000000000e+00	
   5.6200000000000001e+00	   2.3981185925947557e-09	   7.0000000000000000e+00	
   5.6299999999999999e+00	   2.3087470824023626e-09	   7.0000000000000000e+00	
   5.6400000000000006e+00	   2.2167878643841732e-09	   7.0000000000000000e+00	
   5.6500000000000004e+00	   2.1595742971669551e-09	   7.0000000000000000e+00	
   5.6600000000000001e+00	   2.0929520339052488e-09	   7.0000000000000000e+00	
   5.6699999999999999e+00	   2.0178778648016760e-09	   7.0000000000000000e+00	
   5.6799999999999997e+00	   1.9353392222143384e-09	   7.0000000000000000e+00	
   5.6899999999999995e+00	   1.8463401918467071e-09	   7.0000000000000000e+00	
   5.6999999999999993e+00	   1.7736024870984579e-09	   7.0000000000000000e+00	
   5.7100000000000000e+00	   1.7111798644720011e-09	   7.0000000000000000e+00	
   5.7199999999999998e+00	   1.6418888471037008e-09	   7.0000000000000000e+00	
   5.7300000000000004e+00	   1.5666614672227297e-09	   7.0000000000000000e+00	
   5.7400000000000002e+00	   1.4864351971510814e-09	   7.0000000000000000e+00	
   5.7500000000000000e+00	   1.4021475092107494e-09	   7.0000000000000000e+00	
   5.7599999999999998e+00	   1.3442247315254008e-09	   7.0000000000000000e+00	
   5.7699999999999996e+00	   1.2809103777655650e-09	   7.0000000000000000e+00	
   5.7799999999999994e+00	   1.2130709770019621e-09	   7.0000000000000000e+00	
   5.7900000000000000e+00	   1.1415717260376823e-09	   7.0000000000000000e+00	
   5.7999999999999998e+00	   1.0672673855793846e-09	   7.0000000000000000e+00	
   5.8100000000000005e+00	   1.0008083251022981e-09	   7.0000000000000000e+00	
   5.8200000000000003e+00	   9.4337981870751264e-10	   7.0000000000000000e+00	
   5.8300000000000001e+00	   8.8271456810673499e-10	   7.0000000000000000e+00	
   5.8399999999999999e+00	   8.1960005449133178e-10	   7.0000000000000000e+00	
   5.8499999999999996e+00	   7.5480688366269533e-10	   7.0000000000000000e+00	
   5.8599999999999994e+00	   6.8908456718475009e-10	   7.0000000000000000e+00	
   5.8700000000000001e+00	   6.3556138130138606e-10	   7.0000000000000000e+00	
   5.8799999999999999e+00	   5.8165749994287808e-10	   7.0000000000000000e+00	
   5.8900000000000006e+00	   5.2638515768421712e-10	   7.0000000000000000e+00	
   5.9000000000000004e+00	   4.7043013928771416e-10	   7.0000000000000000e+00	
   5.9100000000000001e+00	   4.1445002985085466e-10	   7.0000000000000000e+00	
   5.9199999999999999e+00	   3.6173553041862760e-10	   7.0000000000000000e+00	
   5.9299999999999997e+00	   3.1405833489372981e-10	   7.0000000000000000e+00	
   5.9399999999999995e+00	   2.6596258528854833e-10	   7.0000000000000000e+00	
   5.9500000000000002e+00	   2.1804957839322014e-10	   7.0000000000000000e+00	
   5.9600000000000000e+00	   1.7089185622154446e-10	   7.0000000000000000e+00	
   5.9699999999999998e+00	   1.2502698876204477e-10	   7.0000000000000000e+00	
   5.9800000000000004e+00	   8.2364670639378801e-11	   7.0000000000000000e+00	
   5.9900000000000002e+00	   4.0720538052596567e-11	   7.0000000000000000e+00	
   6.0000000000000000e+00	                      NaN	   1.0000000000000000e+00	
   6.0099999999999998e+00	   3.9308778454483218e-11	   7.0000000000000000e+00	
   6.0199999999999996e+00	   7.6752271205293709e-11	   7.0000000000000000e+00	
   6.0300000000000002e+00	   1.1246770181827515e-10	   7.0000000000000000e+00	
   6.0400000000000000e+00	   1.4839496298435506e-10	   7.0000000000000000e+00	
   6.0499999999999998e+00	   1.8277956925771832e-10	   7.0000000000000000e+00	
   6.0600000000000005e+00	   2.1521162629767332e-10	   7.0000000000000000e+00	
   6.0700000000000003e+00	   2.4531709996722384e-10	   7.0000000000000000e+00	
   6.0800000000000001e+00	   2.7276070291293308e-10	   7.0000000000000000e+00	
   6.0899999999999999e+00	   3.0167224274180171e-10	   7.0000000000000000e+00	
   6.0999999999999996e+00	   3.3054470272020353e-10	   7.0000000000000000e+00	
   6.1099999999999994e+00	   3.5703351386473514e-10	   7.0000000000000000e+00	
   6.1200000000000001e+00	   3.8084024822637730e-10	   7.0000000000000000e+00	
   6.1299999999999999e+00	   4.0170045068066429e-10	   7.0000000000000000e+00	
   6.1399999999999997e+00	   4.2042214154491830e-10	   7.0000000000000000e+00	
   6.1500000000000004e+00	   4.4454551151318356e-10	   7.0000000000000000e+00	
   6.1600000000000001e+00	   4.6596038139057327e-10	   7.0000000000000000e+00	
   6.1699999999999999e+00	   4.8443182798507678e-10	   7.0000000000000000e+00	
   6.1799999999999997e+00	   4.9976200955370587e-10	   7.0000000000000000e+00	
   6.1899999999999995e+00	   5.1178838944565541e-10	   7.0000000000000000e+00	
   6.2000000000000002e+00	   5.2683502005379523e-10	   7.0000000000000000e+00	
   6.2100000000000000e+00	   5.4395732362877425e-10	   7.0000000000000000e+00	
   6.2199999999999998e+00	   5.5796522957507477e-10	   7.0000000000000000e+00	
   6.2300000000000004e+00	   5.6871773956856941e-10	   7.0000000000000000e+00	
   6.2400000000000002e+00	   5.7611060366724587e-10	   7.0000000000000000e+00	
   6.2500000000000000e+00	   5.8007199044141089e-10	   7.0000000000000000e+00	
   6.2599999999999998e+00	   5.9359051007845665e-10	   7.0000000000000000e+00	
   6.2699999999999996e+00	   6.0390248357578002e-10	   7.0000000000000000e+00	
   6.2800000000000002e+00	   6.1091987024752825e-10	   7.0000000000000000e+00	
   6.2900000000000000e+00	   6.1458682587556268e-10	   7.0000000000000000e+00	
   6.2999999999999998e+00	   6.1487814839722432e-10	   7.0000000000000000e+00	
   6.3100000000000005e+00	   6.1785621063847884e-10	   7.0000000000000000e+00	
   6.3200000000000003e+00	   6.2513505483252629e-10	   7.0000000000000000e+00	
   6.3300000000000001e+00	   6.2914451426365758e-10	   7.0000000000000000e+00	
   6.3399999999999999e+00	   6.2987082216636736e-10	   7.0000000000000000e+00	
   6.3499999999999996e+00	   6.2732774530616098e-10	   7.0000000000000000e+00	
   6.3599999999999994e+00	   6.2155880442560374e-10	   7.0000000000000000e+00	
   6.3700000000000001e+00	   6.2483296314752579e-10	   7.0000000000000000e+00	
   6.3799999999999999e+00	   6.2644822662605293e-10	   7.0000000000000000e+00	
   6.3899999999999997e+00	   6.2489768914986143e-10	   7.0000000000000000e+00	
   6.4000000000000004e+00	   6.2022764701907818e-10	   7.0000000000000000e+00	
   6.4100000000000001e+00	   6.1251226313174811e-10	   7.0000000000000000e+00	
   6.4199999999999999e+00	   6.0631011322698214e-10	   7.0000000000000000e+00	
   6.4299999999999997e+00	   6.0603788654134405e-10	   7.0000000000000000e+00	
   6.4399999999999995e+00	   6.0275784363739149e-10	   7.0000000000000000e+00	
   6.4500000000000002e+00	   5.9654670092612605e-10	   7.0000000000000000e+00	
   6.4600000000000000e+00	   5.8750004860996796e-10	   7.0000000000000000e+00	
   6.4699999999999998e+00	   5.7573523726262010e-10	   7.0000000000000000e+00	
   6.4800000000000004e+00	   5.7115534524143641e-10	   7.0000000000000000e+00	
   6.4900000000000002e+00	   5.6659033020878269e-10	   7.0000000000000000e+00	
   6.5099999999999998e+00	   9.1425866877159478e-11	   8.0000000000000000e+00	
   6.5199999999999996e+00	   8.9090956834070312e-11	   8.0000000000000000e+00	
   6.5300000000000002e+00	   8.6810447719187778e-11	   8.0000000000000000e+00	
   6.5400000000000000e+00	   8.5631057800128474e-11	   8.0000000000000000e+00	
   6.5499999999999998e+00	   8.4050544302272101e-11	   8.0000000000000000e+00	
   6.5600000000000005e+00	   8.2093776221370263e-11	   8.0000000000000000e+00	
   6.5700000000000003e+00	   7.9787731976921350e-11	   8.0000000000000000e+00	
   6.5800000000000001e+00	   7.7161499412170542e-11	   8.0000000000000000e+00	
   6.5899999999999999e+00	   7.5351058725914299e-11	   8.0000000000000000e+00	
   6.5999999999999996e+00	   7.3755224150318099e-11	   8.0000000000000000e+00	
   6.6099999999999994e+00	   7.1831429693247628e-11	   8.0000000000000000e+00	
   6.6200000000000001e+00	   6.9606986841108665e-11	   8.0000000000000000e+00	
   6.6299999999999999e+00	   6.7111094459448850e-11	   8.0000000000000000e+00	
   6.6399999999999997e+00	   6.4531713306337224e-11	   8.0000000000000000e+00	
   6.6500000000000004e+00	   6.2957083990511364e-11	   8.0000000000000000e+00	
   6.6600000000000001e+00	   6.1102123360967653e-11	   8.0000000000000000e+00	
   6.6699999999999999e+00	   5.8994475971019256e-11	   8.0000000000000000e+00	
   6.6799999999999997e+00	   5.6661786373979339e-11	   8.0000000000000000e+00	
   6.6899999999999995e+00	   5.4131810145463533e-11	   8.0000000000000000e+00	
   6.7000000000000002e+00	   5.2072457457086330e-11	   8.0000000000000000e+00	
   6.7100000000000000e+00	   5.0309312271679119e-11	   8.0000000000000000e+00	
   6.7199999999999998e+00	   4.8338888447574391e-11	   8.0000000000000000e+00	
   6.7300000000000004e+00	   4.6186832136640987e-11	   8.0000000000000000e+00	
   6.7400000000000002e+00	   4.3881343003704387e-11	   8.0000000000000000e+00	
   6.7500000000000000e+00	   4.1449288445960519e-11	   8.0000000000000000e+00	
   6.7599999999999998e+00	   3.9790393202565610e-11	   8.0000000000000000e+00	
   6.7699999999999996e+00	   3.7966962906921253e-11	   8.0000000000000000e+00	
   6.7800000000000002e+00	   3.6003866554779052e-11	   8.0000000000000000e+00	
   6.7900000000000000e+00	   3.3926195186495534e-11	   8.0000000000000000e+00	
   6.7999999999999998e+00	   3.1759483931637078e-11	   8.0000000000000000e+00	
   6.8100000000000005e+00	   2.9820812486036630e-11	   8.0000000000000000e+00	
   6.8200000000000003e+00	   2.8145707986482194e-11	   8.0000000000000000e+00	
   6.8300000000000001e+00	   2.6369351147081943e-11	   8.0000000000000000e+00	
   6.8399999999999999e+00	   2.4515611762865319e-11	   8.0000000000000000e+00	
   6.8499999999999996e+00	   2.2605917138207587e-11	   8.0000000000000000e+00	
   6.8599999999999994e+00	   2.0663470934323414e-11	   8.0000000000000000e+00	
   6.8700000000000001e+00	   1.9082291302652266e-11	   8.0000000000000000e+00	
   6.8799999999999999e+00	   1.7485346504031440e-11	   8.0000000000000000e+00	
   6.8899999999999997e+00	   1.5843548695215759e-11	   8.0000000000000000e+00	
   6.9000000000000004e+00	   1.4176659846043549e-11	   8.0000000000000000e+00	
   6.9100000000000001e+00	   1.2504663970958063e-11	   8.0000000000000000e+00	
   6.9199999999999999e+00	   1.0927481142175566e-11	   8.0000000000000000e+00	
   6.9299999999999997e+00	   9.4986241094829893e-12	   8.0000000000000000e+00	
   6.9399999999999995e+00	   8.0531137314210355e-12	   8.0000000000000000e+00	
   6.9500000000000002e+00	   6.6107119778280321e-12	   8.0000000000000000e+00	
   6.9600000000000000e+00	   5.1868509487462688e-12	   8.0000000000000000e+00	
   6.9699999999999998e+00	   3.7995162571746732e-12	   8.0000000000000000e+00	
   6.9800000000000004e+00	   2.5056623442765158e-12	   8.0000000000000000e+00	
   6.9900000000000002e+00	   1.2403411631112249e-12	   8.0000000000000000e+00	
   7.0000000000000000e+00	                      NaN	   1.0000000000000000e+00	
   7.0099999999999998e+00	   1.2002621119222567e-12	   8.0000000000000000e+00	
   7.0199999999999996e+00	   2.3455681841255682e-12	   8.0000000000000000e+00	
   7.0300000000000002e+00	   3.4411362648256727e-12	   8.0000000000000000e+00	
   7.0400000000000000e+00	   4.5452530628153909e-12	   8.0000000000000000e+00	
   7.0499999999999998e+00	   5.6046278729127152e-12	   8.0000000000000000e+00	
   7.0599999999999996e+00	   6.6060490411246064e-12	   8.0000000000000000e+00	
   7.0700000000000003e+00	   7.5386363818097379e-12	   8.0000000000000000e+00	
   7.0800000000000001e+00	   8.3906215309070831e-12	   8.0000000000000000e+00	
   7.0899999999999999e+00	   9.2899021808534599e-12	   8.0000000000000000e+00	
   7.0999999999999996e+00	   1.0190071009219537e-11	   8.0000000000000000e+00	
   7.1100000000000003e+00	   1.1018075340984979e-11	   8.0000000000000000e+00	
   7.1200000000000001e+00	   1.1764922369650321e-11	   8.0000000000000000e+00	
   7.1299999999999999e+00	   1.2422063377925951e-11	   8.0000000000000000e+00	
   7.1399999999999997e+00	   1.3014145316958547e-11	   8.0000000000000000e+00	
   7.1500000000000004e+00	   1.3775203200339092e-11	   8.0000000000000000e+00	
   7.1600000000000001e+00	   1.4453549468385063e-11	   8.0000000000000000e+00	
   7.1699999999999999e+00	   1.5041301537621621e-11	   8.0000000000000000e+00	
   7.1799999999999997e+00	   1.5532908292925640e-11	   8.0000000000000000e+00	
   7.1899999999999995e+00	   1.5922596574569070e-11	   8.0000000000000000e+00	
   7.2000000000000002e+00	   1.6406653813305638e-11	   8.0000000000000000e+00	
   7.2100000000000000e+00	   1.6956325232797553e-11	   8.0000000000000000e+00	
   7.2199999999999998e+00	   1.7409629293752005e-11	   8.0000000000000000e+00	
   7.2300000000000004e+00	   1.7762569193280342e-11	   8.0000000000000000e+00	
   7.2400000000000002e+00	   1.8010593016981602e-11	   8.0000000000000000e+00	
   7.2500000000000000e+00	   1.8151369296504072e-11	   8.0000000000000000e+00	
   7.2599999999999998e+00	   1.8592016814977796e-11	   8.0000000000000000e+00	
   7.2699999999999996e+00	   1.8932189149722944e-11	   8.0000000000000000e+00	
   7.2800000000000002e+00	   1.9170220966202578e-11	   8.0000000000000000e+00	
   7.2900000000000000e+00	   1.9303003639947747e-11	   8.0000000000000000e+00	
   7.2999999999999998e+00	   1.9329537970236288e-11	   8.0000000000000000e+00	
   7.3099999999999996e+00	   1.9440671295001266e-11	   8.0000000000000000e+00	
   7.3200000000000003e+00	   1.9687584895677901e-11	   8.0000000000000000e+00	
   7.3300000000000001e+00	   1.9831025710459471e-11	   8.0000000000000000e+00	
   7.3399999999999999e+00	   1.9871326806253364e-11	   8.0000000000000000e+00	
   7.3499999999999996e+00	   1.9808377160757118e-11	   8.0000000000000000e+00	
   7.3600000000000003e+00	   1.9643398019297820e-11	   8.0000000000000000e+00	
   7.3700000000000001e+00	   1.9763524150562262e-11	   8.0000000000000000e+00	
   7.3799999999999999e+00	   1.9831691844274246e-11	   8.0000000000000000e+00	
   7.3899999999999997e+00	   1.9799495376560117e-11	   8.0000000000000000e+00	
   7.4000000000000004e+00	   1.9667822925839573e-11	   8.0000000000000000e+00	
   7.4100000000000001e+00	   1.9439116982766791e-11	   8.0000000000000000e+00	
   7.4199999999999999e+00	   1.9258150629752890e-11	   8.0000000000000000e+00	
   7.4299999999999997e+00	   1.9265478101715416e-11	   8.0000000000000000e+00	
   7.4399999999999995e+00	   1.9176549237442941e-11	   8.0000000000000000e+00	
   7.4500000000000002e+00	   1.8994139594497028e-11	   8.0000000000000000e+00	
   7.4600000000000000e+00	   1.8720913708136777e-11	   8.0000000000000000e+00	
   7.4699999999999998e+00	   1.8360313269738526e-11	   8.0000000000000000e+00	
   7.4800000000000004e+00	   1.8229528997437683e-11	   8.0000000000000000e+00	
   7.4900000000000002e+00	   1.8097079390599902e-11	   8.0000000000000000e+00	
   7.5099999999999998e+00	   3.9431791165611685e-12	   8.0000000000000000e+00	
   7.5199999999999996e+00	   3.8553604753133186e-12	   8.0000000000000000e+00	
   7.5300000000000002e+00	   3.7678749009728563e-12	   8.0000000000000000e+00	
   7.5400000000000000e+00	   3.7283509612962007e-12	   8.0000000000000000e+00	
   7.5499999999999998e+00	   3.6711744755280051e-12	   8.0000000000000000e+00	
   7.5599999999999996e+00	   3.5975666889953573e-12	   8.0000000000000000e+00	
   7.5700000000000003e+00	   3.5071945347908695e-12	   8.0000000000000000e+00	
   7.5800000000000001e+00	   3.4023894812662547e-12	   8.0000000000000000e+00	
   7.5899999999999999e+00	   3.3333336091345700e-12	   8.0000000000000000e+00	
   7.5999999999999996e+00	   3.2728264542924990e-12	   8.0000000000000000e+00	
   7.6100000000000003e+00	   3.1976643555253759e-12	   8.0000000000000000e+00	
   7.6200000000000001e+00	   3.1081803797405883e-12	   8.0000000000000000e+00	
   7.6299999999999999e+00	   3.0058178168701488e-12	   8.0000000000000000e+00	
   7.6399999999999997e+00	   2.8994584511110588e-12	   8.0000000000000000e+00	
   7.6500000000000004e+00	   2.8371749394295875e-12	   8.0000000000000000e+00	
   7.6600000000000001e+00	   2.7621238629649270e-12	   8.0000000000000000e+00	
   7.6699999999999999e+00	   2.6751934001367772e-12	   8.0000000000000000e+00	
   7.6799999999999997e+00	   2.5774937739697634e-12	   8.0000000000000000e+00	
   7.6900000000000004e+00	   2.4700241851860483e-12	   8.0000000000000000e+00	
   7.7000000000000002e+00	   2.3832047446603610e-12	   8.0000000000000000e+00	
   7.7100000000000000e+00	   2.3093749135227881e-12	   8.0000000000000000e+00	
   7.7199999999999998e+00	   2.2262192089783639e-12	   8.0000000000000000e+00	
   7.7300000000000004e+00	   2.1330714972123133e-12	   8.0000000000000000e+00	
   7.7400000000000002e+00	   2.0330404026935867e-12	   8.0000000000000000e+00	
   7.7500000000000000e+00	   1.9260149031197216e-12	   8.0000000000000000e+00	
   7.7599999999999998e+00	   1.8547385849387865e-12	   8.0000000000000000e+00	
   7.7699999999999996e+00	   1.7749135494682378e-12	   8.0000000000000000e+00	
   7.7800000000000002e+00	   1.6882051312450130e-12	   8.0000000000000000e+00	
   7.7900000000000000e+00	   1.5955015086888125e-12	   8.0000000000000000e+00	
   7.7999999999999998e+00	   1.4980239271267237e-12	   8.0000000000000000e+00	
   7.8099999999999996e+00	   1.4110934642985740e-12	   8.0000000000000000e+00	
   7.8200000000000003e+00	   1.3358203432289883e-12	   8.0000000000000000e+00	
   7.8300000000000001e+00	   1.2552181516412020e-12	   8.0000000000000000e+00	
   7.8399999999999999e+00	   1.1703971125598400e-12	   8.0000000000000000e+00	
   7.8499999999999996e+00	   1.0824674490095276e-12	   8.0000000000000000e+00	
   7.8600000000000003e+00	   9.9209529480503988e-13	   8.0000000000000000e+00	
   7.8700000000000001e+00	   9.1926466438962962e-13	   8.0000000000000000e+00	
   7.8799999999999999e+00	   8.4476869943728161e-13	   8.0000000000000000e+00	
   7.8899999999999997e+00	   7.6760819922583323e-13	   8.0000000000000000e+00	
   7.9000000000000004e+00	   6.8900440908237215e-13	   8.0000000000000000e+00	
   7.9100000000000001e+00	   6.0906835130936088e-13	   8.0000000000000000e+00	
   7.9199999999999999e+00	   5.3379523023977526e-13	   8.0000000000000000e+00	
   7.9299999999999997e+00	   4.6562753652779065e-13	   8.0000000000000000e+00	
   7.9400000000000004e+00	   3.9590553058133082e-13	   8.0000000000000000e+00	
   7.9500000000000002e+00	   3.2618352463487099e-13	   8.0000000000000000e+00	
   7.9600000000000000e+00	   2.5657254099087368e-13	   8.0000000000000000e+00	
   7.9699999999999998e+00	   1.8873791418627661e-13	   8.0000000000000000e+00	
   7.9800000000000004e+00	   1.2456702336294256e-13	   8.0000000000000000e+00	
   7.9900000000000002e+00	   6.1950444774083735e-14	   8.0000000000000000e+00	
   8.0000000000000000e+00	                      NaN	   1.0000000000000000e+00	
