   5.1000000000000001e-01	   6.1799446285446369e-01	   1.0000000000000000e+00	
   5.2000000000000002e-01	   6.1029380151515933e-01	   1.0000000000000000e+00	
   5.3000000000000003e-01	   6.0271518163791993e-01	   1.0000000000000000e+00	
   5.4000000000000004e-01	   5.9739262915451197e-01	   1.0000000000000000e+00	
   5.5000000000000004e-01	   5.9138458528633753e-01	   1.0000000000000000e+00	
   5.6000000000000005e-01	   5.8466907867710638e-01	   1.0000000000000000e+00	
   5.7000000000000006e-01	   5.7722397678182946e-01	   1.0000000000000000e+00	
   5.7999999999999996e-01	   5.6902716595577307e-01	   1.0000000000000000e+00	
   5.8999999999999997e-01	   5.6273667648836678e-01	   1.0000000000000000e+00	
   5.9999999999999998e-01	   5.5705066107034096e-01	   1.0000000000000000e+00	
   6.0999999999999999e-01	   5.5062249049220036e-01	   1.0000000000000000e+00	
   6.2000000000000000e-01	   5.4343391221968296e-01	   1.0000000000000000e+00	
   6.3000000000000000e-01	   5.3546688696528266e-01	   1.0000000000000000e+00	
   6.4000000000000001e-01	   5.2716730925435340e-01	   1.0000000000000000e+00	
   6.5000000000000002e-01	   5.2179306575843232e-01	   1.0000000000000000e+00	
   6.6000000000000003e-01	   5.1564583635497274e-01	   1.0000000000000000e+00	
   6.7000000000000004e-01	   5.0871120020203819e-01	   1.0000000000000000e+00	
   6.7999999999999994e-01	   5.0097516329469949e-01	   1.0000000000000000e+00	
   6.8999999999999995e-01	   4.9242447202197259e-01	   1.0000000000000000e+00	
   6.9999999999999996e-01	   4.8544009450537895e-01	   1.0000000000000000e+00	
   7.0999999999999996e-01	   4.7956207804454076e-01	   1.0000000000000000e+00	
   7.1999999999999997e-01	   4.7287374811925875e-01	   1.0000000000000000e+00	
   7.2999999999999998e-01	   4.6536507569720431e-01	   1.0000000000000000e+00	
   7.3999999999999999e-01	   4.5702704462513599e-01	   1.0000000000000000e+00	
   7.5000000000000000e-01	   4.4785204153284119e-01	   1.0000000000000000e+00	
   7.6000000000000001e-01	   4.4222451707246047e-01	   1.0000000000000000e+00	
   7.7000000000000002e-01	   4.3576825523282270e-01	   1.0000000000000000e+00	
   7.8000000000000003e-01	   4.2847705714329687e-01	   1.0000000000000000e+00	
   7.9000000000000004e-01	   4.2034602416525202e-01	   1.0000000000000000e+00	
   8.0000000000000004e-01	   4.1137197541376225e-01	   1.0000000000000000e+00	
   8.1000000000000005e-01	   4.0351592439881123e-01	   1.0000000000000000e+00	
   8.2000000000000006e-01	   3.9726933215965454e-01	   1.0000000000000000e+00	
   8.3000000000000007e-01	   3.9017798657792002e-01	   1.0000000000000000e+00	
   8.4000000000000008e-01	   3.8224093475062670e-01	   1.0000000000000000e+00	
   8.5000000000000009e-01	   3.7345926489717174e-01	   1.0000000000000000e+00	
   8.5999999999999999e-01	   3.6383657844289852e-01	   1.0000000000000000e+00	
   8.7000000000000000e-01	   3.5727907219550215e-01	   1.0000000000000000e+00	
   8.8000000000000000e-01	   3.5036076544996153e-01	   1.0000000000000000e+00	
   8.9000000000000001e-01	   3.4259593830318891e-01	   1.0000000000000000e+00	
   9.0000000000000002e-01	   3.3398973937496312e-01	   1.0000000000000000e+00	
   9.1000000000000003e-01	   3.2455017074255355e-01	   1.0000000000000000e+00	
   9.1999999999999993e-01	   3.1572691157958099e-01	   1.0000000000000000e+00	
   9.2999999999999994e-01	   3.0894421975828612e-01	   1.0000000000000000e+00	
   9.3999999999999995e-01	   3.0131975542134748e-01	   1.0000000000000000e+00	
   9.4999999999999996e-01	   2.9286248044633423e-01	   1.0000000000000000e+00	
   9.5999999999999996e-01	   2.8358455500536583e-01	   1.0000000000000000e+00	
   9.6999999999999997e-01	   2.7350184083770968e-01	   1.0000000000000000e+00	
   9.7999999999999998e-01	   2.6587319336904458e-01	   1.0000000000000000e+00	
   9.8999999999999999e-01	   2.5834581327585493e-01	   1.0000000000000000e+00	
   1.0000000000000000e+00	                      NaN	   1.0000000000000000e+00	
   1.0100000000000000e+00	   2.4085180259193006e-01	   1.0000000000000000e+00	
   1.0200000000000000e+00	   2.3092130733756866e-01	   1.0000000000000000e+00	
   1.0300000000000000e+00	   2.2111871950491424e-01	   1.0000000000000000e+00	
   1.0400000000000000e+00	   2.1363250950266011e-01	   1.0000000000000000e+00	
   1.0500000000000000e+00	   2.0534856889155972e-01	   1.0000000000000000e+00	
   1.0600000000000001e+00	   1.9628655102493464e-01	   1.0000000000000000e+00	
   1.0700000000000001e+00	   1.8647048276014899e-01	   1.0000000000000000e+00	
   1.0800000000000001e+00	   1.7592924435027479e-01	   1.0000000000000000e+00	
   1.0899999999999999e+00	   1.6716349876760261e-01	   1.0000000000000000e+00	
   1.1000000000000001e+00	   1.5887860396511322e-01	   1.0000000000000000e+00	
   1.1099999999999999e+00	   1.4984646377347899e-01	   1.0000000000000000e+00	
   1.1200000000000001e+00	   1.4009476049552350e-01	   1.0000000000000000e+00	
   1.1299999999999999e+00	   1.2965633259960863e-01	   1.0000000000000000e+00	
   1.1400000000000001e+00	   1.1894792540530663e-01	   1.0000000000000000e+00	
   1.1499999999999999e+00	   1.1058503600108471e-01	   1.0000000000000000e+00	
   1.1600000000000001e+00	   1.0151270462501649e-01	   1.0000000000000000e+00	
   1.1699999999999999e+00	   9.1761996464208906e-02	   1.0000000000000000e+00	
   1.1800000000000002e+00	   8.1369431632739797e-02	   1.0000000000000000e+00	
   1.1899999999999999e+00	   7.0377389559639236e-02	   1.0000000000000000e+00	
   1.2000000000000002e+00	   6.0487595261137228e-02	   1.0000000000000000e+00	
   1.2100000000000000e+00	   5.1290361956327413e-02	   1.0000000000000000e+00	
   1.2200000000000000e+00	   4.1463044254116510e-02	   1.0000000000000000e+00	
   1.2300000000000000e+00	   3.7329561072246942e-02	   1.0000000000000000e+00	
   1.2400000000000000e+00	   3.8570783968625899e-02	   1.0000000000000000e+00	
   1.2500000000000000e+00	   3.9610612127037426e-02	   1.0000000000000000e+00	
   1.2600000000000000e+00	   4.1373175002811124e-02	   1.0000000000000000e+00	
   1.2700000000000000e+00	   4.2962722436796996e-02	   1.0000000000000000e+00	
   1.2800000000000000e+00	   4.4360451666715650e-02	   1.0000000000000000e+00	
   1.2900000000000000e+00	   4.5548962037536556e-02	   1.0000000000000000e+00	
   1.3000000000000000e+00	   4.6512405079490615e-02	   1.0000000000000000e+00	
   1.3100000000000001e+00	   4.7721002997508366e-02	   1.0000000000000000e+00	
   1.3200000000000001e+00	   4.9321638541618751e-02	   1.0000000000000000e+00	
   1.3300000000000001e+00	   5.0707043560376586e-02	   1.0000000000000000e+00	
   1.3399999999999999e+00	   5.1860996096459555e-02	   1.0000000000000000e+00	
   1.3500000000000001e+00	   5.2768934149697411e-02	   1.0000000000000000e+00	
   1.3599999999999999e+00	   5.3418067938582059e-02	   1.0000000000000000e+00	
   1.3700000000000001e+00	   5.4906103970509545e-02	   1.0000000000000000e+00	
   1.3799999999999999e+00	   5.6294199625784525e-02	   1.0000000000000000e+00	
   1.3900000000000001e+00	   5.7431358569123292e-02	   1.0000000000000000e+00	
   1.3999999999999999e+00	   5.8304251588326306e-02	   1.0000000000000000e+00	
   1.4100000000000001e+00	   5.8901387027634589e-02	   1.0000000000000000e+00	
   1.4199999999999999e+00	   5.9666647593950684e-02	   1.0000000000000000e+00	
   1.4300000000000002e+00	   6.1070808861879655e-02	   1.0000000000000000e+00	
   1.4399999999999999e+00	   6.2207271127116215e-02	   1.0000000000000000e+00	
   1.4500000000000002e+00	   6.3063876521648465e-02	   1.0000000000000000e+00	
   1.4600000000000000e+00	   6.3630350960152793e-02	   1.0000000000000000e+00	
   1.4700000000000000e+00	   6.3898365454501116e-02	   1.0000000000000000e+00	
   1.4800000000000000e+00	   6.4235801018776906e-02	   1.0000000000000000e+00	
   1.4900000000000000e+00	   6.5397910799029901e-02	   1.0000000000000000e+00	
   1.5100000000000000e+00	   4.5385714806647659e-02	   1.0000000000000000e+00	
   1.5200000000000000e+00	   4.3407530870871902e-02	   1.0000000000000000e+00	
   1.5300000000000000e+00	   4.2277427558765734e-02	   1.0000000000000000e+00	
   1.5400000000000000e+00	   4.0981090676611376e-02	   1.0000000000000000e+00	
   1.5500000000000000e+00	   3.9535069464926575e-02	   1.0000000000000000e+00	
   1.5600000000000001e+00	   3.7957970367107796e-02	   1.0000000000000000e+00	
   1.5700000000000001e+00	   3.6268366247989792e-02	   1.0000000000000000e+00	
   1.5800000000000001e+00	   3.4484675897367589e-02	   1.0000000000000000e+00	
   1.5900000000000001e+00	   3.3110182718187997e-02	   1.0000000000000000e+00	
   1.6000000000000001e+00	   3.1865919544637689e-02	   1.0000000000000000e+00	
   1.6100000000000001e+00	   3.0515360280173986e-02	   1.0000000000000000e+00	
   1.6200000000000001e+00	   2.9075172706972574e-02	   1.0000000000000000e+00	
   1.6300000000000001e+00	   2.7561796251647452e-02	   1.0000000000000000e+00	
   1.6400000000000001e+00	   2.6055502463753988e-02	   1.0000000000000000e+00	
   1.6500000000000001e+00	   2.4989430779296273e-02	   1.0000000000000000e+00	
   1.6599999999999999e+00	   2.3839990870433203e-02	   1.0000000000000000e+00	
   1.6699999999999999e+00	   2.2622014830652404e-02	   1.0000000000000000e+00	
   1.6799999999999999e+00	   2.1350035650549382e-02	   1.0000000000000000e+00	
   1.6899999999999999e+00	   2.0038188057257322e-02	   1.0000000000000000e+00	
   1.7000000000000000e+00	   1.8932969812589850e-02	   1.0000000000000000e+00	
   1.7100000000000000e+00	   1.7962644269399419e-02	   1.0000000000000000e+00	
   1.7200000000000000e+00	   1.6943004025303576e-02	   1.0000000000000000e+00	
   1.7300000000000000e+00	   1.5886743776954537e-02	   1.0000000000000000e+00	
   1.7400000000000000e+00	   1.4806102735577586e-02	   1.0000000000000000e+00	
   1.7500000000000000e+00	   1.3712780346231801e-02	   1.0000000000000000e+00	
   1.7600000000000000e+00	   1.2903199842927648e-02	   1.0000000000000000e+00	
   1.7700000000000000e+00	   1.2061587345354119e-02	   1.0000000000000000e+00	
   1.7800000000000000e+00	   1.1198861668462734e-02	   1.0000000000000000e+00	
   1.7900000000000000e+00	   1.0325433367535775e-02	   1.0000000000000000e+00	
   1.8000000000000000e+00	   9.4511308201972177e-03	   1.0000000000000000e+00	
   1.8100000000000001e+00	   8.6709603849975947e-03	   1.0000000000000000e+00	
   1.8200000000000001e+00	   7.9908245100707154e-03	   1.0000000000000000e+00	
   1.8300000000000001e+00	   7.3031515714205852e-03	   1.0000000000000000e+00	
   1.8400000000000001e+00	   6.6165837011329387e-03	   1.0000000000000000e+00	
   1.8500000000000001e+00	   5.9391432641850983e-03	   1.0000000000000000e+00	
   1.8600000000000001e+00	   5.1228500937332555e-03	   2.0000000000000000e+00	
   1.8700000000000001e+00	   4.4392663716692482e-03	   2.0000000000000000e+00	
   1.8800000000000001e+00	   3.8038184079166593e-03	   2.0000000000000000e+00	
   1.8900000000000001e+00	   3.2098785727912027e-03	   2.0000000000000000e+00	
   1.9000000000000001e+00	   2.6623878287759251e-03	   2.0000000000000000e+00	
   1.9099999999999999e+00	   2.1650199944126536e-03	   2.0000000000000000e+00	
   1.9199999999999999e+00	   1.7332552484974340e-03	   2.0000000000000000e+00	
   1.9299999999999999e+00	   1.3700971684298402e-03	   2.0000000000000000e+00	
   1.9399999999999999e+00	   1.0465792296796561e-03	   2.0000000000000000e+00	
   1.9500000000000000e+00	   7.6507819220461570e-04	   2.0000000000000000e+00	
   1.9600000000000000e+00	   5.2691051280218115e-04	   2.0000000000000000e+00	
   1.9700000000000000e+00	   3.3238540621749468e-04	   2.0000000000000000e+00	
   1.9800000000000000e+00	   1.8405165815527091e-04	   2.0000000000000000e+00	
   1.9900000000000000e+00	   7.3722701023903880e-05	   2.0000000000000000e+00	
   2.0000000000000000e+00	                      NaN	   1.0000000000000000e+00	
   2.0099999999999998e+00	   5.6995694391326346e-05	   2.0000000000000000e+00	
   2.0200000000000000e+00	   1.1626426233823928e-04	   2.0000000000000000e+00	
   2.0300000000000002e+00	   1.7772667005366838e-04	   2.0000000000000000e+00	
   2.0400000000000000e+00	   2.4431052925122376e-04	   2.0000000000000000e+00	
   2.0499999999999998e+00	   3.1312763419166778e-04	   2.0000000000000000e+00	
   2.0600000000000001e+00	   3.8321963064658071e-04	   2.0000000000000000e+00	
   2.0700000000000003e+00	   4.5358116832205919e-04	   2.0000000000000000e+00	
   2.0800000000000001e+00	   5.2317237336285682e-04	   2.0000000000000000e+00	
   2.0899999999999999e+00	   5.9974364685988490e-04	   2.0000000000000000e+00	
   2.1000000000000001e+00	   6.8059200938486164e-04	   2.0000000000000000e+00	
   2.1100000000000003e+00	   7.6080619395757498e-04	   2.0000000000000000e+00	
   2.1200000000000001e+00	   8.3930488145034232e-04	   2.0000000000000000e+00	
   2.1299999999999999e+00	   9.1499322012345008e-04	   2.0000000000000000e+00	
   2.1400000000000001e+00	   9.8921180690381139e-04	   2.0000000000000000e+00	
   2.1500000000000004e+00	   1.0799184974970011e-03	   2.0000000000000000e+00	
   2.1600000000000001e+00	   1.1680966501995682e-03	   2.0000000000000000e+00	
   2.1699999999999999e+00	   1.2526180480956217e-03	   2.0000000000000000e+00	
   2.1799999999999997e+00	   1.3323597223519057e-03	   2.0000000000000000e+00	
   2.1899999999999999e+00	   1.4062155792907705e-03	   2.0000000000000000e+00	
   2.2000000000000002e+00	   1.4913972343181259e-03	   2.0000000000000000e+00	
   2.2100000000000000e+00	   1.5860102900009387e-03	   2.0000000000000000e+00	
   2.2199999999999998e+00	   1.6750932165359167e-03	   2.0000000000000000e+00	
   2.2300000000000000e+00	   1.7575171097924391e-03	   2.0000000000000000e+00	
   2.2400000000000002e+00	   1.8321860776149279e-03	   2.0000000000000000e+00	
   2.2500000000000000e+00	   1.8980478875981754e-03	   2.0000000000000000e+00	
   2.2599999999999998e+00	   1.9980326889287303e-03	   2.0000000000000000e+00	
   2.2700000000000000e+00	   2.0907040817209621e-03	   2.0000000000000000e+00	
   2.2800000000000002e+00	   2.1749453942205843e-03	   2.0000000000000000e+00	
   2.2900000000000000e+00	   2.2496871753606706e-03	   2.0000000000000000e+00	
   2.2999999999999998e+00	   2.3139170877422011e-03	   2.0000000000000000e+00	
   2.3100000000000001e+00	   2.3901615739808646e-03	   2.0000000000000000e+00	
   2.3200000000000003e+00	   2.4857937555115006e-03	   2.0000000000000000e+00	
   2.3300000000000001e+00	   2.5713495811757747e-03	   2.0000000000000000e+00	
   2.3399999999999999e+00	   2.6457990265831288e-03	   2.0000000000000000e+00	
   2.3500000000000001e+00	   2.7081808404164631e-03	   2.0000000000000000e+00	
   2.3600000000000003e+00	   2.7576110496001505e-03	   2.0000000000000000e+00	
   2.3700000000000001e+00	   2.8490077850631401e-03	   2.0000000000000000e+00	
   2.3799999999999999e+00	   2.9356137693843376e-03	   2.0000000000000000e+00	
   2.3900000000000001e+00	   3.0096560143546558e-03	   2.0000000000000000e+00	
   2.4000000000000004e+00	   3.0702329673151230e-03	   2.0000000000000000e+00	
   2.4100000000000001e+00	   3.1165295231031509e-03	   2.0000000000000000e+00	
   2.4199999999999999e+00	   3.1711988284828241e-03	   2.0000000000000000e+00	
   2.4299999999999997e+00	   3.2587257653242663e-03	   2.0000000000000000e+00	
   2.4399999999999999e+00	   3.3323909860750733e-03	   2.0000000000000000e+00	
   2.4500000000000002e+00	   3.3761597692534284e-03	   3.0000000000000000e+00	
   2.4600000000000000e+00	   3.3953623652472897e-03	   3.0000000000000000e+00	
   2.4699999999999998e+00	   3.3983216558437501e-03	   3.0000000000000000e+00	
   2.4800000000000000e+00	   3.4438214364084230e-03	   3.0000000000000000e+00	
   2.4900000000000002e+00	   3.4904595532476712e-03	   3.0000000000000000e+00	
   2.5100000000000002e+00	   2.7423840358985485e-03	   3.0000000000000000e+00	
   2.5200000000000000e+00	   2.5976147804364080e-03	   3.0000000000000000e+00	
   2.5300000000000002e+00	   2.4604855487656563e-03	   3.0000000000000000e+00	
   2.5400000000000000e+00	   2.3593234606014146e-03	   3.0000000000000000e+00	
   2.5499999999999998e+00	   2.2511082620265688e-03	   3.0000000000000000e+00	
   2.5600000000000001e+00	   2.1372006064463989e-03	   3.0000000000000000e+00	
   2.5699999999999998e+00	   2.0189110786523745e-03	   3.0000000000000000e+00	
   2.5800000000000001e+00	   1.8974930659715339e-03	   3.0000000000000000e+00	
   2.5899999999999999e+00	   1.8005636996962782e-03	   3.0000000000000000e+00	
   2.6000000000000001e+00	   1.7122973897852889e-03	   3.0000000000000000e+00	
   2.6099999999999999e+00	   1.6198762269176159e-03	   3.0000000000000000e+00	
   2.6200000000000001e+00	   1.5244017708285762e-03	   3.0000000000000000e+00	
   2.6299999999999999e+00	   1.4269196160164865e-03	   3.0000000000000000e+00	
   2.6400000000000001e+00	   1.3316906545619567e-03	   3.0000000000000000e+00	
   2.6499999999999999e+00	   1.2605276392206877e-03	   3.0000000000000000e+00	
   2.6600000000000001e+00	   1.1865199604049748e-03	   3.0000000000000000e+00	
   2.6699999999999999e+00	   1.1105798971479119e-03	   3.0000000000000000e+00	
   2.6800000000000002e+00	   1.0335655915859610e-03	   3.0000000000000000e+00	
   2.6899999999999999e+00	   9.5627713582235874e-04	   3.0000000000000000e+00	
   2.7000000000000002e+00	   8.9035832167871920e-04	   3.0000000000000000e+00	
   2.7100000000000000e+00	   8.3207102357463203e-04	   3.0000000000000000e+00	
   2.7200000000000002e+00	   7.7277722695068274e-04	   3.0000000000000000e+00	
   2.7300000000000000e+00	   7.1316686124922590e-04	   3.0000000000000000e+00	
   2.7400000000000002e+00	   6.5387512947268078e-04	   3.0000000000000000e+00	
   2.7500000000000000e+00	   5.9548023403832584e-04	   3.0000000000000000e+00	
   2.7600000000000002e+00	   5.5059331587292704e-04	   3.0000000000000000e+00	
   2.7700000000000000e+00	   5.0544399393659400e-04	   3.0000000000000000e+00	
   2.7800000000000002e+00	   4.6057202476768033e-04	   3.0000000000000000e+00	
   2.7900000000000000e+00	   4.1646603109790625e-04	   3.0000000000000000e+00	
   2.8000000000000003e+00	   3.7356206753824672e-04	   3.0000000000000000e+00	
   2.8100000000000001e+00	   3.3553456255930314e-04	   3.0000000000000000e+00	
   2.8199999999999998e+00	   3.0239689548894333e-04	   3.0000000000000000e+00	
   2.8300000000000001e+00	   2.6997930316063901e-04	   3.0000000000000000e+00	
   2.8399999999999999e+00	   2.3864081092872524e-04	   3.0000000000000000e+00	
   2.8500000000000001e+00	   2.0869240280285695e-04	   3.0000000000000000e+00	
   2.8599999999999999e+00	   1.8039681751558234e-04	   3.0000000000000000e+00	
   2.8700000000000001e+00	   1.5703749628281916e-04	   3.0000000000000000e+00	
   2.8799999999999999e+00	   1.3514678432002825e-04	   3.0000000000000000e+00	
   2.8900000000000001e+00	   1.1452576891923805e-04	   3.0000000000000000e+00	
   2.8999999999999999e+00	   9.5376057705376383e-05	   3.0000000000000000e+00	
   2.9100000000000001e+00	   7.7856167783663111e-05	   3.0000000000000000e+00	
   2.9199999999999999e+00	   6.2543009429760765e-05	   3.0000000000000000e+00	
   2.9300000000000002e+00	   4.9577505700004743e-05	   3.0000000000000000e+00	
   2.9399999999999999e+00	   3.7961841483968861e-05	   3.0000000000000000e+00	
   2.9500000000000002e+00	   2.7802586845759869e-05	   3.0000000000000000e+00	
   2.9600000000000000e+00	   1.9168296874871871e-05	   3.0000000000000000e+00	
   2.9700000000000002e+00	   1.2090750717841381e-05	   3.0000000000000000e+00	
   2.9800000000000000e+00	   6.6808246311778063e-06	   3.0000000000000000e+00	
   2.9900000000000002e+00	   2.6621953626015937e-06	   3.0000000000000000e+00	
   3.0000000000000000e+00	                      NaN	   1.0000000000000000e+00	
   3.0100000000000002e+00	   1.6744596229578690e-06	   4.0000000000000000e+00	
   3.0200000000000000e+00	   3.5000172646793004e-06	   4.0000000000000000e+00	
   3.0300000000000002e+00	   5.4663110050645614e-06	   4.0000000000000000e+00	
   3.0400000000000000e+00	   7.6579415365651826e-06	   4.0000000000000000e+00	
   3.0500000000000003e+00	   9.9812779285057829e-06	   4.0000000000000000e+00	
   3.0600000000000001e+00	   1.2399362800508129e-05	   4.0000000000000000e+00	
   3.0699999999999998e+00	   1.4872667471355072e-05	   4.0000000000000000e+00	
   3.0800000000000001e+00	   1.7359707506714450e-05	   4.0000000000000000e+00	
   3.0899999999999999e+00	   2.0112780839909306e-05	   4.0000000000000000e+00	
   3.1000000000000001e+00	   2.3041546265090140e-05	   4.0000000000000000e+00	
   3.1099999999999999e+00	   2.5976650860681794e-05	   4.0000000000000000e+00	
   3.1200000000000001e+00	   2.8875151469098803e-05	   4.0000000000000000e+00	
   3.1299999999999999e+00	   3.1693317447234470e-05	   4.0000000000000000e+00	
   3.1400000000000001e+00	   3.4471975834060586e-05	   4.0000000000000000e+00	
   3.1499999999999999e+00	   3.7834925747048942e-05	   4.0000000000000000e+00	
   3.1600000000000001e+00	   4.1119100530728758e-05	   4.0000000000000000e+00	
   3.1699999999999999e+00	   4.4279941794456157e-05	   4.0000000000000000e+00	
   3.1800000000000002e+00	   4.7273101213773927e-05	   4.0000000000000000e+00	
   3.1899999999999999e+00	   5.0054962783541157e-05	   4.0000000000000000e+00	
   3.2000000000000002e+00	   5.3234777709687542e-05	   4.0000000000000000e+00	
   3.2100000000000000e+00	   5.6745979794547985e-05	   4.0000000000000000e+00	
   3.2200000000000002e+00	   6.0053141150762102e-05	   4.0000000000000000e+00	
   3.2300000000000000e+00	   6.3112584062885446e-05	   4.0000000000000000e+00	
   3.2400000000000002e+00	   6.5882157642471739e-05	   4.0000000000000000e+00	
   3.2500000000000000e+00	   6.8321687316408308e-05	   4.0000000000000000e+00	
   3.2600000000000002e+00	   7.1972879163162418e-05	   4.0000000000000000e+00	
   3.2700000000000000e+00	   7.5346140812393436e-05	   4.0000000000000000e+00	
   3.2800000000000002e+00	   7.8399462971723288e-05	   4.0000000000000000e+00	
   3.2900000000000000e+00	   8.1093019960953860e-05	   4.0000000000000000e+00	
   3.3000000000000003e+00	   8.3389565295077794e-05	   4.0000000000000000e+00	
   3.3100000000000001e+00	   8.6098822683400300e-05	   4.0000000000000000e+00	
   3.3199999999999998e+00	   8.9484458615896045e-05	   4.0000000000000000e+00	
   3.3300000000000001e+00	   9.2486151799908711e-05	   4.0000000000000000e+00	
   3.3399999999999999e+00	   9.5067031261830692e-05	   4.0000000000000000e+00	
   3.3500000000000001e+00	   9.7193286841656956e-05	   4.0000000000000000e+00	
   3.3599999999999999e+00	   9.8834480394049962e-05	   4.0000000000000000e+00	
   3.3700000000000001e+00	   1.0195450338235101e-04	   4.0000000000000000e+00	
   3.3799999999999999e+00	   1.0487813429349568e-04	   4.0000000000000000e+00	
   3.3900000000000001e+00	   1.0732884388287012e-04	   4.0000000000000000e+00	
   3.3999999999999999e+00	   1.0927658844062105e-04	   4.0000000000000000e+00	
   3.4100000000000001e+00	   1.1069501853577801e-04	   4.0000000000000000e+00	
   3.4199999999999999e+00	   1.1238891445786159e-04	   4.0000000000000000e+00	
   3.4300000000000002e+00	   1.1522075758385597e-04	   4.0000000000000000e+00	
   3.4399999999999999e+00	   1.1753651608947813e-04	   4.0000000000000000e+00	
   3.4500000000000002e+00	   1.1931009713417318e-04	   4.0000000000000000e+00	
   3.4600000000000000e+00	   1.2051933276180371e-04	   4.0000000000000000e+00	
   3.4700000000000002e+00	   1.2114615432801124e-04	   4.0000000000000000e+00	
   3.4800000000000000e+00	   1.2328501456626562e-04	   4.0000000000000000e+00	
   3.4900000000000002e+00	   1.2546859787943010e-04	   4.0000000000000000e+00	
   3.5100000000000002e+00	   1.0511775959753944e-04	   4.0000000000000000e+00	
   3.5200000000000000e+00	   9.9837245634115668e-05	   4.0000000000000000e+00	
   3.5300000000000002e+00	   9.4816465528002603e-05	   4.0000000000000000e+00	
   3.5400000000000000e+00	   9.1152771385716314e-05	   4.0000000000000000e+00	
   3.5500000000000003e+00	   8.7191348446258310e-05	   4.0000000000000000e+00	
   3.5600000000000001e+00	   8.2983620512844247e-05	   4.0000000000000000e+00	
   3.5700000000000003e+00	   7.8579643388532183e-05	   4.0000000000000000e+00	
   3.5800000000000001e+00	   7.4027778488194862e-05	   4.0000000000000000e+00	
   3.5899999999999999e+00	   7.0407444383469020e-05	   4.0000000000000000e+00	
   3.6000000000000001e+00	   6.7105699851688350e-05	   4.0000000000000000e+00	
   3.6099999999999999e+00	   6.3622069952140592e-05	   4.0000000000000000e+00	
   3.6200000000000001e+00	   5.9999391233911403e-05	   4.0000000000000000e+00	
   3.6299999999999999e+00	   5.6278697301626046e-05	   4.0000000000000000e+00	
   3.6400000000000001e+00	   5.2628393413689523e-05	   4.0000000000000000e+00	
   3.6499999999999999e+00	   4.9912849890754174e-05	   4.0000000000000000e+00	
   3.6600000000000001e+00	   4.7070963545836619e-05	   4.0000000000000000e+00	
   3.6699999999999999e+00	   4.4138797673176633e-05	   4.0000000000000000e+00	
   3.6800000000000002e+00	   4.1150554640378978e-05	   4.0000000000000000e+00	
   3.6899999999999999e+00	   3.8138384180319562e-05	   4.0000000000000000e+00	
   3.7000000000000002e+00	   3.5567564692584597e-05	   4.0000000000000000e+00	
   3.7100000000000000e+00	   3.3291255118306218e-05	   4.0000000000000000e+00	
   3.7200000000000002e+00	   3.0965364986923483e-05	   4.0000000000000000e+00	
   3.7300000000000000e+00	   2.8617781252293639e-05	   4.0000000000000000e+00	
   3.7400000000000002e+00	   2.6274369237300199e-05	   4.0000000000000000e+00	
   3.7500000000000000e+00	   2.3958852036431999e-05	   4.0000000000000000e+00	
   3.7600000000000002e+00	   2.2179430661295463e-05	   4.0000000000000000e+00	
   3.7700000000000000e+00	   2.0383476775132081e-05	   4.0000000000000000e+00	
   3.7800000000000002e+00	   1.8593084728402154e-05	   4.0000000000000000e+00	
   3.7900000000000000e+00	   1.6828390729028975e-05	   4.0000000000000000e+00	
   3.8000000000000003e+00	   1.5107491435628617e-05	   4.0000000000000000e+00	
   3.8100000000000001e+00	   1.3579500401150746e-05	   4.0000000000000000e+00	
   3.8200000000000003e+00	   1.2245763652551922e-05	   4.0000000000000000e+00	
   3.8300000000000001e+00	   1.0938186642328596e-05	   4.0000000000000000e+00	
   3.8399999999999999e+00	   9.6717234309151578e-06	   4.0000000000000000e+00	
   3.8500000000000001e+00	   8.4594138036742095e-06	   4.0000000000000000e+00	
   3.8599999999999999e+00	   7.3123579201750388e-06	   4.0000000000000000e+00	
   3.8700000000000001e+00	   6.3639660180525581e-06	   4.0000000000000000e+00	
   3.8799999999999999e+00	   5.4741660684420879e-06	   4.0000000000000000e+00	
   3.8900000000000001e+00	   4.6352796809756569e-06	   4.0000000000000000e+00	
   3.8999999999999999e+00	   3.8558392841947509e-06	   4.0000000000000000e+00	
   3.9100000000000001e+00	   3.1426095041808821e-06	   4.0000000000000000e+00	
   3.9199999999999999e+00	   2.5191499657406524e-06	   4.0000000000000000e+00	
   3.9300000000000002e+00	   1.9912570963231957e-06	   4.0000000000000000e+00	
   3.9399999999999999e+00	   1.5189837533347017e-06	   4.0000000000000000e+00	
   3.9500000000000002e+00	   1.1068795954249921e-06	   4.0000000000000000e+00	
   3.9600000000000000e+00	   7.5131786458904060e-07	   5.0000000000000000e+00	
   3.9700000000000002e+00	   4.4811292432278549e-07	   5.0000000000000000e+00	
   3.9800000000000000e+00	   2.2841196389844498e-07	   5.0000000000000000e+00	
   3.9900000000000002e+00	   7.9940015718094060e-08	   5.0000000000000000e+00	
   4.0000000000000000e+00	                      NaN	   1.0000000000000000e+00	
   4.0099999999999998e+00	   4.9939516522101712e-08	   5.0000000000000000e+00	
   4.0199999999999996e+00	   1.0650383808208375e-07	   5.0000000000000000e+00	
   4.0300000000000002e+00	   1.6928405077720754e-07	   5.0000000000000000e+00	
   4.0400000000000000e+00	   2.4086655114885502e-07	   5.0000000000000000e+00	
   4.0500000000000007e+00	   3.1832556091071496e-07	   5.0000000000000000e+00	
   4.0600000000000005e+00	   4.0041274074198441e-07	   5.0000000000000000e+00	
   4.0700000000000003e+00	   4.8575749289625492e-07	   5.0000000000000000e+00	
   4.0800000000000001e+00	   5.7288923549503323e-07	   5.0000000000000000e+00	
   4.0899999999999999e+00	   6.7009189697042615e-07	   5.0000000000000000e+00	
   4.0999999999999996e+00	   7.7445146251520214e-07	   5.0000000000000000e+00	
   4.1099999999999994e+00	   8.8026514954986368e-07	   5.0000000000000000e+00	
   4.1200000000000001e+00	   9.8596981090715019e-07	   5.0000000000000000e+00	
   4.1299999999999999e+00	   1.0899472958625367e-06	   5.0000000000000000e+00	
   4.1400000000000006e+00	   1.1934810845160015e-06	   5.0000000000000000e+00	
   4.1500000000000004e+00	   1.3182154667834567e-06	   5.0000000000000000e+00	
   4.1600000000000001e+00	   1.4412250436413032e-06	   5.0000000000000000e+00	
   4.1699999999999999e+00	   1.5608285584001180e-06	   5.0000000000000000e+00	
   4.1799999999999997e+00	   1.6753296074867308e-06	   5.0000000000000000e+00	
   4.1899999999999995e+00	   1.7830373167937452e-06	   5.0000000000000000e+00	
   4.2000000000000002e+00	   1.9056105657888622e-06	   5.0000000000000000e+00	
   4.2100000000000000e+00	   2.0408265372084955e-06	   5.0000000000000000e+00	
   4.2200000000000006e+00	   2.1694703280505934e-06	   5.0000000000000000e+00	
   4.2300000000000004e+00	   2.2898247118430248e-06	   5.0000000000000000e+00	
   4.2400000000000002e+00	   2.4002115571741811e-06	   5.0000000000000000e+00	
   4.2500000000000000e+00	   2.4990104688926706e-06	   5.0000000000000000e+00	
   4.2599999999999998e+00	   2.6426665641343661e-06	   5.0000000000000000e+00	
   4.2699999999999996e+00	   2.7767687181823320e-06	   5.0000000000000000e+00	
   4.2799999999999994e+00	   2.8996256715707602e-06	   5.0000000000000000e+00	
   4.2900000000000000e+00	   3.0096140556379325e-06	   5.0000000000000000e+00	
   4.2999999999999998e+00	   3.1051952590344101e-06	   5.0000000000000000e+00	
   4.3100000000000005e+00	   3.2164598567918645e-06	   5.0000000000000000e+00	
   4.3200000000000003e+00	   3.3534247589894761e-06	   5.0000000000000000e+00	
   4.3300000000000001e+00	   3.4764556514632616e-06	   5.0000000000000000e+00	
   4.3399999999999999e+00	   3.5840168775003178e-06	   5.0000000000000000e+00	
   4.3499999999999996e+00	   3.6746799983999878e-06	   5.0000000000000000e+00	
   4.3599999999999994e+00	   3.7471376723718919e-06	   5.0000000000000000e+00	
   4.3700000000000001e+00	   3.8758890913426214e-06	   5.0000000000000000e+00	
   4.3799999999999999e+00	   3.9975276259207604e-06	   5.0000000000000000e+00	
   4.3900000000000006e+00	   4.1014161011876382e-06	   5.0000000000000000e+00	
   4.4000000000000004e+00	   4.1862571089623657e-06	   5.0000000000000000e+00	
   4.4100000000000001e+00	   4.2508906327176632e-06	   5.0000000000000000e+00	
   4.4199999999999999e+00	   4.3261445458186998e-06	   5.0000000000000000e+00	
   4.4299999999999997e+00	   4.4453651910636438e-06	   5.0000000000000000e+00	
   4.4399999999999995e+00	   4.5448907609602074e-06	   5.0000000000000000e+00	
   4.4499999999999993e+00	   4.6235692410245832e-06	   5.0000000000000000e+00	
   4.4600000000000000e+00	   4.6803985611632015e-06	   5.0000000000000000e+00	
   4.4699999999999998e+00	   4.7145351258492951e-06	   5.0000000000000000e+00	
   4.4800000000000004e+00	   4.8075104274181157e-06	   5.0000000000000000e+00	
   4.4900000000000002e+00	   4.9023483327248485e-06	   5.0000000000000000e+00	
   4.5099999999999998e+00	   4.2533972394176445e-06	   5.0000000000000000e+00	
   4.5199999999999996e+00	   4.0443675269896673e-06	   5.0000000000000000e+00	
   4.5299999999999994e+00	   3.8452767868735194e-06	   5.0000000000000000e+00	
   4.5400000000000000e+00	   3.7007270262678915e-06	   5.0000000000000000e+00	
   4.5499999999999998e+00	   3.5436547584088984e-06	   5.0000000000000000e+00	
   4.5600000000000005e+00	   3.3761259321529735e-06	   5.0000000000000000e+00	
   4.5700000000000003e+00	   3.2001612693122183e-06	   5.0000000000000000e+00	
   4.5800000000000001e+00	   3.0177221858052050e-06	   5.0000000000000000e+00	
   4.5899999999999999e+00	   2.8728486760609684e-06	   5.0000000000000000e+00	
   4.5999999999999996e+00	   2.7406273104269019e-06	   5.0000000000000000e+00	
   4.6099999999999994e+00	   2.6006469269201915e-06	   5.0000000000000000e+00	
   4.6200000000000001e+00	   2.4546516854684342e-06	   5.0000000000000000e+00	
   4.6299999999999999e+00	   2.3043191990090861e-06	   5.0000000000000000e+00	
   4.6400000000000006e+00	   2.1565528426359393e-06	   5.0000000000000000e+00	
   4.6500000000000004e+00	   2.0468170882637082e-06	   5.0000000000000000e+00	
   4.6600000000000001e+00	   1.9316637777100354e-06	   5.0000000000000000e+00	
   4.6699999999999999e+00	   1.8125725541606741e-06	   5.0000000000000000e+00	
   4.6799999999999997e+00	   1.6854470479277239e-06	   6.0000000000000000e+00	
   4.6899999999999995e+00	   1.5549400573799943e-06	   6.0000000000000000e+00	
   4.6999999999999993e+00	   1.4433873887220727e-06	   6.0000000000000000e+00	
   4.7100000000000000e+00	   1.3446185209708972e-06	   6.0000000000000000e+00	
   4.7199999999999998e+00	   1.2446435506685560e-06	   6.0000000000000000e+00	
   4.7300000000000004e+00	   1.1446185453900526e-06	   6.0000000000000000e+00	
   4.7400000000000002e+00	   1.0455991710234258e-06	   6.0000000000000000e+00	
   4.7500000000000000e+00	   9.4853737409028582e-07	   6.0000000000000000e+00	
   4.7599999999999998e+00	   8.7344589339011236e-07	   6.0000000000000000e+00	
   4.7699999999999996e+00	   7.9835629118729656e-07	   6.0000000000000000e+00	
   4.7799999999999994e+00	   7.2415443230777754e-07	   6.0000000000000000e+00	
   4.7900000000000000e+00	   6.5163345286389784e-07	   6.0000000000000000e+00	
   4.7999999999999998e+00	   5.8149207504687439e-07	   6.0000000000000000e+00	
   4.8100000000000005e+00	   5.1942548873196159e-07	   6.0000000000000000e+00	
   4.8200000000000003e+00	   4.6536761244553304e-07	   6.0000000000000000e+00	
   4.8300000000000001e+00	   4.1284957297271774e-07	   6.0000000000000000e+00	
   4.8399999999999999e+00	   3.6243533108049064e-07	   6.0000000000000000e+00	
   4.8499999999999996e+00	   3.1460415295114785e-07	   6.0000000000000000e+00	
   4.8599999999999994e+00	   2.6975116795835419e-07	   6.0000000000000000e+00	
   4.8700000000000001e+00	   2.3273264326828524e-07	   6.0000000000000000e+00	
   4.8799999999999999e+00	   1.9831658881752645e-07	   6.0000000000000000e+00	
   4.8900000000000006e+00	   1.6620575515879921e-07	   6.0000000000000000e+00	
   4.9000000000000004e+00	   1.3669140663807866e-07	   6.0000000000000000e+00	
   4.9100000000000001e+00	   1.0999157340485510e-07	   6.0000000000000000e+00	
   4.9199999999999999e+00	   8.6892841588692704e-08	   6.0000000000000000e+00	
   4.9299999999999997e+00	   6.7526160663078372e-08	   6.0000000000000000e+00	
   4.9399999999999995e+00	   5.0474901591712751e-08	   6.0000000000000000e+00	
   4.9499999999999993e+00	   3.5871335124504355e-08	   6.0000000000000000e+00	
   4.9600000000000000e+00	   2.3785186376024114e-08	   6.0000000000000000e+00	
   4.9699999999999998e+00	   1.4226595346222837e-08	   6.0000000000000000e+00	
   4.9800000000000004e+00	   7.2739781975528217e-09	   6.0000000000000000e+00	
   4.9900000000000002e+00	   2.5551535332013486e-09	   6.0000000000000000e+00	
   5.0000000000000000e+00	                      NaN	   1.0000000000000000e+00	
   5.0099999999999998e+00	   1.5858272472968338e-09	   7.0000000000000000e+00	
   5.0199999999999996e+00	   3.4576119745111100e-09	   7.0000000000000000e+00	
   5.0299999999999994e+00	   5.5947230181985219e-09	   7.0000000000000000e+00	
   5.0400000000000000e+00	   8.0776650923652937e-09	   7.0000000000000000e+00	
   5.0499999999999998e+00	   1.0805238148670071e-08	   7.0000000000000000e+00	
   5.0600000000000005e+00	   1.3729546166629802e-08	   7.0000000000000000e+00	
   5.0700000000000003e+00	   1.6797794821776790e-08	   7.0000000000000000e+00	
   5.0800000000000001e+00	   1.9953237728742579e-08	   7.0000000000000000e+00	
   5.0899999999999999e+00	   2.3480651312191014e-08	   7.0000000000000000e+00	
   5.0999999999999996e+00	   2.7277380132417761e-08	   7.0000000000000000e+00	
   5.1099999999999994e+00	   3.1139749778752446e-08	   7.0000000000000000e+00	
   5.1200000000000001e+00	   3.5008041132655876e-08	   7.0000000000000000e+00	
   5.1299999999999999e+00	   3.8820542114237355e-08	   7.0000000000000000e+00	
   5.1400000000000006e+00	   4.2619236584329201e-08	   7.0000000000000000e+00	
   5.1500000000000004e+00	   4.7175869433147000e-08	   7.0000000000000000e+00	
   5.1600000000000001e+00	   5.1670280054594286e-08	   7.0000000000000000e+00	
   5.1699999999999999e+00	   5.6039094586957106e-08	   7.0000000000000000e+00	
   5.1799999999999997e+00	   6.0218616648732848e-08	   7.0000000000000000e+00	
   5.1899999999999995e+00	   6.4145652789449059e-08	   7.0000000000000000e+00	
   5.1999999999999993e+00	   6.8597906799361397e-08	   7.0000000000000000e+00	
   5.2100000000000000e+00	   7.3494825891806670e-08	   7.0000000000000000e+00	
   5.2199999999999998e+00	   7.8143240767047928e-08	   7.0000000000000000e+00	
   5.2300000000000004e+00	   8.2479863161566414e-08	   7.0000000000000000e+00	
   5.2400000000000002e+00	   8.6443243452194451e-08	   7.0000000000000000e+00	
   5.2500000000000000e+00	   8.9974487638144751e-08	   7.0000000000000000e+00	
   5.2599999999999998e+00	   9.5104867314788066e-08	   7.0000000000000000e+00	
   5.2699999999999996e+00	   9.9874183923098769e-08	   7.0000000000000000e+00	
   5.2799999999999994e+00	   1.0422142360244635e-07	   7.0000000000000000e+00	
   5.2900000000000000e+00	   1.0808850714472129e-07	   7.0000000000000000e+00	
   5.2999999999999998e+00	   1.1142094247240664e-07	   7.0000000000000000e+00	
   5.3100000000000005e+00	   1.1529854748726365e-07	   7.0000000000000000e+00	
   5.3200000000000003e+00	   1.2007799177204959e-07	   7.0000000000000000e+00	
   5.3300000000000001e+00	   1.2433818419310683e-07	   7.0000000000000000e+00	
   5.3399999999999999e+00	   1.2802563642555498e-07	   7.0000000000000000e+00	
   5.3499999999999996e+00	   1.3109123198074002e-07	   7.0000000000000000e+00	
   5.3599999999999994e+00	   1.3349069871715358e-07	   7.0000000000000000e+00	
   5.3700000000000001e+00	   1.3787692632050152e-07	   7.0000000000000000e+00	
   5.3799999999999999e+00	   1.4198872533288664e-07	   7.0000000000000000e+00	
   5.3900000000000006e+00	   1.4544976256747333e-07	   7.0000000000000000e+00	
   5.4000000000000004e+00	   1.4821694249711470e-07	   7.0000000000000000e+00	
   5.4100000000000001e+00	   1.5025252741995843e-07	   7.0000000000000000e+00	
   5.4199999999999999e+00	   1.5264796382474799e-07	   7.0000000000000000e+00	
   5.4299999999999997e+00	   1.5657586083239750e-07	   7.0000000000000000e+00	
   5.4399999999999995e+00	   1.5978955236750636e-07	   7.0000000000000000e+00	
   5.4499999999999993e+00	   1.6225230803357249e-07	   7.0000000000000000e+00	
   5.4600000000000000e+00	   1.6393314417051386e-07	   7.0000000000000000e+00	
   5.4699999999999998e+00	   1.6480704678745184e-07	   7.0000000000000000e+00	
   5.4800000000000004e+00	   1.6772328625958011e-07	   7.0000000000000000e+00	
   5.4900000000000002e+00	   1.7068578361811859e-07	   7.0000000000000000e+00	
   5.5099999999999998e+00	   1.5036601652695936e-07	   7.0000000000000000e+00	
   5.5199999999999996e+00	   1.4255211833180681e-07	   7.0000000000000000e+00	
   5.5299999999999994e+00	   1.3512913221713774e-07	   7.0000000000000000e+00	
   5.5400000000000000e+00	   1.2965683993115817e-07	   7.0000000000000000e+00	
   5.5499999999999998e+00	   1.2377559899245938e-07	   7.0000000000000000e+00	
   5.5600000000000005e+00	   1.1756156481634861e-07	   7.0000000000000000e+00	
   5.5700000000000003e+00	   1.1108846986740417e-07	   7.0000000000000000e+00	
   5.5800000000000001e+00	   1.0442719378112031e-07	   7.0000000000000000e+00	
   5.5899999999999999e+00	   9.9099295103322049e-08	   7.0000000000000000e+00	
   5.5999999999999996e+00	   9.4235997782909919e-08	   7.0000000000000000e+00	
   5.6099999999999994e+00	   8.9133743386149433e-08	   7.0000000000000000e+00	
   5.6200000000000001e+00	   8.3854938548455493e-08	   7.0000000000000000e+00	
   5.6299999999999999e+00	   7.8458980756757057e-08	   7.0000000000000000e+00	
   5.6400000000000006e+00	   7.3181896098617472e-08	   7.0000000000000000e+00	
   5.6500000000000004e+00	   6.9222498955134881e-08	   7.0000000000000000e+00	
   5.6600000000000001e+00	   6.5103527457921473e-08	   7.0000000000000000e+00	
   5.6699999999999999e+00	   6.0876799379272484e-08	   7.0000000000000000e+00	
   5.6799999999999997e+00	   5.6591118235971294e-08	   7.0000000000000000e+00	
   5.6899999999999995e+00	   5.2292000951581485e-08	   7.0000000000000000e+00	
   5.6999999999999993e+00	   4.8616531689305020e-08	   7.0000000000000000e+00	
   5.7100000000000000e+00	   4.5359735523220479e-08	   7.0000000000000000e+00	
   5.7199999999999998e+00	   4.2051117810082417e-08	   7.0000000000000000e+00	
   5.7300000000000004e+00	   3.8729781604018854e-08	   7.0000000000000000e+00	
   5.7400000000000002e+00	   3.5431678813147016e-08	   7.0000000000000000e+00	
   5.7500000000000000e+00	   3.2189439336249848e-08	   7.0000000000000000e+00	
   5.7599999999999998e+00	   2.9683657198908975e-08	   7.0000000000000000e+00	
   5.7699999999999996e+00	   2.7170041883017859e-08	   7.0000000000000000e+00	
   5.7799999999999994e+00	   2.4678921572984791e-08	   7.0000000000000000e+00	
   5.7900000000000000e+00	   2.2237642283151615e-08	   7.0000000000000000e+00	
   5.7999999999999998e+00	   1.9870460832294157e-08	   7.0000000000000000e+00	
   5.8100000000000005e+00	   1.7772721516706724e-08	   7.0000000000000000e+00	
   5.8200000000000003e+00	   1.5943374620519535e-08	   7.0000000000000000e+00	
   5.8300000000000001e+00	   1.4161701145098959e-08	   7.0000000000000000e+00	
   5.8399999999999999e+00	   1.2447394670545009e-08	   7.0000000000000000e+00	
   5.8499999999999996e+00	   1.0817331141943498e-08	   7.0000000000000000e+00	
   5.8599999999999994e+00	   9.2855616529163854e-09	   7.0000000000000000e+00	
   5.8700000000000001e+00	   8.0199277219250575e-09	   7.0000000000000000e+00	
   5.8799999999999999e+00	   6.8409510278755192e-09	   7.0000000000000000e+00	
   5.8900000000000006e+00	   5.7387798957364566e-09	   7.0000000000000000e+00	
   5.9000000000000004e+00	   4.7238595257681482e-09	   7.0000000000000000e+00	
   5.9100000000000001e+00	   3.8041347849571139e-09	   7.0000000000000000e+00	
   5.9199999999999999e+00	   3.0072422330107429e-09	   7.0000000000000000e+00	
   5.9299999999999997e+00	   2.3381653280196701e-09	   7.0000000000000000e+00	
   5.9399999999999995e+00	   1.7482479908181858e-09	   7.0000000000000000e+00	
   5.9500000000000002e+00	   1.2424061779370277e-09	   7.0000000000000000e+00	
   5.9600000000000000e+00	   8.2338713625063065e-10	   7.0000000000000000e+00	
   5.9699999999999998e+00	   4.9185389094930088e-10	   7.0000000000000000e+00	
   5.9800000000000004e+00	   2.5078528143041012e-10	   7.0000000000000000e+00	
   5.9900000000000002e+00	   8.5530693638702360e-11	   8.0000000000000000e+00	
   6.0000000000000000e+00	                      NaN	   1.0000000000000000e+00	
   6.0099999999999998e+00	   4.5485282207380351e-11	   8.0000000000000000e+00	
   6.0199999999999996e+00	   1.0087897184263284e-10	   8.0000000000000000e+00	
   6.0300000000000002e+00	   1.6552093029531534e-10	   8.0000000000000000e+00	
   6.0400000000000000e+00	   2.4178237190142227e-10	   8.0000000000000000e+00	
   6.0499999999999998e+00	   3.2666358507071891e-10	   8.0000000000000000e+00	
   6.0600000000000005e+00	   4.1868064570849128e-10	   8.0000000000000000e+00	
   6.0700000000000003e+00	   5.1616944052312874e-10	   8.0000000000000000e+00	
   6.0800000000000001e+00	   6.1732075007370213e-10	   8.0000000000000000e+00	
   6.0899999999999999e+00	   7.3092976116129194e-10	   8.0000000000000000e+00	
   6.0999999999999996e+00	   8.5387941162196057e-10	   8.0000000000000000e+00	
   6.1099999999999994e+00	   9.7979802049508180e-10	   8.0000000000000000e+00	
   6.1200000000000001e+00	   1.1067465832681478e-09	   8.0000000000000000e+00	
   6.1299999999999999e+00	   1.2326979437204955e-09	   8.0000000000000000e+00	
   6.1399999999999997e+00	   1.3589103176059325e-09	   8.0000000000000000e+00	
   6.1500000000000004e+00	   1.5100326544725817e-09	   8.0000000000000000e+00	
   6.1600000000000001e+00	   1.6599480678891609e-09	   8.0000000000000000e+00	
   6.1699999999999999e+00	   1.8065460238858577e-09	   8.0000000000000000e+00	
   6.1799999999999997e+00	   1.9476851242927751e-09	   8.0000000000000000e+00	
   6.1899999999999995e+00	   2.0812256362745529e-09	   8.0000000000000000e+00	
   6.2000000000000002e+00	   2.2323773940513547e-09	   8.0000000000000000e+00	
   6.2100000000000000e+00	   2.3986410635501443e-09	   8.0000000000000000e+00	
   6.2199999999999998e+00	   2.5574287132457130e-09	   8.0000000000000000e+00	
   6.2300000000000004e+00	   2.7065701901918260e-09	   8.0000000000000000e+00	
   6.2400000000000002e+00	   2.8439472998798010e-09	   8.0000000000000000e+00	
   6.2500000000000000e+00	   2.9675129020745317e-09	   8.0000000000000000e+00	
   6.2599999999999998e+00	   3.1443039283374219e-09	   8.0000000000000000e+00	
   6.2699999999999996e+00	   3.3097264928727554e-09	   8.0000000000000000e+00	
   6.2800000000000002e+00	   3.4616558508560047e-09	   8.0000000000000000e+00	
   6.2900000000000000e+00	   3.5980527446355381e-09	   8.0000000000000000e+00	
   6.2999999999999998e+00	   3.7169842759254834e-09	   8.0000000000000000e+00	
   6.3100000000000005e+00	   3.8544292202402630e-09	   8.0000000000000000e+00	
   6.3200000000000003e+00	   4.0224413799805347e-09	   8.0000000000000000e+00	
   6.3300000000000001e+00	   4.1734956601757744e-09	   8.0000000000000000e+00	
   6.3399999999999999e+00	   4.3056846976696761e-09	   8.0000000000000000e+00	
   6.3499999999999996e+00	   4.4172292490429754e-09	   8.0000000000000000e+00	
   6.3599999999999994e+00	   4.5065153830847748e-09	   8.0000000000000000e+00	
   6.3700000000000001e+00	   4.6631343231240407e-09	   8.0000000000000000e+00	
   6.3799999999999999e+00	   4.8108403927216159e-09	   8.0000000000000000e+00	
   6.3899999999999997e+00	   4.9368042986941418e-09	   8.0000000000000000e+00	
   6.4000000000000004e+00	   5.0394360906480529e-09	   8.0000000000000000e+00	
   6.4100000000000001e+00	   5.1173251192082603e-09	   8.0000000000000000e+00	
   6.4199999999999999e+00	   5.2075845857757486e-09	   8.0000000000000000e+00	
   6.4299999999999997e+00	   5.3503428354417792e-09	   8.0000000000000000e+00	
   6.4399999999999995e+00	   5.4689534012553054e-09	   8.0000000000000000e+00	
   6.4500000000000002e+00	   5.5620344996398785e-09	   8.0000000000000000e+00	
   6.4600000000000000e+00	   5.6284057414757172e-09	   8.0000000000000000e+00	
   6.4699999999999998e+00	   5.6670796944047197e-09	   8.0000000000000000e+00	
   6.4800000000000004e+00	   5.7760476401824690e-09	   8.0000000000000000e+00	
   6.4900000000000002e+00	   5.8867910546211988e-09	   8.0000000000000000e+00	
   6.5099999999999998e+00	   5.2728964528014899e-09	   8.0000000000000000e+00	
   6.5199999999999996e+00	   5.0045795285669215e-09	   8.0000000000000000e+00	
   6.5300000000000002e+00	   4.7493164956335931e-09	   8.0000000000000000e+00	
   6.5400000000000000e+00	   4.5620582866945369e-09	   8.0000000000000000e+00	
   6.5499999999999998e+00	   4.3599176491326830e-09	   8.0000000000000000e+00	
   6.5600000000000005e+00	   4.1455415766833426e-09	   8.0000000000000000e+00	
   6.5700000000000003e+00	   3.9214909097751161e-09	   8.0000000000000000e+00	
   6.5800000000000001e+00	   3.6902609856781510e-09	   8.0000000000000000e+00	
   6.5899999999999999e+00	   3.5056586522586031e-09	   8.0000000000000000e+00	
   6.5999999999999996e+00	   3.3370773921959085e-09	   8.0000000000000000e+00	
   6.6099999999999994e+00	   3.1596265603894835e-09	   8.0000000000000000e+00	
   6.6200000000000001e+00	   2.9755075070525550e-09	   8.0000000000000000e+00	
   6.6299999999999999e+00	   2.7868150009879855e-09	   8.0000000000000000e+00	
   6.6399999999999997e+00	   2.6019367771468183e-09	   8.0000000000000000e+00	
   6.6500000000000004e+00	   2.4635504747294590e-09	   8.0000000000000000e+00	
   6.6600000000000001e+00	   2.3191759623841790e-09	   8.0000000000000000e+00	
   6.6699999999999999e+00	   2.1706522135289674e-09	   8.0000000000000000e+00	
   6.6799999999999997e+00	   2.0197152839074306e-09	   8.0000000000000000e+00	
   6.6899999999999995e+00	   1.8679879865146631e-09	   8.0000000000000000e+00	
   6.7000000000000002e+00	   1.7382506545260412e-09	   8.0000000000000000e+00	
   6.7100000000000000e+00	   1.6232405419813745e-09	   8.0000000000000000e+00	
   6.7199999999999998e+00	   1.5061453195741592e-09	   8.0000000000000000e+00	
   6.7300000000000004e+00	   1.3883656446722625e-09	   8.0000000000000000e+00	
   6.7400000000000002e+00	   1.2711964814116072e-09	   8.0000000000000000e+00	
   6.7500000000000000e+00	   1.1558169976666477e-09	   8.0000000000000000e+00	
   6.7599999999999998e+00	   1.0666938443648633e-09	   8.0000000000000000e+00	
   6.7699999999999996e+00	   9.7712715696474106e-10	   8.0000000000000000e+00	
   6.7800000000000002e+00	   8.8820995003402459e-10	   8.0000000000000000e+00	
   6.7900000000000000e+00	   8.0093465193442626e-10	   8.0000000000000000e+00	
   6.7999999999999998e+00	   7.1618466712664031e-10	   8.0000000000000000e+00	
   6.8100000000000005e+00	   6.4101601804367192e-10	   8.0000000000000000e+00	
   6.8200000000000003e+00	   5.7541438280850343e-10	   8.0000000000000000e+00	
   6.8300000000000001e+00	   5.1143089763172611e-10	   8.0000000000000000e+00	
   6.8399999999999999e+00	   4.4978554214480937e-10	   8.0000000000000000e+00	
   6.8499999999999996e+00	   3.9109859795161128e-10	   8.0000000000000000e+00	
   6.8599999999999994e+00	   3.3588776204851456e-10	   8.0000000000000000e+00	
   6.8700000000000001e+00	   2.9023605740974290e-10	   8.0000000000000000e+00	
   6.8799999999999999e+00	   2.4766488859739866e-10	   8.0000000000000000e+00	
   6.8899999999999997e+00	   2.0782786602779879e-10	   8.0000000000000000e+00	
   6.9000000000000004e+00	   1.7110957095667345e-10	   8.0000000000000000e+00	
   6.9100000000000001e+00	   1.3780843133304188e-10	   8.0000000000000000e+00	
   6.9199999999999999e+00	   1.0893352886398588e-10	   8.0000000000000000e+00	
   6.9299999999999997e+00	   8.4674600664413902e-11	   8.0000000000000000e+00	
   6.9399999999999995e+00	   6.3277383333115722e-11	   8.0000000000000000e+00	
   6.9500000000000002e+00	   4.4924952646852034e-11	   8.0000000000000000e+00	
   6.9600000000000000e+00	   2.9725111261313941e-11	   8.0000000000000000e+00	
   6.9699999999999998e+00	   1.7708501331981097e-11	   8.0000000000000000e+00	
   6.9800000000000004e+00	   8.9868112951307921e-12	   8.0000000000000000e+00	
   6.9900000000000002e+00	   3.1084024243455133e-12	   8.0000000000000000e+00	
   7.0000000000000000e+00	                      NaN	   1.0000000000000000e+00	
   7.0099999999999998e+00	   1.9937385076218561e-12	   8.0000000000000000e+00	
   7.0199999999999996e+00	   4.4664272280670048e-12	   8.0000000000000000e+00	
   7.0300000000000002e+00	   7.3920869425592173e-12	   8.0000000000000000e+00	
   7.0400000000000000e+00	   1.0880740752838847e-11	   8.0000000000000000e+00	
   7.0499999999999998e+00	   1.4801493364302587e-11	   8.0000000000000000e+00	
   7.0599999999999996e+00	   1.9090062863824642e-11	   8.0000000000000000e+00	
   7.0700000000000003e+00	   2.3670843063428038e-11	   8.0000000000000000e+00	
   7.0800000000000001e+00	   2.8465119150666851e-11	   8.0000000000000000e+00	
   7.0899999999999999e+00	   3.3877567418016952e-11	   8.0000000000000000e+00	
   7.0999999999999996e+00	   3.9772185544961758e-11	   8.0000000000000000e+00	
   7.1100000000000003e+00	   4.5852432961623890e-11	   8.0000000000000000e+00	
   7.1200000000000001e+00	   5.2030157959848111e-11	   8.0000000000000000e+00	
   7.1299999999999999e+00	   5.8208771136492032e-11	   8.0000000000000000e+00	
   7.1399999999999997e+00	   6.4444671821206612e-11	   8.0000000000000000e+00	
   7.1500000000000004e+00	   7.1912253929440340e-11	   8.0000000000000000e+00	
   7.1600000000000001e+00	   7.9376172301692804e-11	   8.0000000000000000e+00	
   7.1699999999999999e+00	   8.6735063575815730e-11	   8.0000000000000000e+00	
   7.1799999999999997e+00	   9.3880903051513087e-11	   8.0000000000000000e+00	
   7.1899999999999995e+00	   1.0070810851914302e-10	   8.0000000000000000e+00	
   7.2000000000000002e+00	   1.0843526077053411e-10	   8.0000000000000000e+00	
   7.2100000000000000e+00	   1.1695200363703862e-10	   8.0000000000000000e+00	
   7.2199999999999998e+00	   1.2516010450269732e-10	   8.0000000000000000e+00	
   7.2300000000000004e+00	   1.3294854106504772e-10	   8.0000000000000000e+00	
   7.2400000000000002e+00	   1.4020573591011498e-10	   8.0000000000000000e+00	
   7.2500000000000000e+00	   1.4682466353832524e-10	   8.0000000000000000e+00	
   7.2599999999999998e+00	   1.5612844350698651e-10	   8.0000000000000000e+00	
   7.2699999999999996e+00	   1.6492696097714088e-10	   8.0000000000000000e+00	
   7.2800000000000002e+00	   1.7310208821896822e-10	   8.0000000000000000e+00	
   7.2900000000000000e+00	   1.8054846506743161e-10	   8.0000000000000000e+00	
   7.2999999999999998e+00	   1.8716317384814829e-10	   8.0000000000000000e+00	
   7.3099999999999996e+00	   1.9475354662290556e-10	   8.0000000000000000e+00	
   7.3200000000000003e+00	   2.0393620125958023e-10	   8.0000000000000000e+00	
   7.3300000000000001e+00	   2.1230905922209331e-10	   8.0000000000000000e+00	
   7.3399999999999999e+00	   2.1976997999217929e-10	   8.0000000000000000e+00	
   7.3499999999999996e+00	   2.2622059780985637e-10	   8.0000000000000000e+00	
   7.3600000000000003e+00	   2.3156176975902554e-10	   8.0000000000000000e+00	
   7.3700000000000001e+00	   2.4040280877102305e-10	   8.0000000000000000e+00	
   7.3799999999999999e+00	   2.4883495264305111e-10	   8.0000000000000000e+00	
   7.3899999999999997e+00	   2.5618951404737800e-10	   8.0000000000000000e+00	
   7.4000000000000004e+00	   2.6236501859955297e-10	   8.0000000000000000e+00	
   7.4100000000000001e+00	   2.6728386171015472e-10	   8.0000000000000000e+00	
   7.4199999999999999e+00	   2.7287727633051873e-10	   8.0000000000000000e+00	
   7.4299999999999997e+00	   2.8126079243406821e-10	   8.0000000000000000e+00	
   7.4399999999999995e+00	   2.8841651289468473e-10	   8.0000000000000000e+00	
   7.4500000000000002e+00	   2.9425728520493522e-10	   8.0000000000000000e+00	
   7.4600000000000000e+00	   2.9871638496103969e-10	   8.0000000000000000e+00	
   7.4699999999999998e+00	   3.0172064846567537e-10	   8.0000000000000000e+00	
   7.4800000000000004e+00	   3.0849200971516666e-10	   8.0000000000000000e+00	
   7.4900000000000002e+00	   3.1539160172400216e-10	   8.0000000000000000e+00	
   7.5099999999999998e+00	   2.8720026357120787e-10	   8.0000000000000000e+00	
   7.5199999999999996e+00	   2.7343427522197317e-10	   8.0000000000000000e+00	
   7.5300000000000002e+00	   2.6029023381113348e-10	   8.0000000000000000e+00	
   7.5400000000000000e+00	   2.5080115761966226e-10	   8.0000000000000000e+00	
   7.5499999999999998e+00	   2.4043411706031748e-10	   8.0000000000000000e+00	
   7.5599999999999996e+00	   2.2931789800395563e-10	   8.0000000000000000e+00	
   7.5700000000000003e+00	   2.1759749557759278e-10	   8.0000000000000000e+00	
   7.5800000000000001e+00	   2.0539703271538201e-10	   8.0000000000000000e+00	
   7.5899999999999999e+00	   1.9572699017089690e-10	   8.0000000000000000e+00	
   7.5999999999999996e+00	   1.8689216840783729e-10	   8.0000000000000000e+00	
   7.6100000000000003e+00	   1.7750290126627988e-10	   8.0000000000000000e+00	
   7.6200000000000001e+00	   1.6767542909690292e-10	   8.0000000000000000e+00	
   7.6299999999999999e+00	   1.5752965598636592e-10	   8.0000000000000000e+00	
   7.6399999999999997e+00	   1.4753742672013459e-10	   8.0000000000000000e+00	
   7.6500000000000004e+00	   1.4012346838399026e-10	   8.0000000000000000e+00	
   7.6600000000000001e+00	   1.3232193118994928e-10	   8.0000000000000000e+00	
   7.6699999999999999e+00	   1.2423240214332054e-10	   8.0000000000000000e+00	
   7.6799999999999997e+00	   1.1595746585157940e-10	   8.0000000000000000e+00	
   7.6900000000000004e+00	   1.0758194335380722e-10	   8.0000000000000000e+00	
   7.7000000000000002e+00	   1.0042300324641928e-10	   8.0000000000000000e+00	
   7.7100000000000000e+00	   9.4073526746285552e-11	   8.0000000000000000e+00	
   7.7199999999999998e+00	   8.7566176532050122e-11	   8.0000000000000000e+00	
   7.7300000000000004e+00	   8.0975448568665342e-11	   8.0000000000000000e+00	
   7.7400000000000002e+00	   7.4379391534762362e-11	   8.0000000000000000e+00	
   7.7500000000000000e+00	   6.7845395967935929e-11	   8.0000000000000000e+00	
   7.7599999999999998e+00	   6.2818861223945532e-11	   8.0000000000000000e+00	
   7.7699999999999996e+00	   5.7733262615045078e-11	   8.0000000000000000e+00	
   7.7800000000000002e+00	   5.2652548987452974e-11	   8.0000000000000000e+00	
   7.7900000000000000e+00	   4.7638004652128529e-11	   8.0000000000000000e+00	
   7.7999999999999998e+00	   4.2741921113531589e-11	   8.0000000000000000e+00	
   7.8099999999999996e+00	   3.8388070500161575e-11	   8.0000000000000000e+00	
   7.8200000000000003e+00	   3.4579894503394826e-11	   8.0000000000000000e+00	
   7.8300000000000001e+00	   3.0844660159345949e-11	   8.0000000000000000e+00	
   7.8399999999999999e+00	   2.7226332299790101e-11	   8.0000000000000000e+00	
   7.8499999999999996e+00	   2.3764212819799013e-11	   8.0000000000000000e+00	
   7.8600000000000003e+00	   2.0488277741037564e-11	   8.0000000000000000e+00	
   7.8700000000000001e+00	   1.7775114713458606e-11	   8.0000000000000000e+00	
   7.8799999999999999e+00	   1.5232815009369460e-11	   8.0000000000000000e+00	
   7.8899999999999997e+00	   1.2840506435907173e-11	   8.0000000000000000e+00	
   7.9000000000000004e+00	   1.0621947765798723e-11	   8.0000000000000000e+00	
   7.9100000000000001e+00	   8.5988993703267624e-12	   8.0000000000000000e+00	
   7.9199999999999999e+00	   6.8357541849195513e-12	   8.0000000000000000e+00	
   7.9299999999999997e+00	   5.3473891981070665e-12	   8.0000000000000000e+00	
   7.9400000000000004e+00	   4.0258907318957426e-12	   8.0000000000000000e+00	
   7.9500000000000002e+00	   2.8828051057416815e-12	   8.0000000000000000e+00	
   7.9600000000000000e+00	   1.9289014829837470e-12	   8.0000000000000000e+00	
   7.9699999999999998e+00	   1.1664003096711895e-12	   8.0000000000000000e+00	
   7.9800000000000004e+00	   6.0529359302563535e-13	   8.0000000000000000e+00	
   7.9900000000000002e+00	   2.1715962361668062e-13	   8.0000000000000000e+00	
   8.0000000000000000e+00	                      NaN	   1.0000000000000000e+00	
