   5.1000000000000001e-01	   6.3041510943806811e-01	   1.0000000000000000e+00	
   5.2000000000000002e-01	   6.1636012235790338e-01	   1.0000000000000000e+00	
   5.3000000000000003e-01	   6.0283011551420596e-01	   1.0000000000000000e+00	
   5.4000000000000004e-01	   5.9403739454189108e-01	   1.0000000000000000e+00	
   5.5000000000000004e-01	   5.8390075456437973e-01	   1.0000000000000000e+00	
   5.6000000000000005e-01	   5.7249574898929056e-01	   1.0000000000000000e+00	
   5.7000000000000006e-01	   5.5989978582126398e-01	   1.0000000000000000e+00	
   5.7999999999999996e-01	   5.4619185873433129e-01	   1.0000000000000000e+00	
   5.8999999999999997e-01	   5.3604647743664668e-01	   1.0000000000000000e+00	
   5.9999999999999998e-01	   5.2700347758991795e-01	   1.0000000000000000e+00	
   6.0999999999999999e-01	   5.1679036901021114e-01	   1.0000000000000000e+00	
   6.2000000000000000e-01	   5.0548136634580310e-01	   1.0000000000000000e+00	
   6.3000000000000000e-01	   4.9315211826052030e-01	   1.0000000000000000e+00	
   6.4000000000000001e-01	   4.8056807230527054e-01	   1.0000000000000000e+00	
   6.5000000000000002e-01	   4.7247497656622661e-01	   1.0000000000000000e+00	
   6.6000000000000003e-01	   4.6331296943112221e-01	   1.0000000000000000e+00	
   6.7000000000000004e-01	   4.5315315935936806e-01	   1.0000000000000000e+00	
   6.7999999999999994e-01	   4.4206789343693464e-01	   1.0000000000000000e+00	
   6.8999999999999995e-01	   4.3013051106837219e-01	   1.0000000000000000e+00	
   6.9999999999999996e-01	   4.2041772279289136e-01	   1.0000000000000000e+00	
   7.0999999999999996e-01	   4.1219861431226801e-01	   1.0000000000000000e+00	
   7.1999999999999997e-01	   4.0308129339368204e-01	   1.0000000000000000e+00	
   7.2999999999999998e-01	   3.9313458733438011e-01	   1.0000000000000000e+00	
   7.3999999999999999e-01	   3.8242806293980625e-01	   1.0000000000000000e+00	
   7.5000000000000000e-01	   3.7103177278492439e-01	   1.0000000000000000e+00	
   7.6000000000000001e-01	   3.6367183886708920e-01	   1.0000000000000000e+00	
   7.7000000000000002e-01	   3.5551266037919249e-01	   1.0000000000000000e+00	
   7.8000000000000003e-01	   3.4661912711105347e-01	   1.0000000000000000e+00	
   7.9000000000000004e-01	   3.3705665447388244e-01	   1.0000000000000000e+00	
   8.0000000000000004e-01	   3.2689085419874542e-01	   1.0000000000000000e+00	
   8.1000000000000005e-01	   3.1799650136218216e-01	   1.0000000000000000e+00	
   8.2000000000000006e-01	   3.1072390129436456e-01	   1.0000000000000000e+00	
   8.3000000000000007e-01	   3.0280833477800884e-01	   1.0000000000000000e+00	
   8.4000000000000008e-01	   2.9431035694142538e-01	   1.0000000000000000e+00	
   8.5000000000000009e-01	   2.8529031495314516e-01	   1.0000000000000000e+00	
   8.5999999999999999e-01	   2.7580809163600972e-01	   1.0000000000000000e+00	
   8.7000000000000000e-01	   2.6895992794840051e-01	   1.0000000000000000e+00	
   8.8000000000000000e-01	   2.6194521173405638e-01	   1.0000000000000000e+00	
   8.9000000000000001e-01	   2.5442793950167064e-01	   1.0000000000000000e+00	
   9.0000000000000002e-01	   2.4646311610904181e-01	   1.0000000000000000e+00	
   9.1000000000000003e-01	   2.3810508477200698e-01	   1.0000000000000000e+00	
   9.1999999999999993e-01	   2.3038032047931423e-01	   1.0000000000000000e+00	
   9.2999999999999994e-01	   2.2418592734389864e-01	   1.0000000000000000e+00	
   9.3999999999999995e-01	   2.1756227651852589e-01	   1.0000000000000000e+00	
   9.4999999999999996e-01	   2.1055913022227091e-01	   1.0000000000000000e+00	
   9.5999999999999996e-01	   2.0322545240985224e-01	   1.0000000000000000e+00	
   9.6999999999999997e-01	   1.9560922400993808e-01	   1.0000000000000000e+00	
   9.7999999999999998e-01	   1.8960719613967725e-01	   1.0000000000000000e+00	
   9.8999999999999999e-01	   1.8379054310417686e-01	   1.0000000000000000e+00	
   1.0000000000000000e+00	   1.7765628262116695e-01	   1.0000000000000000e+00	
   1.0100000000000000e+00	   1.7124823883760354e-01	   1.0000000000000000e+00	
   1.0200000000000000e+00	   1.6460919381156858e-01	   1.0000000000000000e+00	
   1.0300000000000000e+00	   1.5822020750833654e-01	   1.0000000000000000e+00	
   1.0400000000000000e+00	   1.5312717422847966e-01	   1.0000000000000000e+00	
   1.0500000000000000e+00	   1.4777254453439248e-01	   1.0000000000000000e+00	
   1.0600000000000001e+00	   1.4219529501580386e-01	   1.0000000000000000e+00	
   1.0700000000000001e+00	   1.3643333634845822e-01	   1.0000000000000000e+00	
   1.0800000000000001e+00	   1.3052339554118397e-01	   1.0000000000000000e+00	
   1.0899999999999999e+00	   1.2553600210601279e-01	   1.0000000000000000e+00	
   1.1000000000000001e+00	   1.2087721066935497e-01	   1.0000000000000000e+00	
   1.1099999999999999e+00	   1.1604170324533136e-01	   1.0000000000000000e+00	
   1.1200000000000001e+00	   1.1106286785270081e-01	   1.0000000000000000e+00	
   1.1299999999999999e+00	   1.0597293262737262e-01	   1.0000000000000000e+00	
   1.1400000000000001e+00	   1.0094117249401169e-01	   1.0000000000000000e+00	
   1.1499999999999999e+00	   9.6901093425287188e-02	   1.0000000000000000e+00	
   1.1600000000000001e+00	   9.2725254811651281e-02	   1.0000000000000000e+00	
   1.1699999999999999e+00	   8.8442876300881768e-02	   1.0000000000000000e+00	
   1.1800000000000002e+00	   8.4082057231401386e-02	   1.0000000000000000e+00	
   1.1899999999999999e+00	   7.9669709965822344e-02	   1.0000000000000000e+00	
   1.2000000000000002e+00	   7.5745424550762275e-02	   1.0000000000000000e+00	
   1.2100000000000000e+00	   7.2154778854078616e-02	   1.0000000000000000e+00	
   1.2200000000000000e+00	   6.8490085706991222e-02	   1.0000000000000000e+00	
   1.2300000000000000e+00	   6.4775673831255043e-02	   1.0000000000000000e+00	
   1.2400000000000000e+00	   6.1034748108417913e-02	   1.0000000000000000e+00	
   1.2500000000000000e+00	   5.7289387563312033e-02	   1.0000000000000000e+00	
   1.2600000000000000e+00	   5.4217239454522170e-02	   1.0000000000000000e+00	
   1.2700000000000000e+00	   5.1099521332181874e-02	   1.0000000000000000e+00	
   1.2800000000000000e+00	   4.7957130986500340e-02	   1.0000000000000000e+00	
   1.2900000000000000e+00	   4.4809908689618760e-02	   1.0000000000000000e+00	
   1.3000000000000000e+00	   4.1676604053461519e-02	   1.0000000000000000e+00	
   1.3100000000000001e+00	   3.8783606306691976e-02	   1.0000000000000000e+00	
   1.3200000000000001e+00	   3.6150067109313566e-02	   1.0000000000000000e+00	
   1.3300000000000001e+00	   3.3513471326925171e-02	   1.0000000000000000e+00	
   1.3399999999999999e+00	   3.0890611951740921e-02	   1.0000000000000000e+00	
   1.3500000000000001e+00	   2.8297265570788932e-02	   1.0000000000000000e+00	
   1.3599999999999999e+00	   2.5748173396579421e-02	   1.0000000000000000e+00	
   1.3700000000000001e+00	   2.3508969855244422e-02	   1.0000000000000000e+00	
   1.3799999999999999e+00	   2.1319724254630135e-02	   1.0000000000000000e+00	
   1.3900000000000001e+00	   1.9159871661805772e-02	   1.0000000000000000e+00	
   1.3999999999999999e+00	   1.7042502985522567e-02	   1.0000000000000000e+00	
   1.4100000000000001e+00	   1.4979749943597520e-02	   1.0000000000000000e+00	
   1.4199999999999999e+00	   1.3035382418020713e-02	   1.0000000000000000e+00	
   1.4300000000000002e+00	   1.1242316225919424e-02	   1.0000000000000000e+00	
   1.4399999999999999e+00	   9.4915757397975309e-03	   1.0000000000000000e+00	
   1.4500000000000002e+00	   7.7938256972158726e-03	   1.0000000000000000e+00	
   1.4600000000000000e+00	   7.6965906687411767e-03	   1.0000000000000000e+00	
   1.4700000000000000e+00	   7.8667296892807048e-03	   1.0000000000000000e+00	
   1.4800000000000000e+00	   9.0839485422975486e-03	   1.0000000000000000e+00	
   1.4900000000000000e+00	   1.0632557098283257e-02	   1.0000000000000000e+00	
   1.5100000000000000e+00	   5.1374946015176892e-03	   1.0000000000000000e+00	
   1.5200000000000000e+00	   4.9390952306878066e-03	   1.0000000000000000e+00	
   1.5300000000000000e+00	   4.7485002154268319e-03	   1.0000000000000000e+00	
   1.5400000000000000e+00	   4.6206786192626303e-03	   1.0000000000000000e+00	
   1.5500000000000000e+00	   4.4740383668913086e-03	   1.0000000000000000e+00	
   1.5600000000000001e+00	   4.3107467488074924e-03	   1.0000000000000000e+00	
   1.5700000000000001e+00	   4.1329837080736898e-03	   1.0000000000000000e+00	
   1.5800000000000001e+00	   3.9429212881851861e-03	   1.0000000000000000e+00	
   1.5900000000000001e+00	   3.7984989013239989e-03	   1.0000000000000000e+00	
   1.6000000000000001e+00	   3.6670424495339748e-03	   1.0000000000000000e+00	
   1.6100000000000001e+00	   3.5224066859602665e-03	   1.0000000000000000e+00	
   1.6200000000000001e+00	   3.3665391173891557e-03	   1.0000000000000000e+00	
   1.6300000000000001e+00	   3.2013593657806982e-03	   1.0000000000000000e+00	
   1.6400000000000001e+00	   3.0368223872889732e-03	   1.0000000000000000e+00	
   1.6500000000000001e+00	   2.9213296445280701e-03	   1.0000000000000000e+00	
   1.6599999999999999e+00	   2.7956694585828945e-03	   1.0000000000000000e+00	
   1.6699999999999999e+00	   2.6615527292641605e-03	   1.0000000000000000e+00	
   1.6799999999999999e+00	   2.5206488271181104e-03	   1.0000000000000000e+00	
   1.6899999999999999e+00	   2.3745733715025974e-03	   1.0000000000000000e+00	
   1.7000000000000000e+00	   2.2526205569377566e-03	   1.0000000000000000e+00	
   1.7100000000000000e+00	   2.1452843247691256e-03	   1.0000000000000000e+00	
   1.7200000000000000e+00	   2.0318415116409305e-03	   1.0000000000000000e+00	
   1.7300000000000000e+00	   1.8891792291890752e-03	   2.0000000000000000e+00	
   1.7400000000000000e+00	   1.7346663397423967e-03	   2.0000000000000000e+00	
   1.7500000000000000e+00	   1.5836446433041829e-03	   2.0000000000000000e+00	
   1.7600000000000000e+00	   1.4693405970451767e-03	   2.0000000000000000e+00	
   1.7700000000000000e+00	   1.3551100131823368e-03	   2.0000000000000000e+00	
   1.7800000000000000e+00	   1.2421165354381536e-03	   2.0000000000000000e+00	
   1.7900000000000000e+00	   1.1313875218963432e-03	   2.0000000000000000e+00	
   1.8000000000000000e+00	   1.0238176962307222e-03	   2.0000000000000000e+00	
   1.8100000000000001e+00	   9.2926654018188337e-04	   2.0000000000000000e+00	
   1.8200000000000001e+00	   8.4783771011798237e-04	   2.0000000000000000e+00	
   1.8300000000000001e+00	   7.6787083339469042e-04	   2.0000000000000000e+00	
   1.8400000000000001e+00	   6.9010335172192683e-04	   2.0000000000000000e+00	
   1.8500000000000001e+00	   6.1516726522592435e-04	   2.0000000000000000e+00	
   1.8600000000000001e+00	   5.4359354981792229e-04	   2.0000000000000000e+00	
   1.8700000000000001e+00	   4.8528290395943863e-04	   2.0000000000000000e+00	
   1.8800000000000001e+00	   4.2987228981039571e-04	   2.0000000000000000e+00	
   1.8900000000000001e+00	   3.7653880437904519e-04	   2.0000000000000000e+00	
   1.9000000000000001e+00	   3.2571217463628344e-04	   2.0000000000000000e+00	
   1.9099999999999999e+00	   2.7774361834076444e-04	   2.0000000000000000e+00	
   1.9199999999999999e+00	   2.3463649547750265e-04	   2.0000000000000000e+00	
   1.9299999999999999e+00	   1.9717219776582695e-04	   2.0000000000000000e+00	
   1.9399999999999999e+00	   1.6161886750221122e-04	   2.0000000000000000e+00	
   1.9500000000000000e+00	   1.2825383021519698e-04	   2.0000000000000000e+00	
   1.9600000000000000e+00	   9.7294507235057281e-05	   2.0000000000000000e+00	
   1.9700000000000000e+00	   6.8902502729839554e-05	   2.0000000000000000e+00	
   1.9800000000000000e+00	   4.3939192951425454e-05	   2.0000000000000000e+00	
   1.9900000000000000e+00	   2.1029288940432878e-05	   2.0000000000000000e+00	
   2.0000000000000000e+00	   2.2204460492503131e-16	   1.0000000000000000e+00	
   2.0099999999999998e+00	   1.9028545953814202e-05	   2.0000000000000000e+00	
   2.0200000000000000e+00	   3.5977003785436779e-05	   2.0000000000000000e+00	
   2.0300000000000002e+00	   5.1053280653023947e-05	   2.0000000000000000e+00	
   2.0400000000000000e+00	   6.5242323149306003e-05	   2.0000000000000000e+00	
   2.0499999999999998e+00	   7.7841964028602106e-05	   2.0000000000000000e+00	
   2.0600000000000001e+00	   8.8797600566126178e-05	   2.0000000000000000e+00	
   2.0700000000000003e+00	   9.8083922724256922e-05	   2.0000000000000000e+00	
   2.0800000000000001e+00	   1.0570177487823074e-04	   2.0000000000000000e+00	
   2.0899999999999999e+00	   1.1333778943201089e-04	   2.0000000000000000e+00	
   2.1000000000000001e+00	   1.2042942964263226e-04	   2.0000000000000000e+00	
   2.1100000000000003e+00	   1.2618756718896229e-04	   2.0000000000000000e+00	
   2.1200000000000001e+00	   1.3062070600033948e-04	   2.0000000000000000e+00	
   2.1299999999999999e+00	   1.3375470700816017e-04	   2.0000000000000000e+00	
   2.1400000000000001e+00	   1.3596467498211418e-04	   2.0000000000000000e+00	
   2.1500000000000004e+00	   1.3970307279653760e-04	   2.0000000000000000e+00	
   2.1600000000000001e+00	   1.4237257284044347e-04	   2.0000000000000000e+00	
   2.1699999999999999e+00	   1.4399936787290457e-04	   2.0000000000000000e+00	
   2.1799999999999997e+00	   1.4462031742779047e-04	   2.0000000000000000e+00	
   2.1899999999999999e+00	   1.4428097458885070e-04	   2.0000000000000000e+00	
   2.2000000000000002e+00	   1.4480571768027417e-04	   2.0000000000000000e+00	
   2.2100000000000000e+00	   1.4589405961373814e-04	   2.0000000000000000e+00	
   2.2199999999999998e+00	   1.4616395018474115e-04	   2.0000000000000000e+00	
   2.2300000000000000e+00	   1.4565313729653084e-04	   2.0000000000000000e+00	
   2.2400000000000002e+00	   1.4440364147194629e-04	   2.0000000000000000e+00	
   2.2500000000000000e+00	   1.4246039924725729e-04	   2.0000000000000000e+00	
   2.2599999999999998e+00	   1.4300717538251462e-04	   2.0000000000000000e+00	
   2.2700000000000000e+00	   1.4290601176392137e-04	   2.0000000000000000e+00	
   2.2800000000000002e+00	   1.4218828918455273e-04	   2.0000000000000000e+00	
   2.2900000000000000e+00	   1.4088703653425405e-04	   2.0000000000000000e+00	
   2.2999999999999998e+00	   1.3903565506767634e-04	   2.0000000000000000e+00	
   2.3100000000000001e+00	   1.3801897331733315e-04	   2.0000000000000000e+00	
   2.3200000000000003e+00	   1.3817628259649162e-04	   2.0000000000000000e+00	
   2.3300000000000001e+00	   1.3782695166408843e-04	   2.0000000000000000e+00	
   2.3399999999999999e+00	   1.3699194820215865e-04	   2.0000000000000000e+00	
   2.3500000000000001e+00	   1.3569118191214535e-04	   2.0000000000000000e+00	
   2.3600000000000003e+00	   1.3394310795789011e-04	   2.0000000000000000e+00	
   2.3700000000000001e+00	   1.3438644518393161e-04	   2.0000000000000000e+00	
   2.3799999999999999e+00	   1.3471584659363600e-04	   2.0000000000000000e+00	
   2.3900000000000001e+00	   1.3460868427928041e-04	   2.0000000000000000e+00	
   2.4000000000000004e+00	   1.3407112673546884e-04	   2.0000000000000000e+00	
   2.4100000000000001e+00	   1.3310767701102399e-04	   2.0000000000000000e+00	
   2.4199999999999999e+00	   1.3269632993706537e-04	   2.0000000000000000e+00	
   2.4299999999999997e+00	   1.2793194764526561e-04	   3.0000000000000000e+00	
   2.4399999999999999e+00	   1.0728985567753924e-04	   3.0000000000000000e+00	
   2.4500000000000002e+00	   8.7799794961096467e-05	   3.0000000000000000e+00	
   2.4600000000000000e+00	   6.9607493454082459e-05	   3.0000000000000000e+00	
   2.4699999999999998e+00	   5.2826170025666030e-05	   3.0000000000000000e+00	
   2.4800000000000000e+00	   3.8211406187205199e-05	   3.0000000000000000e+00	
   2.4900000000000002e+00	   2.4802101971310719e-05	   3.0000000000000000e+00	
   2.5100000000000002e+00	   1.1320462225627992e-05	   3.0000000000000000e+00	
   2.5200000000000000e+00	   1.1212922260028790e-05	   3.0000000000000000e+00	
   2.5300000000000002e+00	   1.1092307490079278e-05	   3.0000000000000000e+00	
   2.5400000000000000e+00	   1.1095338411371003e-05	   3.0000000000000000e+00	
   2.5499999999999998e+00	   1.1031660779758923e-05	   3.0000000000000000e+00	
   2.5600000000000001e+00	   1.0903398363071304e-05	   3.0000000000000000e+00	
   2.5699999999999998e+00	   1.0713348952418045e-05	   3.0000000000000000e+00	
   2.5800000000000001e+00	   1.0464919286246044e-05	   3.0000000000000000e+00	
   2.5899999999999999e+00	   1.0313374415815701e-05	   3.0000000000000000e+00	
   2.6000000000000001e+00	   1.0179615420158328e-05	   3.0000000000000000e+00	
   2.6099999999999999e+00	   9.9896631842177896e-06	   3.0000000000000000e+00	
   2.6200000000000001e+00	   9.7470694373491540e-06	   3.0000000000000000e+00	
   2.6299999999999999e+00	   9.4558303402880739e-06	   3.0000000000000000e+00	
   2.6400000000000001e+00	   9.1428003665683377e-06	   3.0000000000000000e+00	
   2.6499999999999999e+00	   8.9635605899918147e-06	   3.0000000000000000e+00	
   2.6600000000000001e+00	   8.7370944958919949e-06	   3.0000000000000000e+00	
   2.6699999999999999e+00	   8.4673615690089576e-06	   3.0000000000000000e+00	
   2.6800000000000002e+00	   8.1586195508354109e-06	   3.0000000000000000e+00	
   2.6899999999999999e+00	   7.8153608566999822e-06	   3.0000000000000000e+00	
   2.7000000000000002e+00	   7.5344677743505173e-06	   3.0000000000000000e+00	
   2.7100000000000000e+00	   7.2919127125370409e-06	   3.0000000000000000e+00	
   2.7200000000000002e+00	   7.0151753173153253e-06	   3.0000000000000000e+00	
   2.7300000000000000e+00	   6.7085165309510586e-06	   3.0000000000000000e+00	
   2.7400000000000002e+00	   6.3763140647488115e-06	   3.0000000000000000e+00	
   2.7500000000000000e+00	   6.0230071585731793e-06	   3.0000000000000000e+00	
   2.7600000000000002e+00	   5.7798744281800651e-06	   3.0000000000000000e+00	
   2.7700000000000000e+00	   5.5109955616750028e-06	   3.0000000000000000e+00	
   2.7800000000000002e+00	   5.2204409872746993e-06	   3.0000000000000000e+00	
   2.7900000000000000e+00	   4.9123038949883124e-06	   3.0000000000000000e+00	
   2.8000000000000003e+00	   4.5906535812711979e-06	   3.0000000000000000e+00	
   2.8100000000000001e+00	   4.3016572324194868e-06	   3.0000000000000000e+00	
   2.8199999999999998e+00	   3.8127474459859201e-06	   4.0000000000000000e+00	
   2.8300000000000001e+00	   3.3420760332525390e-06	   4.0000000000000000e+00	
   2.8399999999999999e+00	   2.9039645275119597e-06	   4.0000000000000000e+00	
   2.8500000000000001e+00	   2.4999573382533669e-06	   4.0000000000000000e+00	
   2.8599999999999999e+00	   2.1308472737402440e-06	   4.0000000000000000e+00	
   2.8700000000000001e+00	   1.8325469370861214e-06	   4.0000000000000000e+00	
   2.8799999999999999e+00	   1.5616012274399793e-06	   4.0000000000000000e+00	
   2.8900000000000001e+00	   1.3138536221202202e-06	   4.0000000000000000e+00	
   2.8999999999999999e+00	   1.0898223707922483e-06	   4.0000000000000000e+00	
   2.9100000000000001e+00	   8.8953372912037310e-07	   4.0000000000000000e+00	
   2.9199999999999999e+00	   7.1787553523883219e-07	   4.0000000000000000e+00	
   2.9300000000000002e+00	   5.7502655570473848e-07	   4.0000000000000000e+00	
   2.9399999999999999e+00	   4.4820257483202397e-07	   4.0000000000000000e+00	
   2.9500000000000002e+00	   3.3731057014207977e-07	   4.0000000000000000e+00	
   2.9600000000000000e+00	   2.4195200443166698e-07	   4.0000000000000000e+00	
   2.9700000000000002e+00	   1.6147464632076947e-07	   4.0000000000000000e+00	
   2.9800000000000000e+00	   9.6674381833139478e-08	   4.0000000000000000e+00	
   2.9900000000000002e+00	   4.3252461390252961e-08	   4.0000000000000000e+00	
   3.0000000000000000e+00	   2.2204460492503131e-16	   1.0000000000000000e+00	
   3.0100000000000002e+00	   3.3673618338170286e-08	   4.0000000000000000e+00	
   3.0200000000000000e+00	   5.8496588684064932e-08	   4.0000000000000000e+00	
   3.0300000000000002e+00	   7.5671897192819415e-08	   4.0000000000000000e+00	
   3.0400000000000000e+00	   8.7325091602252769e-08	   4.0000000000000000e+00	
   3.0500000000000003e+00	   9.3001522261104697e-08	   4.0000000000000000e+00	
   3.0600000000000001e+00	   9.3333289319375012e-08	   4.0000000000000000e+00	
   3.0699999999999998e+00	   8.9012919257669409e-08	   4.0000000000000000e+00	
   3.0800000000000001e+00	   8.0769797961011136e-08	   4.0000000000000000e+00	
   3.0899999999999999e+00	   7.0381765082672132e-08	   4.0000000000000000e+00	
   3.1000000000000001e+00	   5.7589016444481445e-08	   4.0000000000000000e+00	
   3.1099999999999999e+00	   4.2380646769757391e-08	   4.0000000000000000e+00	
   3.1200000000000001e+00	   2.5352068888651047e-08	   4.0000000000000000e+00	
   3.1299999999999999e+00	   7.0952728137285703e-09	   4.0000000000000000e+00	
   3.1400000000000001e+00	   1.1843602321093272e-08	   4.0000000000000000e+00	
   3.1499999999999999e+00	   3.1599352245947898e-08	   4.0000000000000000e+00	
   3.1600000000000001e+00	   5.1822321323058418e-08	   4.0000000000000000e+00	
   3.1699999999999999e+00	   7.2040428511499499e-08	   4.0000000000000000e+00	
   3.1800000000000002e+00	   9.1806947155603780e-08	   4.0000000000000000e+00	
   3.1899999999999999e+00	   1.1070806049673365e-07	   4.0000000000000000e+00	
   3.2000000000000002e+00	   1.2995951181871135e-07	   4.0000000000000000e+00	
   3.2100000000000000e+00	   1.4954082905305199e-07	   4.0000000000000000e+00	
   3.2200000000000002e+00	   1.6802069380261742e-07	   4.0000000000000000e+00	
   3.2300000000000000e+00	   1.8508775512238174e-07	   4.0000000000000000e+00	
   3.2400000000000002e+00	   2.0046900917058963e-07	   4.0000000000000000e+00	
   3.2500000000000000e+00	   2.1393222104926224e-07	   4.0000000000000000e+00	
   3.2600000000000002e+00	   2.3034183116443785e-07	   4.0000000000000000e+00	
   3.2700000000000000e+00	   2.4506657725353875e-07	   4.0000000000000000e+00	
   3.2800000000000002e+00	   2.5791034041766636e-07	   4.0000000000000000e+00	
   3.2900000000000000e+00	   2.6871404412709410e-07	   4.0000000000000000e+00	
   3.3000000000000003e+00	   2.7735577390330945e-07	   4.0000000000000000e+00	
   3.3100000000000001e+00	   2.8655909889430120e-07	   4.0000000000000000e+00	
   3.3199999999999998e+00	   2.9723608685472414e-07	   4.0000000000000000e+00	
   3.3300000000000001e+00	   3.0588628630034975e-07	   4.0000000000000000e+00	
   3.3399999999999999e+00	   3.1243594422747378e-07	   4.0000000000000000e+00	
   3.3500000000000001e+00	   3.1684207324467195e-07	   4.0000000000000000e+00	
   3.3599999999999999e+00	   3.1909080600023287e-07	   4.0000000000000000e+00	
   3.3700000000000001e+00	   3.2555143048007551e-07	   4.0000000000000000e+00	
   3.3799999999999999e+00	   3.3081878947349708e-07	   4.0000000000000000e+00	
   3.3900000000000001e+00	   3.3409259247996204e-07	   4.0000000000000000e+00	
   3.3999999999999999e+00	   3.3538066324112492e-07	   4.0000000000000000e+00	
   3.4100000000000001e+00	   3.3471225524550619e-07	   4.0000000000000000e+00	
   3.4199999999999999e+00	   3.3459844539507344e-07	   4.0000000000000000e+00	
   3.4300000000000002e+00	   3.3756742734425416e-07	   4.0000000000000000e+00	
   3.4399999999999999e+00	   3.3872690985425891e-07	   4.0000000000000000e+00	
   3.4500000000000002e+00	   3.3811209165790501e-07	   4.0000000000000000e+00	
   3.4600000000000000e+00	   3.3577272673390723e-07	   4.0000000000000000e+00	
   3.4700000000000002e+00	   3.3097526608294459e-07	   5.0000000000000000e+00	
   3.4800000000000000e+00	   2.1128898120004180e-07	   5.0000000000000000e+00	
   3.4900000000000002e+00	   1.0448704568233325e-07	   5.0000000000000000e+00	
   3.5100000000000002e+00	   8.2756708152942338e-09	   5.0000000000000000e+00	
   3.5200000000000000e+00	   7.2497383651892733e-09	   5.0000000000000000e+00	
   3.5300000000000002e+00	   6.2580247650600995e-09	   5.0000000000000000e+00	
   3.5400000000000000e+00	   5.3673461231085184e-09	   5.0000000000000000e+00	
   3.5500000000000003e+00	   4.4691792489004456e-09	   5.0000000000000000e+00	
   3.5600000000000001e+00	   3.5782632412661997e-09	   5.0000000000000000e+00	
   3.5700000000000003e+00	   2.7084099407659323e-09	   5.0000000000000000e+00	
   3.5800000000000001e+00	   1.8723118611063683e-09	   5.0000000000000000e+00	
   3.5899999999999999e+00	   1.0974876563096814e-09	   5.0000000000000000e+00	
   3.6000000000000001e+00	   3.5869285319733990e-10	   5.0000000000000000e+00	
   3.6099999999999999e+00	   3.4648284241711735e-10	   5.0000000000000000e+00	
   3.6200000000000001e+00	   1.0078857748396786e-09	   5.0000000000000000e+00	
   3.6299999999999999e+00	   1.6166927796490427e-09	   5.0000000000000000e+00	
   3.6400000000000001e+00	   2.1708224107186425e-09	   5.0000000000000000e+00	
   3.6499999999999999e+00	   2.7144226866226973e-09	   5.0000000000000000e+00	
   3.6600000000000001e+00	   3.2081455270116521e-09	   5.0000000000000000e+00	
   3.6699999999999999e+00	   3.6455269913915345e-09	   5.0000000000000000e+00	
   3.6800000000000002e+00	   4.0214607199828833e-09	   5.0000000000000000e+00	
   3.6899999999999999e+00	   4.3322134768430942e-09	   5.0000000000000000e+00	
   3.7000000000000002e+00	   4.6321109170577301e-09	   5.0000000000000000e+00	
   3.7100000000000000e+00	   4.9171671179237819e-09	   5.0000000000000000e+00	
   3.7200000000000002e+00	   5.1418342916775828e-09	   5.0000000000000000e+00	
   3.7300000000000000e+00	   5.3042912284695376e-09	   5.0000000000000000e+00	
   3.7400000000000002e+00	   5.4039426267138424e-09	   5.0000000000000000e+00	
   3.7500000000000000e+00	   5.4413664685171170e-09	   5.0000000000000000e+00	
   3.7600000000000002e+00	   5.5398079457091853e-09	   5.0000000000000000e+00	
   3.7700000000000000e+00	   5.5804727505659457e-09	   5.0000000000000000e+00	
   3.7800000000000002e+00	   5.5642253027343713e-09	   5.0000000000000000e+00	
   3.7900000000000000e+00	   5.4929385484570048e-09	   5.0000000000000000e+00	
   3.8000000000000003e+00	   5.3694126922465557e-09	   5.0000000000000000e+00	
   3.8100000000000001e+00	   5.2487343360496652e-09	   5.0000000000000000e+00	
   3.8200000000000003e+00	   5.1433888259566629e-09	   5.0000000000000000e+00	
   3.8300000000000001e+00	   4.9905382049075797e-09	   5.0000000000000000e+00	
   3.8399999999999999e+00	   4.7938200076202975e-09	   5.0000000000000000e+00	
   3.8500000000000001e+00	   4.5575321294677451e-09	   5.0000000000000000e+00	
   3.8599999999999999e+00	   4.2865331284502872e-09	   5.0000000000000000e+00	
   3.8700000000000001e+00	   4.0655072641726520e-09	   5.0000000000000000e+00	
   3.8799999999999999e+00	   3.8192836671058217e-09	   5.0000000000000000e+00	
   3.8900000000000001e+00	   3.5420502086935812e-09	   5.0000000000000000e+00	
   3.8999999999999999e+00	   3.2389333437521373e-09	   5.0000000000000000e+00	
   3.9100000000000001e+00	   2.8291224918319813e-09	   6.0000000000000000e+00	
   3.9199999999999999e+00	   2.2123494147763267e-09	   6.0000000000000000e+00	
   3.9300000000000002e+00	   1.7146073449936239e-09	   6.0000000000000000e+00	
   3.9399999999999999e+00	   1.2908989432958151e-09	   6.0000000000000000e+00	
   3.9500000000000002e+00	   9.3658936162199780e-10	   6.0000000000000000e+00	
   3.9600000000000000e+00	   6.4621163975431273e-10	   6.0000000000000000e+00	
   3.9700000000000002e+00	   4.1374159653884135e-10	   6.0000000000000000e+00	
   3.9800000000000000e+00	   2.3688984107650413e-10	   6.0000000000000000e+00	
   3.9900000000000002e+00	   1.0097056524216441e-10	   6.0000000000000000e+00	
   4.0000000000000000e+00	   2.2204460492503131e-16	   1.0000000000000000e+00	
   4.0099999999999998e+00	   7.0250250061576480e-11	   6.0000000000000000e+00	
   4.0199999999999996e+00	   1.1412293332568879e-10	   6.0000000000000000e+00	
   4.0300000000000002e+00	   1.3660894637723686e-10	   6.0000000000000000e+00	
   4.0400000000000000e+00	   1.4372425471975703e-10	   6.0000000000000000e+00	
   4.0500000000000007e+00	   1.3649392727188570e-10	   6.0000000000000000e+00	
   4.0600000000000005e+00	   1.1787715248345876e-10	   6.0000000000000000e+00	
   4.0700000000000003e+00	   9.0726759438553017e-11	   6.0000000000000000e+00	
   4.0800000000000001e+00	   5.7719051760329876e-11	   6.0000000000000000e+00	
   4.0899999999999999e+00	   2.1618928869315823e-11	   6.0000000000000000e+00	
   4.0999999999999996e+00	   1.6964651905482242e-11	   6.0000000000000000e+00	
   4.1099999999999994e+00	   5.6621818345092834e-11	   6.0000000000000000e+00	
   4.1200000000000001e+00	   9.5708330150046095e-11	   6.0000000000000000e+00	
   4.1299999999999999e+00	   1.3279555233225437e-10	   6.0000000000000000e+00	
   4.1400000000000006e+00	   1.6709877925791261e-10	   6.0000000000000000e+00	
   4.1500000000000004e+00	   2.0133672506972289e-10	   6.0000000000000000e+00	
   4.1600000000000001e+00	   2.3198154508463631e-10	   6.0000000000000000e+00	
   4.1699999999999999e+00	   2.5829072214378357e-10	   6.0000000000000000e+00	
   4.1799999999999997e+00	   2.7971736038523431e-10	   6.0000000000000000e+00	
   4.1899999999999995e+00	   2.9590752070873805e-10	   6.0000000000000000e+00	
   4.2000000000000002e+00	   3.1049296467244858e-10	   6.0000000000000000e+00	
   4.2100000000000000e+00	   3.2305547126298961e-10	   6.0000000000000000e+00	
   4.2200000000000006e+00	   3.3056835047062805e-10	   6.0000000000000000e+00	
   4.2300000000000004e+00	   3.3305258551052930e-10	   6.0000000000000000e+00	
   4.2400000000000002e+00	   3.3066649418600491e-10	   6.0000000000000000e+00	
   4.2500000000000000e+00	   3.2368752123090871e-10	   6.0000000000000000e+00	
   4.2599999999999998e+00	   3.1950597723096053e-10	   6.0000000000000000e+00	
   4.2699999999999996e+00	   3.1111246912018942e-10	   6.0000000000000000e+00	
   4.2799999999999994e+00	   2.9884650309952576e-10	   6.0000000000000000e+00	
   4.2900000000000000e+00	   2.8312596711543847e-10	   6.0000000000000000e+00	
   4.2999999999999998e+00	   2.6443003342535576e-10	   6.0000000000000000e+00	
   4.3100000000000005e+00	   2.4569213330494222e-10	   6.0000000000000000e+00	
   4.3200000000000003e+00	   2.2742407956855004e-10	   6.0000000000000000e+00	
   4.3300000000000001e+00	   2.0686141688486259e-10	   6.0000000000000000e+00	
   4.3399999999999999e+00	   1.8450374561496119e-10	   6.0000000000000000e+00	
   4.3499999999999996e+00	   1.6086865173292608e-10	   6.0000000000000000e+00	
   4.3599999999999994e+00	   1.3647505348046707e-10	   6.0000000000000000e+00	
   4.3700000000000001e+00	   1.1405876243486546e-10	   6.0000000000000000e+00	
   4.3799999999999999e+00	   9.1183172123976419e-11	   6.0000000000000000e+00	
   4.3900000000000006e+00	   6.7982064422267285e-11	   6.0000000000000000e+00	
   4.4000000000000004e+00	   4.4908743390692507e-11	   6.0000000000000000e+00	
   4.4100000000000001e+00	   2.2392532272874632e-11	   6.0000000000000000e+00	
   4.4199999999999999e+00	   8.3488771451811772e-13	   6.0000000000000000e+00	
   4.4299999999999997e+00	   2.0011103885053672e-11	   6.0000000000000000e+00	
   4.4399999999999995e+00	   4.0098147024991704e-11	   6.0000000000000000e+00	
   4.4499999999999993e+00	   5.9086513459760681e-11	   6.0000000000000000e+00	
   4.4600000000000000e+00	   7.6673889459755173e-11	   6.0000000000000000e+00	
   4.4699999999999998e+00	   9.2601148971027669e-11	   6.0000000000000000e+00	
   4.4800000000000004e+00	   1.0851208820383818e-10	   6.0000000000000000e+00	
   4.4900000000000002e+00	   1.2346279554265038e-10	   6.0000000000000000e+00	
   4.5099999999999998e+00	   3.8563263693447425e-11	   7.0000000000000000e+00	
   4.5199999999999996e+00	   3.9291681019903990e-11	   7.0000000000000000e+00	
   4.5299999999999994e+00	   3.9873215840202647e-11	   7.0000000000000000e+00	
   4.5400000000000000e+00	   4.0811798385220754e-11	   7.0000000000000000e+00	
   4.5499999999999998e+00	   4.1426639896258166e-11	   7.0000000000000000e+00	
   4.5600000000000005e+00	   4.1714853793450857e-11	   7.0000000000000000e+00	
   4.5700000000000003e+00	   4.1677994389033302e-11	   7.0000000000000000e+00	
   4.5800000000000001e+00	   4.1322723021153251e-11	   7.0000000000000000e+00	
   4.5899999999999999e+00	   4.1266656758409681e-11	   7.0000000000000000e+00	
   4.5999999999999996e+00	   4.1209258228036560e-11	   7.0000000000000000e+00	
   4.6099999999999994e+00	   4.0854875038576210e-11	   7.0000000000000000e+00	
   4.6200000000000001e+00	   4.0214942487182270e-11	   7.0000000000000000e+00	
   4.6299999999999999e+00	   3.9305891874619192e-11	   7.0000000000000000e+00	
   4.6400000000000006e+00	   3.8241521060911055e-11	   7.0000000000000000e+00	
   4.6500000000000004e+00	   3.7680192299660575e-11	   7.0000000000000000e+00	
   4.6600000000000001e+00	   3.6869507447079286e-11	   7.0000000000000000e+00	
   4.6699999999999999e+00	   3.5828895406098127e-11	   7.0000000000000000e+00	
   4.6799999999999997e+00	   3.4579228369580051e-11	   7.0000000000000000e+00	
   4.6899999999999995e+00	   3.3144820221764348e-11	   7.0000000000000000e+00	
   4.6999999999999993e+00	   3.1940228240046054e-11	   7.0000000000000000e+00	
   4.7100000000000000e+00	   3.0868418932072927e-11	   7.0000000000000000e+00	
   4.7199999999999998e+00	   2.9626301412122302e-11	   7.0000000000000000e+00	
   4.7300000000000004e+00	   2.8236968319106381e-11	   7.0000000000000000e+00	
   4.7400000000000002e+00	   2.6724400470357068e-11	   7.0000000000000000e+00	
   4.7500000000000000e+00	   2.5112578683206266e-11	   7.0000000000000000e+00	
   4.7599999999999998e+00	   2.3951729488658202e-11	   7.0000000000000000e+00	
   4.7699999999999996e+00	   2.2678081634808223e-11	   7.0000000000000000e+00	
   4.7799999999999994e+00	   2.1312951403729130e-11	   7.0000000000000000e+00	
   4.7900000000000000e+00	   1.9878987345123278e-11	   7.0000000000000000e+00	
   4.7999999999999998e+00	   1.8397727785668394e-11	   7.0000000000000000e+00	
   4.8100000000000005e+00	   1.7057688594945830e-11	   7.0000000000000000e+00	
   4.8200000000000003e+00	   1.5879075832003764e-11	   7.0000000000000000e+00	
   4.8300000000000001e+00	   1.4655610058866841e-11	   7.0000000000000000e+00	
   4.8399999999999999e+00	   1.3406609156163540e-11	   7.0000000000000000e+00	
   4.8499999999999996e+00	   1.2149836692287863e-11	   7.0000000000000000e+00	
   4.8599999999999994e+00	   1.0903056235633812e-11	   7.0000000000000000e+00	
   4.8700000000000001e+00	   9.8734354025964421e-12	   7.0000000000000000e+00	
   4.8799999999999999e+00	   8.8609120041382994e-12	   7.0000000000000000e+00	
   4.8900000000000006e+00	   7.8548278992229825e-12	   7.0000000000000000e+00	
   4.9000000000000004e+00	   6.8687278087509185e-12	   7.0000000000000000e+00	
   4.9100000000000001e+00	   5.9139360075732839e-12	   7.0000000000000000e+00	
   4.9199999999999999e+00	   5.0384141303538854e-12	   7.0000000000000000e+00	
   4.9299999999999997e+00	   4.2650327714000014e-12	   7.0000000000000000e+00	
   4.9399999999999995e+00	   3.5180747204321960e-12	   7.0000000000000000e+00	
   4.9499999999999993e+00	   2.8055335832277706e-12	   7.0000000000000000e+00	
   4.9600000000000000e+00	   2.1360690993788012e-12	   7.0000000000000000e+00	
   4.9699999999999998e+00	   1.4155343563970746e-12	   8.0000000000000000e+00	
   4.9800000000000004e+00	   8.1734619072904025e-13	   8.0000000000000000e+00	
   4.9900000000000002e+00	   3.5371705564557487e-13	   8.0000000000000000e+00	
   5.0000000000000000e+00	   2.2204460492503131e-16	   1.0000000000000000e+00	
   5.0099999999999998e+00	   2.6012525466967418e-13	   8.0000000000000000e+00	
   5.0199999999999996e+00	   4.4253489761558740e-13	   8.0000000000000000e+00	
   5.0299999999999994e+00	   5.6465943032435462e-13	   8.0000000000000000e+00	
   5.0400000000000000e+00	   6.4903638019586651e-13	   8.0000000000000000e+00	
   5.0499999999999998e+00	   6.9677597025474824e-13	   8.0000000000000000e+00	
   5.0600000000000005e+00	   7.1731509621031364e-13	   8.0000000000000000e+00	
   5.0700000000000003e+00	   7.1831429693247628e-13	   8.0000000000000000e+00	
   5.0800000000000001e+00	   7.0521366524189943e-13	   8.0000000000000000e+00	
   5.0899999999999999e+00	   6.9477756881042296e-13	   8.0000000000000000e+00	
   5.0999999999999996e+00	   6.8467453928633404e-13	   8.0000000000000000e+00	
   5.1099999999999994e+00	   6.7434946515732008e-13	   8.0000000000000000e+00	
   5.1200000000000001e+00	   6.6480154714554374e-13	   8.0000000000000000e+00	
   5.1299999999999999e+00	   6.5869532051010538e-13	   8.0000000000000000e+00	
   5.1400000000000006e+00	   6.5858429820764286e-13	   8.0000000000000000e+00	
   5.1500000000000004e+00	   6.7679195581149543e-13	   8.0000000000000000e+00	
   5.1600000000000001e+00	   6.9988459472369868e-13	   8.0000000000000000e+00	
   5.1699999999999999e+00	   7.2830630415410269e-13	   8.0000000000000000e+00	
   5.1799999999999997e+00	   7.6094686107808229e-13	   8.0000000000000000e+00	
   5.1899999999999995e+00	   7.9725115398332491e-13	   8.0000000000000000e+00	
   5.1999999999999993e+00	   8.4554585555451922e-13	   8.0000000000000000e+00	
   5.2100000000000000e+00	   9.0416563125472749e-13	   8.0000000000000000e+00	
   5.2199999999999998e+00	   9.6500585300418606e-13	   8.0000000000000000e+00	
   5.2300000000000004e+00	   1.0247358517290195e-12	   8.0000000000000000e+00	
   5.2400000000000002e+00	   1.0826894936144527e-12	   8.0000000000000000e+00	
   5.2500000000000000e+00	   1.1368683772161603e-12	   8.0000000000000000e+00	
   5.2599999999999998e+00	   1.2121414982857459e-12	   8.0000000000000000e+00	
   5.2699999999999996e+00	   1.2831957718617559e-12	   8.0000000000000000e+00	
   5.2799999999999994e+00	   1.3484768857097151e-12	   8.0000000000000000e+00	
   5.2900000000000000e+00	   1.4062084829902233e-12	   8.0000000000000000e+00	
   5.2999999999999998e+00	   1.4549472737712676e-12	   8.0000000000000000e+00	
   5.3100000000000005e+00	   1.4721557306529576e-12	   7.0000000000000000e+00	
   5.3200000000000003e+00	   1.4253043190137760e-12	   7.0000000000000000e+00	
   5.3300000000000001e+00	   1.3782308627696693e-12	   7.0000000000000000e+00	
   5.3399999999999999e+00	   1.3316014957354128e-12	   7.0000000000000000e+00	
   5.3499999999999996e+00	   1.2858603071208563e-12	   7.0000000000000000e+00	
   5.3599999999999994e+00	   1.2415624084383126e-12	   7.0000000000000000e+00	
   5.3700000000000001e+00	   1.2232437285319975e-12	   7.0000000000000000e+00	
   5.3799999999999999e+00	   1.2090328738167955e-12	   7.0000000000000000e+00	
   5.3900000000000006e+00	   1.1959322421262186e-12	   7.0000000000000000e+00	
   5.4000000000000004e+00	   1.1832756996454918e-12	   7.0000000000000000e+00	
   5.4100000000000001e+00	   1.1717293801893902e-12	   7.0000000000000000e+00	
   5.4199999999999999e+00	   1.1690648449302898e-12	   7.0000000000000000e+00	
   5.4299999999999997e+00	   1.1837197888553419e-12	   7.0000000000000000e+00	
   5.4399999999999995e+00	   1.1972645097557688e-12	   7.0000000000000000e+00	
   5.4499999999999993e+00	   1.2101430968414206e-12	   7.0000000000000000e+00	
   5.4600000000000000e+00	   1.2212453270876722e-12	   7.0000000000000000e+00	
   5.4699999999999998e+00	   1.2297940443772859e-12	   7.0000000000000000e+00	
   5.4800000000000004e+00	   1.2561063300609021e-12	   7.0000000000000000e+00	
   5.4900000000000002e+00	   1.2849721287011562e-12	   7.0000000000000000e+00	
   5.5099999999999998e+00	   1.0951239914902544e-12	   7.0000000000000000e+00	
   5.5199999999999996e+00	   8.8984375423706297e-13	   7.0000000000000000e+00	
   5.5299999999999994e+00	   6.9910743860646107e-13	   7.0000000000000000e+00	
   5.5400000000000000e+00	   5.3002047195604973e-13	   7.0000000000000000e+00	
   5.5499999999999998e+00	   3.6914915568786455e-13	   7.0000000000000000e+00	
   5.5600000000000005e+00	   2.1915802506100590e-13	   7.0000000000000000e+00	
   5.5700000000000003e+00	   8.1268325402561459e-14	   7.0000000000000000e+00	
   5.5800000000000001e+00	   4.2632564145606011e-14	   7.0000000000000000e+00	
   5.5899999999999999e+00	   1.5321077739827160e-13	   7.0000000000000000e+00	
   5.5999999999999996e+00	   2.5313084961453569e-13	   7.0000000000000000e+00	
   5.6099999999999994e+00	   3.4039437935007300e-13	   7.0000000000000000e+00	
   5.6200000000000001e+00	   4.1389114358025836e-13	   7.0000000000000000e+00	
   5.6299999999999999e+00	   4.7295500849031669e-13	   7.0000000000000000e+00	
   5.6400000000000006e+00	   5.1969539782703578e-13	   7.0000000000000000e+00	
   5.6500000000000004e+00	   5.6332716269480443e-13	   7.0000000000000000e+00	
   5.6600000000000001e+00	   5.9419136277938378e-13	   7.0000000000000000e+00	
   5.6699999999999999e+00	   6.1262106498816138e-13	   7.0000000000000000e+00	
   5.6799999999999997e+00	   6.1861626932113722e-13	   7.0000000000000000e+00	
   5.6899999999999995e+00	   6.1328719880293647e-13	   7.0000000000000000e+00	
   5.6999999999999993e+00	   6.0418337000101019e-13	   7.0000000000000000e+00	
   5.7100000000000000e+00	   5.9097171600797083e-13	   7.0000000000000000e+00	
   5.7199999999999998e+00	   5.6754601018838002e-13	   7.0000000000000000e+00	
   5.7300000000000004e+00	   5.3579363168410055e-13	   7.0000000000000000e+00	
   5.7400000000000002e+00	   4.9560355819266988e-13	   7.0000000000000000e+00	
   5.7500000000000000e+00	   4.4941828036826337e-13	   7.0000000000000000e+00	
   5.7599999999999998e+00	   4.0634162701280729e-13	   7.0000000000000000e+00	
   5.7699999999999996e+00	   3.5771385853422544e-13	   7.0000000000000000e+00	
   5.7799999999999994e+00	   3.0486724256206799e-13	   7.0000000000000000e+00	
   5.7900000000000000e+00	   2.4902302442342261e-13	   7.0000000000000000e+00	
   5.7999999999999998e+00	   1.9095836023552692e-13	   7.0000000000000000e+00	
   5.8100000000000005e+00	   1.3444800828210646e-13	   7.0000000000000000e+00	
   5.8200000000000003e+00	   7.9047879353311146e-14	   7.0000000000000000e+00	
   5.8300000000000001e+00	   2.3980817331903381e-14	   7.0000000000000000e+00	
   5.8399999999999999e+00	   2.9531932455029164e-14	   7.0000000000000000e+00	
   5.8499999999999996e+00	   7.9491968563161208e-14	   7.0000000000000000e+00	
   5.8599999999999994e+00	   1.2478906796786760e-13	   7.0000000000000000e+00	
   5.8700000000000001e+00	   1.6786572132332367e-13	   7.0000000000000000e+00	
   5.8799999999999999e+00	   2.0583534876550402e-13	   7.0000000000000000e+00	
   5.8900000000000006e+00	   2.0661250488274163e-13	   8.0000000000000000e+00	
   5.9000000000000004e+00	   1.8374191057546341e-13	   8.0000000000000000e+00	
   5.9100000000000001e+00	   1.6120438317557273e-13	   8.0000000000000000e+00	
   5.9199999999999999e+00	   1.3988810110276972e-13	   8.0000000000000000e+00	
   5.9299999999999997e+00	   1.2123635428906709e-13	   8.0000000000000000e+00	
   5.9399999999999995e+00	   1.0247358517290195e-13	   8.0000000000000000e+00	
   5.9500000000000002e+00	   8.3488771451811772e-14	   8.0000000000000000e+00	
   5.9600000000000000e+00	   6.5281113847959205e-14	   8.0000000000000000e+00	
   5.9699999999999998e+00	   4.7739590058881731e-14	   8.0000000000000000e+00	
   5.9800000000000004e+00	   3.1863400806741993e-14	   8.0000000000000000e+00	
   5.9900000000000002e+00	   1.5765166949677223e-14	   8.0000000000000000e+00	
   6.0000000000000000e+00	   2.2204460492503131e-16	   2.0000000000000000e+00	
   6.0099999999999998e+00	   1.5321077739827160e-14	   8.0000000000000000e+00	
   6.0199999999999996e+00	   2.9864999362416711e-14	   8.0000000000000000e+00	
   6.0300000000000002e+00	   4.3742787170231168e-14	   8.0000000000000000e+00	
   6.0400000000000000e+00	   5.7731597280508140e-14	   8.0000000000000000e+00	
   6.0499999999999998e+00	   7.1942451995710144e-14	   8.0000000000000000e+00	
   6.0600000000000005e+00	   8.5265128291212022e-14	   8.0000000000000000e+00	
   6.0700000000000003e+00	   9.7921670771938807e-14	   8.0000000000000000e+00	
   6.0800000000000001e+00	   1.0991207943789050e-13	   8.0000000000000000e+00	
   6.0899999999999999e+00	   1.2290168882600483e-13	   8.0000000000000000e+00	
   6.0999999999999996e+00	   1.3644640972643174e-13	   8.0000000000000000e+00	
   6.1099999999999994e+00	   1.4899192990469601e-13	   8.0000000000000000e+00	
   6.1200000000000001e+00	   1.6098233857064770e-13	   8.0000000000000000e+00	
   6.1299999999999999e+00	   1.7263968032921184e-13	   8.0000000000000000e+00	
   6.1399999999999997e+00	   1.8363088827300089e-13	   8.0000000000000000e+00	
   6.1500000000000004e+00	   1.9706458687096529e-13	   8.0000000000000000e+00	
   6.1600000000000001e+00	   2.1049828546892968e-13	   8.0000000000000000e+00	
   6.1699999999999999e+00	   2.2293278334473143e-13	   8.0000000000000000e+00	
   6.1799999999999997e+00	   2.3447910280083306e-13	   8.0000000000000000e+00	
   6.1899999999999995e+00	   2.4491519923230953e-13	   8.0000000000000000e+00	
   6.2000000000000002e+00	   2.5757174171303632e-13	   8.0000000000000000e+00	
   6.2100000000000000e+00	   2.7178259642823832e-13	   8.0000000000000000e+00	
   6.2199999999999998e+00	   2.8521629502620272e-13	   8.0000000000000000e+00	
   6.2300000000000004e+00	   2.9742874829707944e-13	   8.0000000000000000e+00	
   6.2400000000000002e+00	   3.0864200084579352e-13	   8.0000000000000000e+00	
   6.2500000000000000e+00	   3.1852298576495741e-13	   8.0000000000000000e+00	
   6.2599999999999998e+00	   3.3439917501709715e-13	   8.0000000000000000e+00	
   6.2699999999999996e+00	   3.4883207433722419e-13	   8.0000000000000000e+00	
   6.2800000000000002e+00	   3.6215475063272606e-13	   8.0000000000000000e+00	
   6.2900000000000000e+00	   3.7414515929867775e-13	   8.0000000000000000e+00	
   6.2999999999999998e+00	   3.8458125573015423e-13	   8.0000000000000000e+00	
   6.3100000000000005e+00	   3.9723779821088101e-13	   8.0000000000000000e+00	
   6.3200000000000003e+00	   4.1300296516055823e-13	   8.0000000000000000e+00	
   6.3300000000000001e+00	   4.2743586448068527e-13	   8.0000000000000000e+00	
   6.3399999999999999e+00	   4.4009240696141205e-13	   8.0000000000000000e+00	
   6.3499999999999996e+00	   4.5097259260273859e-13	   8.0000000000000000e+00	
   6.3599999999999994e+00	   4.5963233219481481e-13	   8.0000000000000000e+00	
   6.3700000000000001e+00	   4.7561954374941706e-13	   8.0000000000000000e+00	
   6.3799999999999999e+00	   4.9060755458185668e-13	   8.0000000000000000e+00	
   6.3899999999999997e+00	   5.0381920857489604e-13	   8.0000000000000000e+00	
   6.4000000000000004e+00	   5.1469939421622257e-13	   8.0000000000000000e+00	
   6.4100000000000001e+00	   5.2313708920337376e-13	   8.0000000000000000e+00	
   6.4199999999999999e+00	   5.3335114102992520e-13	   8.0000000000000000e+00	
   6.4299999999999997e+00	   5.4856119646728985e-13	   8.0000000000000000e+00	
   6.4399999999999995e+00	   5.6110671664555412e-13	   8.0000000000000000e+00	
   6.4500000000000002e+00	   5.7198690228688065e-13	   8.0000000000000000e+00	
   6.4600000000000000e+00	   5.7964744115679423e-13	   8.0000000000000000e+00	
   6.4699999999999998e+00	   5.8464344476760743e-13	   8.0000000000000000e+00	
   6.4800000000000004e+00	   5.9641180882863409e-13	   8.0000000000000000e+00	
   6.4900000000000002e+00	   6.0862426209951082e-13	   8.0000000000000000e+00	
   6.5099999999999998e+00	   6.0285110237146000e-13	   8.0000000000000000e+00	
   6.5199999999999996e+00	   5.8530957858238253e-13	   8.0000000000000000e+00	
   6.5300000000000002e+00	   5.6776805479330505e-13	   8.0000000000000000e+00	
   6.5400000000000000e+00	   5.5788706987414116e-13	   8.0000000000000000e+00	
   6.5499999999999998e+00	   5.4589666120818947e-13	   8.0000000000000000e+00	
   6.5600000000000005e+00	   5.3146376188806244e-13	   8.0000000000000000e+00	
   6.5700000000000003e+00	   5.1447734961129754e-13	   8.0000000000000000e+00	
   6.5800000000000001e+00	   4.9604764740251994e-13	   8.0000000000000000e+00	
   6.5899999999999999e+00	   4.8294701571194310e-13	   8.0000000000000000e+00	
   6.5999999999999996e+00	   4.7184478546569153e-13	   8.0000000000000000e+00	
   6.6099999999999994e+00	   4.5807801996033959e-13	   8.0000000000000000e+00	
   6.6200000000000001e+00	   4.4320103143036249e-13	   8.0000000000000000e+00	
   6.6299999999999999e+00	   4.2676973066591017e-13	   8.0000000000000000e+00	
   6.6399999999999997e+00	   4.0989434069160779e-13	   8.0000000000000000e+00	
   6.6500000000000004e+00	   3.9945824426013132e-13	   8.0000000000000000e+00	
   6.6600000000000001e+00	   3.8746783559417963e-13	   8.0000000000000000e+00	
   6.6699999999999999e+00	   3.7414515929867775e-13	   8.0000000000000000e+00	
   6.6799999999999997e+00	   3.5949021537362569e-13	   8.0000000000000000e+00	
   6.6899999999999995e+00	   3.4372504842394846e-13	   8.0000000000000000e+00	
   6.7000000000000002e+00	   3.3106850594322168e-13	   8.0000000000000000e+00	
   6.7100000000000000e+00	   3.2063240951174521e-13	   8.0000000000000000e+00	
   6.7199999999999998e+00	   3.0886404545071855e-13	   8.0000000000000000e+00	
   6.7300000000000004e+00	   2.9576341376014170e-13	   8.0000000000000000e+00	
   6.7400000000000002e+00	   2.8199664825478976e-13	   8.0000000000000000e+00	
   6.7500000000000000e+00	   2.6767477123712524e-13	   8.0000000000000000e+00	
   6.7599999999999998e+00	   2.5823787552781141e-13	   8.0000000000000000e+00	
   6.7699999999999996e+00	   2.4802382370125997e-13	   8.0000000000000000e+00	
   6.7800000000000002e+00	   2.3647750424515834e-13	   8.0000000000000000e+00	
   6.7900000000000000e+00	   2.2448709557920665e-13	   8.0000000000000000e+00	
   6.7999999999999998e+00	   2.1183055309847987e-13	   8.0000000000000000e+00	
   6.8100000000000005e+00	   2.0072832285222830e-13	   8.0000000000000000e+00	
   6.8200000000000003e+00	   1.9095836023552692e-13	   8.0000000000000000e+00	
   6.8300000000000001e+00	   1.8074430840897548e-13	   8.0000000000000000e+00	
   6.8399999999999999e+00	   1.6986412276764895e-13	   8.0000000000000000e+00	
   6.8499999999999996e+00	   1.5853984791647235e-13	   8.0000000000000000e+00	
   6.8599999999999994e+00	   1.4632739464559563e-13	   8.0000000000000000e+00	
   6.8700000000000001e+00	   1.3722356584366935e-13	   8.0000000000000000e+00	
   6.8799999999999999e+00	   1.2745360322696797e-13	   8.0000000000000000e+00	
   6.8899999999999997e+00	   1.1735057370287905e-13	   8.0000000000000000e+00	
   6.9000000000000004e+00	   1.0635936575909000e-13	   8.0000000000000000e+00	
   6.9100000000000001e+00	   9.5479180117763462e-14	   8.0000000000000000e+00	
   6.9199999999999999e+00	   8.5043083686286991e-14	   8.0000000000000000e+00	
   6.9299999999999997e+00	   7.5273121069585613e-14	   8.0000000000000000e+00	
   6.9399999999999995e+00	   6.4726002335646626e-14	   8.0000000000000000e+00	
   6.9500000000000002e+00	   5.4178883601707639e-14	   8.0000000000000000e+00	
   6.9600000000000000e+00	   4.3520742565306136e-14	   8.0000000000000000e+00	
   6.9699999999999998e+00	   3.2529534621517087e-14	   8.0000000000000000e+00	
   6.9800000000000004e+00	   2.1982415887578100e-14	   8.0000000000000000e+00	
   6.9900000000000002e+00	   1.1102230246251565e-14	   8.0000000000000000e+00	
   7.0000000000000000e+00	   2.2204460492503131e-16	   1.0000000000000000e+00	
   7.0099999999999998e+00	   1.1435297153639112e-14	   8.0000000000000000e+00	
   7.0199999999999996e+00	   2.2537527399890678e-14	   8.0000000000000000e+00	
   7.0300000000000002e+00	   3.3861802251067274e-14	   8.0000000000000000e+00	
   7.0400000000000000e+00	   4.5852210917018965e-14	   8.0000000000000000e+00	
   7.0499999999999998e+00	   5.7731597280508140e-14	   8.0000000000000000e+00	
   7.0599999999999996e+00	   6.9833028248922346e-14	   8.0000000000000000e+00	
   7.0700000000000003e+00	   8.2156503822261584e-14	   8.0000000000000000e+00	
   7.0800000000000001e+00	   9.3924867883288243e-14	   8.0000000000000000e+00	
   7.0899999999999999e+00	   1.0669243266647754e-13	   8.0000000000000000e+00	
   7.0999999999999996e+00	   1.2034817586936697e-13	   8.0000000000000000e+00	
   7.1100000000000003e+00	   1.3433698597964394e-13	   8.0000000000000000e+00	
   7.1200000000000001e+00	   1.4743761767022079e-13	   8.0000000000000000e+00	
   7.1299999999999999e+00	   1.6009416015094757e-13	   8.0000000000000000e+00	
   7.1399999999999997e+00	   1.7252865802674933e-13	   8.0000000000000000e+00	
   7.1500000000000004e+00	   1.8851586958135158e-13	   8.0000000000000000e+00	
   7.1600000000000001e+00	   2.0361490271625371e-13	   8.0000000000000000e+00	
   7.1699999999999999e+00	   2.1849189124623081e-13	   8.0000000000000000e+00	
   7.1799999999999997e+00	   2.3270274596143281e-13	   8.0000000000000000e+00	
   7.1899999999999995e+00	   2.4613644455939721e-13	   8.0000000000000000e+00	
   7.2000000000000002e+00	   2.6156854460168688e-13	   8.0000000000000000e+00	
   7.2100000000000000e+00	   2.7888802378583932e-13	   8.0000000000000000e+00	
   7.2199999999999998e+00	   2.9531932455029164e-13	   8.0000000000000000e+00	
   7.2300000000000004e+00	   3.1108449149996886e-13	   8.0000000000000000e+00	
   7.2400000000000002e+00	   3.2551739082009590e-13	   8.0000000000000000e+00	
   7.2500000000000000e+00	   3.3861802251067274e-13	   8.0000000000000000e+00	
   7.2599999999999998e+00	   3.5815794774407550e-13	   8.0000000000000000e+00	
   7.2699999999999996e+00	   3.7658764995285310e-13	   8.0000000000000000e+00	
   7.2800000000000002e+00	   3.9368508453208051e-13	   8.0000000000000000e+00	
   7.2900000000000000e+00	   4.0945025148175773e-13	   8.0000000000000000e+00	
   7.2999999999999998e+00	   4.2343906159203470e-13	   8.0000000000000000e+00	
   7.3099999999999996e+00	   4.3964831775156199e-13	   8.0000000000000000e+00	
   7.3200000000000003e+00	   4.6007642140466487e-13	   8.0000000000000000e+00	
   7.3300000000000001e+00	   4.7850612361344247e-13	   8.0000000000000000e+00	
   7.3399999999999999e+00	   4.9493742437789479e-13	   8.0000000000000000e+00	
   7.3499999999999996e+00	   5.0959236830294685e-13	   8.0000000000000000e+00	
   7.3600000000000003e+00	   5.2213788848121112e-13	   8.0000000000000000e+00	
   7.3700000000000001e+00	   5.4256599213431400e-13	   8.0000000000000000e+00	
   7.3799999999999999e+00	   5.6210591736771676e-13	   8.0000000000000000e+00	
   7.3899999999999997e+00	   5.7953641885433171e-13	   8.0000000000000000e+00	
   7.4000000000000004e+00	   5.9441340738430881e-13	   8.0000000000000000e+00	
   7.4100000000000001e+00	   6.0662586065518553e-13	   8.0000000000000000e+00	
   7.4199999999999999e+00	   6.2028160385807496e-13	   8.0000000000000000e+00	
   7.4299999999999997e+00	   6.4059868520871532e-13	   8.0000000000000000e+00	
   7.4399999999999995e+00	   6.5858429820764286e-13	   8.0000000000000000e+00	
   7.4500000000000002e+00	   6.7323924213269493e-13	   8.0000000000000000e+00	
   7.4600000000000000e+00	   6.8478556158879655e-13	   8.0000000000000000e+00	
   7.4699999999999998e+00	   6.9311223427348523e-13	   8.0000000000000000e+00	
   7.4800000000000004e+00	   7.1032069115517515e-13	   8.0000000000000000e+00	
   7.4900000000000002e+00	   7.2741812573440257e-13	   8.0000000000000000e+00	
   7.5099999999999998e+00	   7.2575279119746483e-13	   8.0000000000000000e+00	
   7.5199999999999996e+00	   7.0654593287144962e-13	   8.0000000000000000e+00	
   7.5300000000000002e+00	   6.8800520836020951e-13	   8.0000000000000000e+00	
   7.5400000000000000e+00	   6.7790217883612058e-13	   8.0000000000000000e+00	
   7.5499999999999998e+00	   6.6391336872584361e-13	   8.0000000000000000e+00	
   7.5599999999999996e+00	   6.4748206796139129e-13	   8.0000000000000000e+00	
   7.5700000000000003e+00	   6.2827520963537609e-13	   8.0000000000000000e+00	
   7.5800000000000001e+00	   6.0595972684041044e-13	   8.0000000000000000e+00	
   7.5899999999999999e+00	   5.8997251528580819e-13	   8.0000000000000000e+00	
   7.5999999999999996e+00	   5.7531757136075612e-13	   8.0000000000000000e+00	
   7.6100000000000003e+00	   5.5855320368891626e-13	   8.0000000000000000e+00	
   7.6200000000000001e+00	   5.3912430075797602e-13	   8.0000000000000000e+00	
   7.6299999999999999e+00	   5.1758597408024798e-13	   8.0000000000000000e+00	
   7.6399999999999997e+00	   4.9538151358774485e-13	   8.0000000000000000e+00	
   7.6500000000000004e+00	   4.8117065887254284e-13	   8.0000000000000000e+00	
   7.6600000000000001e+00	   4.6429526889824047e-13	   8.0000000000000000e+00	
   7.6699999999999999e+00	   4.4586556668946287e-13	   8.0000000000000000e+00	
   7.6799999999999997e+00	   4.2521541843143495e-13	   8.0000000000000000e+00	
   7.6900000000000004e+00	   4.0378811405616943e-13	   8.0000000000000000e+00	
   7.7000000000000002e+00	   3.8569147875477938e-13	   8.0000000000000000e+00	
   7.7100000000000000e+00	   3.6981528950263964e-13	   8.0000000000000000e+00	
   7.7199999999999998e+00	   3.5238478801602469e-13	   8.0000000000000000e+00	
   7.7300000000000004e+00	   3.3395508580724709e-13	   8.0000000000000000e+00	
   7.7400000000000002e+00	   3.1441516057384433e-13	   8.0000000000000000e+00	
   7.7500000000000000e+00	   2.9409807922320397e-13	   8.0000000000000000e+00	
   7.7599999999999998e+00	   2.7955415760061442e-13	   8.0000000000000000e+00	
   7.7699999999999996e+00	   2.6378899065093719e-13	   8.0000000000000000e+00	
   7.7800000000000002e+00	   2.4757973449140991e-13	   8.0000000000000000e+00	
   7.7900000000000000e+00	   2.3026025530725747e-13	   8.0000000000000000e+00	
   7.7999999999999998e+00	   2.1271873151817999e-13	   8.0000000000000000e+00	
   7.8099999999999996e+00	   1.9717560917342780e-13	   8.0000000000000000e+00	
   7.8200000000000003e+00	   1.8340884366807586e-13	   8.0000000000000000e+00	
   7.8300000000000001e+00	   1.6919798895287386e-13	   8.0000000000000000e+00	
   7.8399999999999999e+00	   1.5498713423767185e-13	   8.0000000000000000e+00	
   7.8499999999999996e+00	   1.4044321261508230e-13	   8.0000000000000000e+00	
   7.8600000000000003e+00	   1.2634338020234281e-13	   8.0000000000000000e+00	
   7.8700000000000001e+00	   1.1468603844377867e-13	   8.0000000000000000e+00	
   7.8799999999999999e+00	   1.0302869668521453e-13	   8.0000000000000000e+00	
   7.8899999999999997e+00	   9.1371354926650383e-14	   8.0000000000000000e+00	
   7.9000000000000004e+00	   8.0158102377936302e-14	   8.0000000000000000e+00	
   7.9100000000000001e+00	   6.9055872131684737e-14	   8.0000000000000000e+00	
   7.9199999999999999e+00	   5.8841820305133297e-14	   8.0000000000000000e+00	
   7.9299999999999997e+00	   3.7303493627405260e-14	   7.0000000000000000e+00	
   7.9400000000000004e+00	   4.8849813083506888e-15	   7.0000000000000000e+00	
   7.9500000000000002e+00	   1.8762769116165146e-14	   7.0000000000000000e+00	
   7.9600000000000000e+00	   2.4980018054066022e-14	   8.0000000000000000e+00	
   7.9699999999999998e+00	   1.7763568394002505e-14	   8.0000000000000000e+00	
   7.9800000000000004e+00	   1.1657341758564144e-14	   8.0000000000000000e+00	
   7.9900000000000002e+00	   5.4400928206632670e-15	   8.0000000000000000e+00	
   8.0000000000000000e+00	   2.2204460492503131e-16	   1.0000000000000000e+00	
