   2.5100000000000002e+00	   6.7467180270908145e-04	   1.0000000000000000e+00	
   2.5200000000000000e+00	   6.6123009924234921e-04	   1.0000000000000000e+00	
   2.5300000000000002e+00	   6.4798914000308017e-04	   1.0000000000000000e+00	
   2.5400000000000000e+00	   6.4142925530941142e-04	   1.0000000000000000e+00	
   2.5499999999999998e+00	   6.3223871981232804e-04	   1.0000000000000000e+00	
   2.5600000000000001e+00	   6.2059259864666316e-04	   1.0000000000000000e+00	
   2.5699999999999998e+00	   6.0652600801081036e-04	   1.0000000000000000e+00	
   2.5800000000000001e+00	   5.9037588763999338e-04	   1.0000000000000000e+00	
   2.5899999999999999e+00	   5.7912827611961148e-04	   1.0000000000000000e+00	
   2.6000000000000001e+00	   5.6905113585914435e-04	   1.0000000000000000e+00	
   2.6099999999999999e+00	   5.5689885649279347e-04	   1.0000000000000000e+00	
   2.6200000000000001e+00	   5.4250619203788375e-04	   1.0000000000000000e+00	
   2.6299999999999999e+00	   5.2638999227117012e-04	   1.0000000000000000e+00	
   2.6400000000000001e+00	   5.0960096465102467e-04	   1.0000000000000000e+00	
   2.6499999999999999e+00	   4.9691552191921673e-04	   2.0000000000000000e+00	
   2.6600000000000001e+00	   4.8166296285279131e-04	   2.0000000000000000e+00	
   2.6699999999999999e+00	   4.6445542277062657e-04	   2.0000000000000000e+00	
   2.6800000000000002e+00	   4.4552058229818670e-04	   2.0000000000000000e+00	
   2.6899999999999999e+00	   4.2515798240438940e-04	   2.0000000000000000e+00	
   2.7000000000000002e+00	   4.0852455922957276e-04	   2.0000000000000000e+00	
   2.7100000000000000e+00	   3.9427039206163528e-04	   2.0000000000000000e+00	
   2.7200000000000002e+00	   3.7847029022364254e-04	   2.0000000000000000e+00	
   2.7300000000000000e+00	   3.6128499352949817e-04	   2.0000000000000000e+00	
   2.7400000000000002e+00	   3.4294448258487265e-04	   2.0000000000000000e+00	
   2.7500000000000000e+00	   3.2371313089463172e-04	   2.0000000000000000e+00	
   2.7600000000000002e+00	   3.1048964684599056e-04	   2.0000000000000000e+00	
   2.7700000000000000e+00	   2.9606099721357637e-04	   2.0000000000000000e+00	
   2.7800000000000002e+00	   2.8057817308413391e-04	   2.0000000000000000e+00	
   2.7900000000000000e+00	   2.6422654464131057e-04	   2.0000000000000000e+00	
   2.8000000000000003e+00	   2.4723496327982986e-04	   2.0000000000000000e+00	
   2.8100000000000001e+00	   2.3203516757908105e-04	   2.0000000000000000e+00	
   2.8199999999999998e+00	   2.1889789177542696e-04	   2.0000000000000000e+00	
   2.8300000000000001e+00	   2.0501777972947721e-04	   2.0000000000000000e+00	
   2.8399999999999999e+00	   1.9054252798555993e-04	   2.0000000000000000e+00	
   2.8500000000000001e+00	   1.7565662015606165e-04	   2.0000000000000000e+00	
   2.8599999999999999e+00	   1.6054383130192917e-04	   2.0000000000000000e+00	
   2.8700000000000001e+00	   1.4822942605841050e-04	   2.0000000000000000e+00	
   2.8799999999999999e+00	   1.3581194375822392e-04	   2.0000000000000000e+00	
   2.8900000000000001e+00	   1.2305473631757380e-04	   2.0000000000000000e+00	
   2.8999999999999999e+00	   1.1010853543780286e-04	   2.0000000000000000e+00	
   2.9100000000000001e+00	   9.7133509887825653e-05	   2.0000000000000000e+00	
   2.9199999999999999e+00	   8.4892853819962255e-05	   2.0000000000000000e+00	
   2.9300000000000002e+00	   7.3802024535662980e-05	   2.0000000000000000e+00	
   2.9399999999999999e+00	   6.2588466180457658e-05	   2.0000000000000000e+00	
   2.9500000000000002e+00	   5.1387998225127518e-05	   2.0000000000000000e+00	
   2.9600000000000000e+00	   4.0334685467602327e-05	   2.0000000000000000e+00	
   2.9700000000000002e+00	   2.9555425289817805e-05	   2.0000000000000000e+00	
   2.9800000000000000e+00	   1.9500972809893824e-05	   2.0000000000000000e+00	
   2.9900000000000002e+00	   9.6567382619205944e-06	   2.0000000000000000e+00	
   3.0000000000000000e+00	   4.4408920985006262e-16	   1.0000000000000000e+00	
   3.0100000000000002e+00	   9.3534292653352225e-06	   2.0000000000000000e+00	
   3.0200000000000000e+00	   1.8295201113183168e-05	   2.0000000000000000e+00	
   3.0300000000000002e+00	   2.6857054798323787e-05	   2.0000000000000000e+00	
   3.0400000000000000e+00	   3.5500834252744085e-05	   2.0000000000000000e+00	
   3.0500000000000003e+00	   4.3808419806445897e-05	   2.0000000000000000e+00	
   3.0600000000000001e+00	   5.1680436373491290e-05	   2.0000000000000000e+00	
   3.0699999999999998e+00	   5.9025313387639500e-05	   2.0000000000000000e+00	
   3.0800000000000001e+00	   6.5762389019674572e-05	   2.0000000000000000e+00	
   3.0899999999999999e+00	   7.2879621047405863e-05	   2.0000000000000000e+00	
   3.1000000000000001e+00	   8.0016618316136601e-05	   2.0000000000000000e+00	
   3.1099999999999999e+00	   8.6612102142780145e-05	   2.0000000000000000e+00	
   3.1200000000000001e+00	   9.2584488210700755e-05	   2.0000000000000000e+00	
   3.1299999999999999e+00	   9.7874653905982711e-05	   2.0000000000000000e+00	
   3.1400000000000001e+00	   1.0267263012453398e-04	   2.0000000000000000e+00	
   3.1499999999999999e+00	   1.0879979279332375e-04	   2.0000000000000000e+00	
   3.1600000000000001e+00	   1.1429855448552573e-04	   2.0000000000000000e+00	
   3.1699999999999999e+00	   1.1910851211949236e-04	   2.0000000000000000e+00	
   3.1800000000000002e+00	   1.2317174047371537e-04	   2.0000000000000000e+00	
   3.1899999999999999e+00	   1.2645502236807715e-04	   2.0000000000000000e+00	
   3.2000000000000002e+00	   1.3049092406092200e-04	   2.0000000000000000e+00	
   3.2100000000000000e+00	   1.3505218445697409e-04	   2.0000000000000000e+00	
   3.2200000000000002e+00	   1.3887820435876108e-04	   2.0000000000000000e+00	
   3.2300000000000000e+00	   1.4191463028057072e-04	   2.0000000000000000e+00	
   3.2400000000000002e+00	   1.4414800424145113e-04	   2.0000000000000000e+00	
   3.2500000000000000e+00	   1.4555091131862596e-04	   2.0000000000000000e+00	
   3.2600000000000002e+00	   1.4931242130256095e-04	   2.0000000000000000e+00	
   3.2700000000000000e+00	   1.5230030888924162e-04	   2.0000000000000000e+00	
   3.2800000000000002e+00	   1.5449523107990970e-04	   2.0000000000000000e+00	
   3.2900000000000000e+00	   1.5585929872319326e-04	   2.0000000000000000e+00	
   3.3000000000000003e+00	   1.5640122115145871e-04	   2.0000000000000000e+00	
   3.3100000000000001e+00	   1.5761278448778171e-04	   2.0000000000000000e+00	
   3.3199999999999998e+00	   1.5989770016178184e-04	   2.0000000000000000e+00	
   3.3300000000000001e+00	   1.6138339979399063e-04	   2.0000000000000000e+00	
   3.3399999999999999e+00	   1.6204483418880145e-04	   2.0000000000000000e+00	
   3.3500000000000001e+00	   1.6189776365571618e-04	   2.0000000000000000e+00	
   3.3599999999999999e+00	   1.6094201124472463e-04	   2.0000000000000000e+00	
   3.3700000000000001e+00	   1.6224763352123972e-04	   2.0000000000000000e+00	
   3.3799999999999999e+00	   1.6313933731693098e-04	   2.0000000000000000e+00	
   3.3900000000000001e+00	   1.6324309682946847e-04	   2.0000000000000000e+00	
   3.3999999999999999e+00	   1.6254338028431903e-04	   2.0000000000000000e+00	
   3.4100000000000001e+00	   1.6107605068915731e-04	   2.0000000000000000e+00	
   3.4199999999999999e+00	   1.5998179535792190e-04	   2.0000000000000000e+00	
   3.4300000000000002e+00	   1.6038202993362560e-04	   2.0000000000000000e+00	
   3.4399999999999999e+00	   1.6001719846547857e-04	   2.0000000000000000e+00	
   3.4500000000000002e+00	   1.5889580977068718e-04	   2.0000000000000000e+00	
   3.4600000000000000e+00	   1.5704326457610662e-04	   2.0000000000000000e+00	
   3.4700000000000002e+00	   1.5448236611659283e-04	   2.0000000000000000e+00	
   3.4800000000000000e+00	   1.5374447619098675e-04	   2.0000000000000000e+00	
   3.4900000000000002e+00	   1.5300058171829889e-04	   2.0000000000000000e+00	
   3.5100000000000002e+00	   2.5576165731511225e-05	   3.0000000000000000e+00	
   3.5200000000000000e+00	   2.4947120083051999e-05	   3.0000000000000000e+00	
   3.5300000000000002e+00	   2.4333398821685392e-05	   3.0000000000000000e+00	
   3.5400000000000000e+00	   2.4027627592904111e-05	   3.0000000000000000e+00	
   3.5500000000000003e+00	   2.3609279496739077e-05	   3.0000000000000000e+00	
   3.5600000000000001e+00	   2.3084816288321264e-05	   3.0000000000000000e+00	
   3.5700000000000003e+00	   2.2461450822852669e-05	   3.0000000000000000e+00	
   3.5800000000000001e+00	   2.1747039889774555e-05	   3.0000000000000000e+00	
   3.5899999999999999e+00	   2.1261626083290963e-05	   3.0000000000000000e+00	
   3.6000000000000001e+00	   2.0836284874814481e-05	   3.0000000000000000e+00	
   3.6099999999999999e+00	   2.0317750714315963e-05	   3.0000000000000000e+00	
   3.6200000000000001e+00	   1.9713311040892023e-05	   3.0000000000000000e+00	
   3.6299999999999999e+00	   1.9030732342439904e-05	   3.0000000000000000e+00	
   3.6400000000000001e+00	   1.8323263745845253e-05	   3.0000000000000000e+00	
   3.6499999999999999e+00	   1.7899920271791103e-05	   3.0000000000000000e+00	
   3.6600000000000001e+00	   1.7396263642499576e-05	   3.0000000000000000e+00	
   3.6699999999999999e+00	   1.6819464107253879e-05	   3.0000000000000000e+00	
   3.6800000000000002e+00	   1.6177129510186461e-05	   3.0000000000000000e+00	
   3.6899999999999999e+00	   1.5477169862609941e-05	   3.0000000000000000e+00	
   3.7000000000000002e+00	   1.4910017565483713e-05	   3.0000000000000000e+00	
   3.7100000000000000e+00	   1.4426687342528055e-05	   3.0000000000000000e+00	
   3.7200000000000002e+00	   1.3882633600470484e-05	   3.0000000000000000e+00	
   3.7300000000000000e+00	   1.3285159386366985e-05	   3.0000000000000000e+00	
   3.7400000000000002e+00	   1.2641774903343617e-05	   3.0000000000000000e+00	
   3.7500000000000000e+00	   1.1960109425501741e-05	   3.0000000000000000e+00	
   3.7600000000000002e+00	   1.1499985129947987e-05	   3.0000000000000000e+00	
   3.7700000000000000e+00	   1.0990986677228420e-05	   3.0000000000000000e+00	
   3.7800000000000002e+00	   1.0440073563433572e-05	   3.0000000000000000e+00	
   3.7900000000000000e+00	   9.8543117550420334e-06	   3.0000000000000000e+00	
   3.8000000000000003e+00	   9.2408099248153519e-06	   3.0000000000000000e+00	
   3.8100000000000001e+00	   8.6917651396234419e-06	   3.0000000000000000e+00	
   3.8200000000000003e+00	   8.2180749227944716e-06	   3.0000000000000000e+00	
   3.8300000000000001e+00	   7.7132673688140585e-06	   3.0000000000000000e+00	
   3.8399999999999999e+00	   7.1839117250505069e-06	   3.0000000000000000e+00	
   3.8500000000000001e+00	   6.6365517654709549e-06	   3.0000000000000000e+00	
   3.8599999999999999e+00	   6.0776279706686864e-06	   3.0000000000000000e+00	
   3.8700000000000001e+00	   5.6231573575260541e-06	   3.0000000000000000e+00	
   3.8799999999999999e+00	   5.1624817363205011e-06	   3.0000000000000000e+00	
   3.8900000000000001e+00	   4.6867316783050228e-06	   3.0000000000000000e+00	
   3.8999999999999999e+00	   4.2018710968427797e-06	   3.0000000000000000e+00	
   3.9100000000000001e+00	   3.7137156678745953e-06	   3.0000000000000000e+00	
   3.9199999999999999e+00	   3.2517984225322039e-06	   3.0000000000000000e+00	
   3.9300000000000002e+00	   2.8323290988119254e-06	   3.0000000000000000e+00	
   3.9399999999999999e+00	   2.4063712342758947e-06	   3.0000000000000000e+00	
   3.9500000000000002e+00	   1.9793078784857698e-06	   3.0000000000000000e+00	
   3.9600000000000000e+00	   1.5563281805519580e-06	   3.0000000000000000e+00	
   3.9700000000000002e+00	   1.1423841006497071e-06	   3.0000000000000000e+00	
   3.9800000000000000e+00	   7.5506493857346868e-07	   3.0000000000000000e+00	
   3.9900000000000002e+00	   3.7453929113695494e-07	   3.0000000000000000e+00	
   4.0000000000000000e+00	   4.4408920985006262e-16	   1.0000000000000000e+00	
   4.0099999999999998e+00	   3.6397820668554459e-07	   3.0000000000000000e+00	
   4.0199999999999996e+00	   7.1308320048757423e-07	   3.0000000000000000e+00	
   4.0300000000000002e+00	   1.0484452319658999e-06	   3.0000000000000000e+00	
   4.0400000000000000e+00	   1.3880725671100436e-06	   3.0000000000000000e+00	
   4.0500000000000007e+00	   1.7155417486591773e-06	   3.0000000000000000e+00	
   4.0600000000000005e+00	   2.0268752862762085e-06	   3.0000000000000000e+00	
   4.0700000000000003e+00	   2.3183768735890453e-06	   3.0000000000000000e+00	
   4.0800000000000001e+00	   2.5866585824374511e-06	   3.0000000000000000e+00	
   4.0899999999999999e+00	   2.8707705315156318e-06	   3.0000000000000000e+00	
   4.0999999999999996e+00	   3.1565001110678281e-06	   3.0000000000000000e+00	
   4.1099999999999994e+00	   3.4214134219112680e-06	   3.0000000000000000e+00	
   4.1200000000000001e+00	   3.6623954251524538e-06	   3.0000000000000000e+00	
   4.1299999999999999e+00	   3.8766557128866452e-06	   3.0000000000000000e+00	
   4.1400000000000006e+00	   4.0717385552113683e-06	   3.0000000000000000e+00	
   4.1500000000000004e+00	   4.3207138222811636e-06	   3.0000000000000000e+00	
   4.1600000000000001e+00	   4.5450574566174851e-06	   3.0000000000000000e+00	
   4.1699999999999999e+00	   4.7422108799821672e-06	   3.0000000000000000e+00	
   4.1799999999999997e+00	   4.9099288954579379e-06	   3.0000000000000000e+00	
   4.1899999999999995e+00	   5.0463095888630960e-06	   3.0000000000000000e+00	
   4.2000000000000002e+00	   5.2135619421633805e-06	   3.0000000000000000e+00	
   4.2100000000000000e+00	   5.4026502791515441e-06	   3.0000000000000000e+00	
   4.2200000000000006e+00	   5.5620928183230944e-06	   3.0000000000000000e+00	
   4.2300000000000004e+00	   5.6901459597469284e-06	   3.0000000000000000e+00	
   4.2400000000000002e+00	   5.7854158654890853e-06	   3.0000000000000000e+00	
   4.2500000000000000e+00	   5.8468228623098639e-06	   3.0000000000000000e+00	
   4.2599999999999998e+00	   6.0053370569690401e-06	   3.0000000000000000e+00	
   4.2699999999999996e+00	   6.1324929978567866e-06	   3.0000000000000000e+00	
   4.2799999999999994e+00	   6.2270358993643526e-06	   3.0000000000000000e+00	
   4.2900000000000000e+00	   6.2880040481161359e-06	   3.0000000000000000e+00	
   4.2999999999999998e+00	   6.3147862876533623e-06	   3.0000000000000000e+00	
   4.3100000000000005e+00	   6.3694563152694172e-06	   3.0000000000000000e+00	
   4.3200000000000003e+00	   6.4690188645855073e-06	   3.0000000000000000e+00	
   4.3300000000000001e+00	   6.5353990494898540e-06	   3.0000000000000000e+00	
   4.3399999999999999e+00	   6.5680455811900629e-06	   3.0000000000000000e+00	
   4.3499999999999996e+00	   6.5667358821741573e-06	   3.0000000000000000e+00	
   4.3599999999999994e+00	   6.5315298201085170e-06	   3.0000000000000000e+00	
   4.3700000000000001e+00	   6.5913857270061271e-06	   3.0000000000000000e+00	
   4.3799999999999999e+00	   6.6341357269905643e-06	   3.0000000000000000e+00	
   4.3900000000000006e+00	   6.6435759507044168e-06	   3.0000000000000000e+00	
   4.4000000000000004e+00	   6.6197927806044277e-06	   3.0000000000000000e+00	
   4.4100000000000001e+00	   6.5632020280759207e-06	   3.0000000000000000e+00	
   4.4199999999999999e+00	   6.5224180625378381e-06	   3.0000000000000000e+00	
   4.4299999999999997e+00	   6.5452983522007457e-06	   3.0000000000000000e+00	
   4.4399999999999995e+00	   6.5357711696023557e-06	   3.0000000000000000e+00	
   4.4499999999999993e+00	   6.4942428572578592e-06	   3.0000000000000000e+00	
   4.4600000000000000e+00	   6.4213889379161060e-06	   3.0000000000000000e+00	
   4.4699999999999998e+00	   6.3181248126653600e-06	   3.0000000000000000e+00	
   4.4800000000000004e+00	   6.2684293631320998e-06	   4.0000000000000000e+00	
   4.4900000000000002e+00	   6.2124529724982835e-06	   4.0000000000000000e+00	
   4.5099999999999998e+00	   9.7015065492200847e-07	   4.0000000000000000e+00	
   4.5199999999999996e+00	   9.4775416226156040e-07	   4.0000000000000000e+00	
   4.5299999999999994e+00	   9.2584911204340870e-07	   4.0000000000000000e+00	
   4.5400000000000000e+00	   9.1559816528530291e-07	   4.0000000000000000e+00	
   4.5499999999999998e+00	   9.0099979388469364e-07	   4.0000000000000000e+00	
   4.5600000000000005e+00	   8.8228712868954062e-07	   4.0000000000000000e+00	
   4.5700000000000003e+00	   8.5971903285297913e-07	   4.0000000000000000e+00	
   4.5800000000000001e+00	   8.3357714419918238e-07	   4.0000000000000000e+00	
   4.5899999999999999e+00	   8.1613692071158539e-07	   4.0000000000000000e+00	
   4.5999999999999996e+00	   8.0093973853223588e-07	   4.0000000000000000e+00	
   4.6099999999999994e+00	   7.8209796061656789e-07	   4.0000000000000000e+00	
   4.6200000000000001e+00	   7.5987979020197827e-07	   4.0000000000000000e+00	
   4.6299999999999999e+00	   7.3457156801737256e-07	   4.0000000000000000e+00	
   4.6400000000000006e+00	   7.0821633091355807e-07	   4.0000000000000000e+00	
   4.6500000000000004e+00	   6.9277872594142309e-07	   4.0000000000000000e+00	
   4.6600000000000001e+00	   6.7417223181820418e-07	   4.0000000000000000e+00	
   4.6699999999999999e+00	   6.5266819238019025e-07	   4.0000000000000000e+00	
   4.6799999999999997e+00	   6.2855190563482211e-07	   4.0000000000000000e+00	
   4.6899999999999995e+00	   6.0211976293800262e-07	   4.0000000000000000e+00	
   4.6999999999999993e+00	   5.8078475273504182e-07	   4.0000000000000000e+00	
   4.7100000000000000e+00	   5.6265604175820272e-07	   4.0000000000000000e+00	
   4.7199999999999998e+00	   5.4210106714691619e-07	   4.0000000000000000e+00	
   4.7300000000000004e+00	   5.1939923828570045e-07	   4.0000000000000000e+00	
   4.7400000000000002e+00	   4.9483733377542194e-07	   4.0000000000000000e+00	
   4.7500000000000000e+00	   4.6870688485967094e-07	   4.0000000000000000e+00	
   4.7599999999999998e+00	   4.5120234304363294e-07	   4.0000000000000000e+00	
   4.7699999999999996e+00	   4.3172853114725740e-07	   4.0000000000000000e+00	
   4.7799999999999994e+00	   4.1055510546783580e-07	   4.0000000000000000e+00	
   4.7900000000000000e+00	   3.8795576173811241e-07	   4.0000000000000000e+00	
   4.7999999999999998e+00	   3.6420582905094534e-07	   4.0000000000000000e+00	
   4.8100000000000005e+00	   3.4294136597168290e-07	   4.0000000000000000e+00	
   4.8200000000000003e+00	   3.2460225529717945e-07	   4.0000000000000000e+00	
   4.8300000000000001e+00	   3.0498764758135621e-07	   4.0000000000000000e+00	
   4.8399999999999999e+00	   2.8435544230376308e-07	   4.0000000000000000e+00	
   4.8499999999999996e+00	   2.6296243937906638e-07	   4.0000000000000000e+00	
   4.8599999999999994e+00	   2.4106214802088743e-07	   4.0000000000000000e+00	
   4.8700000000000001e+00	   2.2326163584551750e-07	   4.0000000000000000e+00	
   4.8799999999999999e+00	   2.0517516841067618e-07	   4.0000000000000000e+00	
   4.8900000000000006e+00	   1.8645009181028627e-07	   4.0000000000000000e+00	
   4.9000000000000004e+00	   1.6725477092194296e-07	   5.0000000000000000e+00	
   4.9100000000000001e+00	   1.4737492115557416e-07	   5.0000000000000000e+00	
   4.9199999999999999e+00	   1.2865165821551727e-07	   5.0000000000000000e+00	
   4.9299999999999997e+00	   1.1171472724669229e-07	   5.0000000000000000e+00	
   4.9399999999999995e+00	   9.4624019730815689e-08	   5.0000000000000000e+00	
   4.9499999999999993e+00	   7.7592875236121017e-08	   5.0000000000000000e+00	
   4.9600000000000000e+00	   6.0824280723181801e-08	   5.0000000000000000e+00	
   4.9699999999999998e+00	   4.4509491203825746e-08	   5.0000000000000000e+00	
   4.9800000000000004e+00	   2.9328328210453947e-08	   5.0000000000000000e+00	
   4.9900000000000002e+00	   1.4503084067030159e-08	   5.0000000000000000e+00	
   5.0000000000000000e+00	   8.8817841970012523e-16	   1.0000000000000000e+00	
   5.0099999999999998e+00	   1.4007182080888469e-08	   5.0000000000000000e+00	
   5.0199999999999996e+00	   2.7356972687186953e-08	   5.0000000000000000e+00	
   5.0299999999999994e+00	   4.0098064424398672e-08	   5.0000000000000000e+00	
   5.0400000000000000e+00	   5.2922151105860848e-08	   5.0000000000000000e+00	
   5.0499999999999998e+00	   6.5203603405450394e-08	   5.0000000000000000e+00	
   5.0600000000000005e+00	   7.6796213832608373e-08	   5.0000000000000000e+00	
   5.0700000000000003e+00	   8.7566260908999993e-08	   5.0000000000000000e+00	
   5.0800000000000001e+00	   9.7393259679279254e-08	   5.0000000000000000e+00	
   5.0899999999999999e+00	   1.0775149394959271e-07	   5.0000000000000000e+00	
   5.0999999999999996e+00	   1.1810366284947804e-07	   5.0000000000000000e+00	
   5.1099999999999994e+00	   1.2761236511948937e-07	   5.0000000000000000e+00	
   5.1200000000000001e+00	   1.3616948812966712e-07	   5.0000000000000000e+00	
   5.1299999999999999e+00	   1.4367994882746871e-07	   5.0000000000000000e+00	
   5.1400000000000006e+00	   1.5043200995989991e-07	   5.0000000000000000e+00	
   5.1500000000000004e+00	   1.5912418316332833e-07	   5.0000000000000000e+00	
   5.1600000000000001e+00	   1.6685422110640502e-07	   5.0000000000000000e+00	
   5.1699999999999999e+00	   1.7353735071168330e-07	   5.0000000000000000e+00	
   5.1799999999999997e+00	   1.7910145633237562e-07	   5.0000000000000000e+00	
   5.1899999999999995e+00	   1.8348730623785059e-07	   5.0000000000000000e+00	
   5.1999999999999993e+00	   1.8896147668812091e-07	   5.0000000000000000e+00	
   5.2100000000000000e+00	   1.9518677163432585e-07	   5.0000000000000000e+00	
   5.2199999999999998e+00	   2.0030089231681814e-07	   5.0000000000000000e+00	
   5.2300000000000004e+00	   2.0425224978026790e-07	   5.0000000000000000e+00	
   5.2400000000000002e+00	   2.0700146663443775e-07	   5.0000000000000000e+00	
   5.2500000000000000e+00	   2.0852138593596692e-07	   5.0000000000000000e+00	
   5.2599999999999998e+00	   2.1348144674249170e-07	   5.0000000000000000e+00	
   5.2699999999999996e+00	   2.1729435140116493e-07	   5.0000000000000000e+00	
   5.2799999999999994e+00	   2.1992665022452229e-07	   5.0000000000000000e+00	
   5.2900000000000000e+00	   2.2135634569764306e-07	   5.0000000000000000e+00	
   5.2999999999999998e+00	   2.2157278589673979e-07	   5.0000000000000000e+00	
   5.3100000000000005e+00	   2.2275993938336569e-07	   5.0000000000000000e+00	
   5.3200000000000003e+00	   2.2550130385212697e-07	   5.0000000000000000e+00	
   5.3300000000000001e+00	   2.2706732050181699e-07	   5.0000000000000000e+00	
   5.3399999999999999e+00	   2.2745101091459219e-07	   5.0000000000000000e+00	
   5.3499999999999996e+00	   2.2665580701186627e-07	   5.0000000000000000e+00	
   5.3599999999999994e+00	   2.2469523131007918e-07	   5.0000000000000000e+00	
   5.3700000000000001e+00	   2.2600498184033313e-07	   5.0000000000000000e+00	
   5.3799999999999999e+00	   2.2671744837055030e-07	   5.0000000000000000e+00	
   5.3900000000000006e+00	   2.2628590290452166e-07	   5.0000000000000000e+00	
   5.4000000000000004e+00	   2.2472561322928186e-07	   5.0000000000000000e+00	
   5.4100000000000001e+00	   2.2206090743992490e-07	   5.0000000000000000e+00	
   5.4199999999999999e+00	   2.1994350163367926e-07	   5.0000000000000000e+00	
   5.4299999999999997e+00	   2.1997735544232455e-07	   5.0000000000000000e+00	
   5.4399999999999995e+00	   2.1892089208108700e-07	   5.0000000000000000e+00	
   5.4499999999999993e+00	   2.1679909867344804e-07	   5.0000000000000000e+00	
   5.4600000000000000e+00	   2.1364504476650836e-07	   5.0000000000000000e+00	
   5.4699999999999998e+00	   2.0949938139835922e-07	   5.0000000000000000e+00	
   5.4800000000000004e+00	   2.0796599553563055e-07	   5.0000000000000000e+00	
   5.4900000000000002e+00	   2.0643780285212188e-07	   5.0000000000000000e+00	
   5.5099999999999998e+00	   3.5296183753530386e-08	   6.0000000000000000e+00	
   5.5199999999999996e+00	   3.4402841464498124e-08	   6.0000000000000000e+00	
   5.5299999999999994e+00	   3.3531026844002554e-08	   6.0000000000000000e+00	
   5.5400000000000000e+00	   3.3083978223658050e-08	   6.0000000000000000e+00	
   5.5499999999999998e+00	   3.2481921152793802e-08	   6.0000000000000000e+00	
   5.5600000000000005e+00	   3.1734323613363813e-08	   6.0000000000000000e+00	
   5.5700000000000003e+00	   3.0851492027750282e-08	   6.0000000000000000e+00	
   5.5800000000000001e+00	   2.9844464677353244e-08	   6.0000000000000000e+00	
   5.5899999999999999e+00	   2.9152613656435733e-08	   6.0000000000000000e+00	
   5.5999999999999996e+00	   2.8543604813080492e-08	   6.0000000000000000e+00	
   5.6099999999999994e+00	   2.7807543823143988e-08	   6.0000000000000000e+00	
   5.6200000000000001e+00	   2.6954852572202981e-08	   6.0000000000000000e+00	
   5.6299999999999999e+00	   2.5996497399205509e-08	   6.0000000000000000e+00	
   5.6400000000000006e+00	   2.5005370218877943e-08	   6.0000000000000000e+00	
   5.6500000000000004e+00	   2.4403190579391776e-08	   6.0000000000000000e+00	
   5.6600000000000001e+00	   2.3692212636206023e-08	   6.0000000000000000e+00	
   5.6699999999999999e+00	   2.2882737482632365e-08	   6.0000000000000000e+00	
   5.6799999999999997e+00	   2.1985457010487153e-08	   6.0000000000000000e+00	
   5.6899999999999995e+00	   2.1011350881394719e-08	   6.0000000000000000e+00	
   5.6999999999999993e+00	   2.0219067309312777e-08	   6.0000000000000000e+00	
   5.7100000000000000e+00	   1.9541673168532725e-08	   6.0000000000000000e+00	
   5.7199999999999998e+00	   1.8783212318851383e-08	   6.0000000000000000e+00	
   5.7300000000000004e+00	   1.7953939668302610e-08	   6.0000000000000000e+00	
   5.7400000000000002e+00	   1.7064270885214228e-08	   6.0000000000000000e+00	
   5.7500000000000000e+00	   1.6124692692187637e-08	   6.0000000000000000e+00	
   5.7599999999999998e+00	   1.5485468907172617e-08	   6.0000000000000000e+00	
   5.7699999999999996e+00	   1.4781708301825347e-08	   6.0000000000000000e+00	
   5.7799999999999994e+00	   1.4023104455418434e-08	   6.0000000000000000e+00	
   5.7900000000000000e+00	   1.3219399797037568e-08	   6.0000000000000000e+00	
   5.7999999999999998e+00	   1.2380301228631652e-08	   6.0000000000000000e+00	
   5.8100000000000005e+00	   1.1629392560053020e-08	   6.0000000000000000e+00	
   5.8200000000000003e+00	   1.0980938824900477e-08	   6.0000000000000000e+00	
   5.8300000000000001e+00	   1.0292453112015210e-08	   6.0000000000000000e+00	
   5.8399999999999999e+00	   9.5729308924319412e-09	   6.0000000000000000e+00	
   5.8499999999999996e+00	   8.8312424040282167e-09	   6.0000000000000000e+00	
   5.8599999999999994e+00	   8.0760651499645064e-09	   6.0000000000000000e+00	
   5.8700000000000001e+00	   7.4614883160961654e-09	   6.0000000000000000e+00	
   5.8799999999999999e+00	   6.8402927766442190e-09	   6.0000000000000000e+00	
   5.8900000000000006e+00	   6.2008203016716834e-09	   6.0000000000000000e+00	
   5.9000000000000004e+00	   5.5510724905616371e-09	   6.0000000000000000e+00	
   5.9100000000000001e+00	   4.8987960354907045e-09	   6.0000000000000000e+00	
   5.9199999999999999e+00	   4.2829499946606120e-09	   6.0000000000000000e+00	
   5.9299999999999997e+00	   3.7247280815222439e-09	   6.0000000000000000e+00	
   5.9399999999999995e+00	   3.1596325555938165e-09	   6.0000000000000000e+00	
   5.9500000000000002e+00	   2.5947910486934234e-09	   6.0000000000000000e+00	
   5.9600000000000000e+00	   2.0370301001548796e-09	   6.0000000000000000e+00	
   5.9699999999999998e+00	   1.4928218661225401e-09	   6.0000000000000000e+00	
   5.9800000000000004e+00	   9.8508134982466800e-10	   6.0000000000000000e+00	
   5.9900000000000002e+00	   4.8783110884187408e-10	   6.0000000000000000e+00	
   6.0000000000000000e+00	   8.8817841970012523e-16	   1.0000000000000000e+00	
   6.0099999999999998e+00	   4.7248871481997412e-10	   6.0000000000000000e+00	
   6.0199999999999996e+00	   9.2409546681437860e-10	   6.0000000000000000e+00	
   6.0300000000000002e+00	   1.3563568046492946e-09	   6.0000000000000000e+00	
   6.0400000000000000e+00	   1.7926087281239234e-09	   6.0000000000000000e+00	
   6.0499999999999998e+00	   2.2116282138995302e-09	   6.0000000000000000e+00	
   6.0600000000000005e+00	   2.6083615267680216e-09	   6.0000000000000000e+00	
   6.0700000000000003e+00	   2.9781501709180702e-09	   6.0000000000000000e+00	
   6.0800000000000001e+00	   3.3167717461424218e-09	   6.0000000000000000e+00	
   6.0899999999999999e+00	   3.6743630360547286e-09	   6.0000000000000000e+00	
   6.0999999999999996e+00	   4.0326373351717848e-09	   6.0000000000000000e+00	
   6.1099999999999994e+00	   4.3629500012798417e-09	   6.0000000000000000e+00	
   6.1200000000000001e+00	   4.6614827553526084e-09	   6.0000000000000000e+00	
   6.1299999999999999e+00	   4.9248436440052501e-09	   6.0000000000000000e+00	
   6.1399999999999997e+00	   5.1627804253939757e-09	   6.0000000000000000e+00	
   6.1500000000000004e+00	   5.4679123451251144e-09	   6.0000000000000000e+00	
   6.1600000000000001e+00	   5.7406310816077166e-09	   6.0000000000000000e+00	
   6.1699999999999999e+00	   5.9778884065053717e-09	   6.0000000000000000e+00	
   6.1799999999999997e+00	   6.1770561998741869e-09	   6.0000000000000000e+00	
   6.1899999999999995e+00	   6.3359388846606635e-09	   6.0000000000000000e+00	
   6.2000000000000002e+00	   6.5327512288604339e-09	   6.0000000000000000e+00	
   6.2100000000000000e+00	   6.7559486893742360e-09	   6.0000000000000000e+00	
   6.2199999999999998e+00	   6.9410841518902089e-09	   6.0000000000000000e+00	
   6.2300000000000004e+00	   7.0862231638102458e-09	   6.0000000000000000e+00	
   6.2400000000000002e+00	   7.1898575981776958e-09	   6.0000000000000000e+00	
   6.2500000000000000e+00	   7.2508967718931672e-09	   6.0000000000000000e+00	
   6.2599999999999998e+00	   7.4317467735340870e-09	   6.0000000000000000e+00	
   6.2699999999999996e+00	   7.5729351678432977e-09	   6.0000000000000000e+00	
   6.2800000000000002e+00	   7.6731554443654204e-09	   6.0000000000000000e+00	
   6.2900000000000000e+00	   7.7315007729339413e-09	   6.0000000000000000e+00	
   6.2999999999999998e+00	   7.7474622273143723e-09	   6.0000000000000000e+00	
   6.3100000000000005e+00	   7.7973476564352495e-09	   6.0000000000000000e+00	
   6.3200000000000003e+00	   7.9017077325715945e-09	   6.0000000000000000e+00	
   6.3300000000000001e+00	   7.9649691286931557e-09	   6.0000000000000000e+00	
   6.3399999999999999e+00	   7.9867570335068194e-09	   6.0000000000000000e+00	
   6.3499999999999996e+00	   7.9670616770499691e-09	   6.0000000000000000e+00	
   6.3599999999999994e+00	   7.9062294489062879e-09	   6.0000000000000000e+00	
   6.3700000000000001e+00	   7.9603710290143681e-09	   6.0000000000000000e+00	
   6.3799999999999999e+00	   7.9934743268950115e-09	   6.0000000000000000e+00	
   6.3899999999999997e+00	   7.9861832702476931e-09	   6.0000000000000000e+00	
   6.4000000000000004e+00	   7.9389117502159934e-09	   6.0000000000000000e+00	
   6.4100000000000001e+00	   7.8524067248508800e-09	   6.0000000000000000e+00	
   6.4199999999999999e+00	   7.7850197399698118e-09	   6.0000000000000000e+00	
   6.4299999999999997e+00	   7.7936395115330015e-09	   6.0000000000000000e+00	
   6.4399999999999995e+00	   7.7635249340346490e-09	   6.0000000000000000e+00	
   6.4500000000000002e+00	   7.6954531635919921e-09	   6.0000000000000000e+00	
   6.4600000000000000e+00	   7.5904997842712874e-09	   6.0000000000000000e+00	
   6.4699999999999998e+00	   7.4500121627352200e-09	   6.0000000000000000e+00	
   6.4800000000000004e+00	   7.4021677676228137e-09	   6.0000000000000000e+00	
   6.4900000000000002e+00	   7.3543446887924802e-09	   6.0000000000000000e+00	
   6.5099999999999998e+00	   1.1903615870778594e-09	   7.0000000000000000e+00	
   6.5199999999999996e+00	   1.1617338202540850e-09	   7.0000000000000000e+00	
   6.5300000000000002e+00	   1.1337437655356553e-09	   7.0000000000000000e+00	
   6.5400000000000000e+00	   1.1200516070175581e-09	   7.0000000000000000e+00	
   6.5499999999999998e+00	   1.1010596878691103e-09	   7.0000000000000000e+00	
   6.5600000000000005e+00	   1.0770699887530100e-09	   7.0000000000000000e+00	
   6.5700000000000003e+00	   1.0484111356845460e-09	   7.0000000000000000e+00	
   6.5800000000000001e+00	   1.0154437291021168e-09	   7.0000000000000000e+00	
   6.5899999999999999e+00	   9.9312380541505263e-10	   7.0000000000000000e+00	
   6.5999999999999996e+00	   9.7356611661325587e-10	   7.0000000000000000e+00	
   6.6099999999999994e+00	   9.4960839192026469e-10	   7.0000000000000000e+00	
   6.6200000000000001e+00	   9.2159524456292274e-10	   7.0000000000000000e+00	
   6.6299999999999999e+00	   8.8989171587172677e-10	   7.0000000000000000e+00	
   6.6399999999999997e+00	   8.5698026452973863e-10	   7.0000000000000000e+00	
   6.6500000000000004e+00	   8.3732665245861426e-10	   7.0000000000000000e+00	
   6.6600000000000001e+00	   8.1388051853537036e-10	   7.0000000000000000e+00	
   6.6699999999999999e+00	   7.8698647598685056e-10	   7.0000000000000000e+00	
   6.6799999999999997e+00	   7.5699890800251524e-10	   7.0000000000000000e+00	
   6.6899999999999995e+00	   7.2428552044812022e-10	   7.0000000000000000e+00	
   6.7000000000000002e+00	   6.9776451283587448e-10	   7.0000000000000000e+00	
   6.7100000000000000e+00	   6.7514793755663050e-10	   7.0000000000000000e+00	
   6.7199999999999998e+00	   6.4967142776595210e-10	   7.0000000000000000e+00	
   6.7300000000000004e+00	   6.2167870851226326e-10	   7.0000000000000000e+00	
   6.7400000000000002e+00	   5.9152238662818490e-10	   7.0000000000000000e+00	
   6.7500000000000000e+00	   5.5956395073053500e-10	   7.0000000000000000e+00	
   6.7599999999999998e+00	   5.3796611609868705e-10	   7.0000000000000000e+00	
   6.7699999999999996e+00	   5.1407145207349458e-10	   7.0000000000000000e+00	
   6.7800000000000002e+00	   4.8821036102708604e-10	   7.0000000000000000e+00	
   6.7900000000000000e+00	   4.6071679804526866e-10	   7.0000000000000000e+00	
   6.7999999999999998e+00	   4.3192827092752850e-10	   7.0000000000000000e+00	
   6.8100000000000005e+00	   4.0615599772308997e-10	   7.0000000000000000e+00	
   6.8200000000000003e+00	   3.8390712830960183e-10	   7.0000000000000000e+00	
   6.8300000000000001e+00	   3.6020608717990399e-10	   7.0000000000000000e+00	
   6.8399999999999999e+00	   3.3536728949457029e-10	   7.0000000000000000e+00	
   6.8499999999999996e+00	   3.0969893316523667e-10	   7.0000000000000000e+00	
   6.8599999999999994e+00	   2.8350122249776177e-10	   7.0000000000000000e+00	
   6.8700000000000001e+00	   2.6218760496021787e-10	   7.0000000000000000e+00	
   6.8799999999999999e+00	   2.4059776393414722e-10	   7.0000000000000000e+00	
   6.8899999999999997e+00	   2.1832047281122868e-10	   7.0000000000000000e+00	
   6.9000000000000004e+00	   1.9563461961524808e-10	   7.0000000000000000e+00	
   6.9100000000000001e+00	   1.7281376329947307e-10	   7.0000000000000000e+00	
   6.9199999999999999e+00	   1.5123280405759942e-10	   7.0000000000000000e+00	
   6.9299999999999997e+00	   1.3164846990321166e-10	   7.0000000000000000e+00	
   6.9399999999999995e+00	   1.1178169501135926e-10	   7.0000000000000000e+00	
   6.9500000000000002e+00	   9.1883833874817356e-11	   7.0000000000000000e+00	
   6.9600000000000000e+00	   7.2200023737423180e-11	   7.0000000000000000e+00	
   6.9699999999999998e+00	   5.2960302809879067e-11	   7.0000000000000000e+00	
   6.9800000000000004e+00	   3.4980907059889432e-11	   7.0000000000000000e+00	
   6.9900000000000002e+00	   1.7339019109385845e-11	   7.0000000000000000e+00	
   7.0000000000000000e+00	   8.8817841970012523e-16	   1.0000000000000000e+00	
   7.0099999999999998e+00	   1.6825651982799172e-11	   7.0000000000000000e+00	
   7.0199999999999996e+00	   3.2933655802480644e-11	   7.0000000000000000e+00	
   7.0300000000000002e+00	   4.8379078521065821e-11	   7.0000000000000000e+00	
   7.0400000000000000e+00	   6.3994143317813723e-11	   7.0000000000000000e+00	
   7.0499999999999998e+00	   7.9021234000720142e-11	   7.0000000000000000e+00	
   7.0599999999999996e+00	   9.3277385815326852e-11	   7.0000000000000000e+00	
   7.0700000000000003e+00	   1.0659118032663173e-10	   7.0000000000000000e+00	
   7.0800000000000001e+00	   1.1880985084644635e-10	   7.0000000000000000e+00	
   7.0899999999999999e+00	   1.3172929413940437e-10	   7.0000000000000000e+00	
   7.0999999999999996e+00	   1.4469403453176710e-10	   7.0000000000000000e+00	
   7.1100000000000003e+00	   1.5667378505668239e-10	   7.0000000000000000e+00	
   7.1200000000000001e+00	   1.6752998988067702e-10	   7.0000000000000000e+00	
   7.1299999999999999e+00	   1.7713741584657328e-10	   7.0000000000000000e+00	
   7.1399999999999997e+00	   1.8584511707331330e-10	   7.0000000000000000e+00	
   7.1500000000000004e+00	   1.9650325810971481e-10	   8.0000000000000000e+00	
   7.1600000000000001e+00	   2.0587709315122993e-10	   8.0000000000000000e+00	
   7.1699999999999999e+00	   2.1394352955894647e-10	   8.0000000000000000e+00	
   7.1799999999999997e+00	   2.2061463766931411e-10	   8.0000000000000000e+00	
   7.1899999999999995e+00	   2.2582025138717654e-10	   8.0000000000000000e+00	
   7.2000000000000002e+00	   2.3234925095039216e-10	   8.0000000000000000e+00	
   7.2100000000000000e+00	   2.3978863339380041e-10	   8.0000000000000000e+00	
   7.2199999999999998e+00	   2.4584778657299466e-10	   8.0000000000000000e+00	
   7.2300000000000004e+00	   2.5046542617701562e-10	   8.0000000000000000e+00	
   7.2400000000000002e+00	   2.5359714328487826e-10	   8.0000000000000000e+00	
   7.2500000000000000e+00	   2.5521451618715219e-10	   8.0000000000000000e+00	
   7.2599999999999998e+00	   2.6103297301460771e-10	   8.0000000000000000e+00	
   7.2699999999999996e+00	   2.6543567344106123e-10	   8.0000000000000000e+00	
   7.2800000000000002e+00	   2.6838176125920654e-10	   8.0000000000000000e+00	
   7.2900000000000000e+00	   2.6985258472222995e-10	   8.0000000000000000e+00	
   7.2999999999999998e+00	   2.6984103840277385e-10	   8.0000000000000000e+00	
   7.3099999999999996e+00	   2.7100721666784011e-10	   8.0000000000000000e+00	
   7.3200000000000003e+00	   2.7405278046899184e-10	   8.0000000000000000e+00	
   7.3300000000000001e+00	   2.7566127158706877e-10	   8.0000000000000000e+00	
   7.3399999999999999e+00	   2.7583091366523149e-10	   8.0000000000000000e+00	
   7.3499999999999996e+00	   2.7456703577399821e-10	   8.0000000000000000e+00	
   7.3600000000000003e+00	   2.7189184237386144e-10	   8.0000000000000000e+00	
   7.3700000000000001e+00	   2.7316993111980992e-10	   8.0000000000000000e+00	
   7.3799999999999999e+00	   2.7372237809686339e-10	   8.0000000000000000e+00	
   7.3899999999999997e+00	   2.7289015491760438e-10	   8.0000000000000000e+00	
   7.4000000000000004e+00	   2.7069457786410567e-10	   8.0000000000000000e+00	
   7.4100000000000001e+00	   2.6717028589473557e-10	   8.0000000000000000e+00	
   7.4199999999999999e+00	   2.6431035138330117e-10	   8.0000000000000000e+00	
   7.4299999999999997e+00	   2.6403590425161383e-10	   8.0000000000000000e+00	
   7.4399999999999995e+00	   2.6245050577244911e-10	   8.0000000000000000e+00	
   7.4500000000000002e+00	   2.5958701854733590e-10	   8.0000000000000000e+00	
   7.4600000000000000e+00	   2.5549518056777742e-10	   8.0000000000000000e+00	
   7.4699999999999998e+00	   2.5022650618211628e-10	   8.0000000000000000e+00	
   7.4800000000000004e+00	   2.4808244347696018e-10	   8.0000000000000000e+00	
   7.4900000000000002e+00	   2.4594459802074198e-10	   8.0000000000000000e+00	
   7.5099999999999998e+00	   4.2032155533888726e-11	   8.0000000000000000e+00	
   7.5199999999999996e+00	   4.1058711985897389e-11	   8.0000000000000000e+00	
   7.5300000000000002e+00	   4.0103032006300054e-11	   8.0000000000000000e+00	
   7.5400000000000000e+00	   3.9651837369092391e-11	   8.0000000000000000e+00	
   7.5499999999999998e+00	   3.9014125263747701e-11	   8.0000000000000000e+00	
   7.5599999999999996e+00	   3.8198777474462986e-11	   8.0000000000000000e+00	
   7.5700000000000003e+00	   3.7212899428595847e-11	   8.0000000000000000e+00	
   7.5800000000000001e+00	   3.6072478337700886e-11	   8.0000000000000000e+00	
   7.5899999999999999e+00	   3.5310421253598179e-11	   8.0000000000000000e+00	
   7.5999999999999996e+00	   3.4644287438823085e-11	   8.0000000000000000e+00	
   7.6100000000000003e+00	   3.3819169686921668e-11	   8.0000000000000000e+00	
   7.6200000000000001e+00	   3.2848390674189432e-11	   8.0000000000000000e+00	
   7.6299999999999999e+00	   3.1744384898502176e-11	   8.0000000000000000e+00	
   7.6399999999999997e+00	   3.0596858380249614e-11	   8.0000000000000000e+00	
   7.6500000000000004e+00	   2.9918290067598718e-11	   8.0000000000000000e+00	
   7.6600000000000001e+00	   2.9102942278314003e-11	   8.0000000000000000e+00	
   7.6699999999999999e+00	   2.8164137688690971e-11	   8.0000000000000000e+00	
   7.6799999999999997e+00	   2.7112534439766023e-11	   8.0000000000000000e+00	
   7.6900000000000004e+00	   2.5962343386254361e-11	   8.0000000000000000e+00	
   7.7000000000000002e+00	   2.5029756045569229e-11	   8.0000000000000000e+00	
   7.7100000000000000e+00	   2.4237500895196717e-11	   8.0000000000000000e+00	
   7.7199999999999998e+00	   2.3342217048138991e-11	   8.0000000000000000e+00	
   7.7300000000000004e+00	   2.2354562645432452e-11	   8.0000000000000000e+00	
   7.7400000000000002e+00	   2.1285195828113501e-11	   8.0000000000000000e+00	
   7.7500000000000000e+00	   2.0149215629317041e-11	   8.0000000000000000e+00	
   7.7599999999999998e+00	   1.9387158545214334e-11	   8.0000000000000000e+00	
   7.7699999999999996e+00	   1.8540724511240114e-11	   8.0000000000000000e+00	
   7.7800000000000002e+00	   1.7620571668430784e-11	   8.0000000000000000e+00	
   7.7900000000000000e+00	   1.6639134514662146e-11	   8.0000000000000000e+00	
   7.7999999999999998e+00	   1.5611512083069101e-11	   8.0000000000000000e+00	
   7.8099999999999996e+00	   1.4691359240259771e-11	   8.0000000000000000e+00	
   7.8200000000000003e+00	   1.3896439554628159e-11	   8.0000000000000000e+00	
   7.8300000000000001e+00	   1.3046452806975140e-11	   8.0000000000000000e+00	
   7.8399999999999999e+00	   1.2155609852015914e-11	   8.0000000000000000e+00	
   7.8499999999999996e+00	   1.1234568830786884e-11	   8.0000000000000000e+00	
   7.8600000000000003e+00	   1.0291323349065351e-11	   8.0000000000000000e+00	
   7.8700000000000001e+00	   9.5230490160247427e-12	   8.0000000000000000e+00	
   7.8799999999999999e+00	   8.7450047203674330e-12	   8.0000000000000000e+00	
   7.8899999999999997e+00	   7.9420914289585198e-12	   8.0000000000000000e+00	
   7.9000000000000004e+00	   7.1214145691556041e-12	   8.0000000000000000e+00	
   7.9100000000000001e+00	   6.2945204604147875e-12	   8.0000000000000000e+00	
   7.9199999999999999e+00	   5.5120352726589772e-12	   8.0000000000000000e+00	
   7.9299999999999997e+00	   4.8023807153185771e-12	   8.0000000000000000e+00	
   7.9400000000000004e+00	   4.0811798385220754e-12	   8.0000000000000000e+00	
   7.9500000000000002e+00	   3.3546498912073730e-12	   8.0000000000000000e+00	
   7.9600000000000000e+00	   2.6378899065093719e-12	   8.0000000000000000e+00	
   7.9699999999999998e+00	   1.9380053117856733e-12	   8.0000000000000000e+00	
   7.9800000000000004e+00	   1.2834178164666810e-12	   8.0000000000000000e+00	
   7.9900000000000002e+00	   6.3593574850528967e-13	   8.0000000000000000e+00	
   8.0000000000000000e+00	   8.8817841970012523e-16	   1.0000000000000000e+00	
