   5.1000000000000001e-01	   1.3659385946977760e+00	   1.0000000000000000e+00	
   5.2000000000000002e-01	   1.3667362510742653e+00	   1.0000000000000000e+00	
   5.3000000000000003e-01	   1.3675936423998736e+00	   1.0000000000000000e+00	
   5.4000000000000004e-01	   1.3700555044086653e+00	   1.0000000000000000e+00	
   5.5000000000000004e-01	   1.3720844675092980e+00	   1.0000000000000000e+00	
   5.6000000000000005e-01	   1.3736697677257539e+00	   1.0000000000000000e+00	
   5.7000000000000006e-01	   1.3747998810185083e+00	   1.0000000000000000e+00	
   5.7999999999999996e-01	   1.3754622920200648e+00	   1.0000000000000000e+00	
   5.8999999999999997e-01	   1.3773450099072071e+00	   1.0000000000000000e+00	
   5.9999999999999998e-01	   1.3796952036076369e+00	   1.0000000000000000e+00	
   6.0999999999999999e-01	   1.3815725247744535e+00	   1.0000000000000000e+00	
   6.2000000000000000e-01	   1.3829647984005011e+00	   1.0000000000000000e+00	
   6.3000000000000000e-01	   1.3838585594397808e+00	   1.0000000000000000e+00	
   6.4000000000000001e-01	   1.3844909857555607e+00	   1.0000000000000000e+00	
   6.5000000000000002e-01	   1.3870815921233239e+00	   1.0000000000000000e+00	
   6.6000000000000003e-01	   1.3891669306741692e+00	   1.0000000000000000e+00	
   6.7000000000000004e-01	   1.3907343706867497e+00	   1.0000000000000000e+00	
   6.7999999999999994e-01	   1.3917699014497269e+00	   1.0000000000000000e+00	
   6.8999999999999995e-01	   1.3922580109625486e+00	   1.0000000000000000e+00	
   6.9999999999999996e-01	   1.3937119726963982e+00	   1.0000000000000000e+00	
   7.0999999999999996e-01	   1.3959224929262108e+00	   1.0000000000000000e+00	
   7.1999999999999997e-01	   1.3975820625115711e+00	   1.0000000000000000e+00	
   7.2999999999999998e-01	   1.3986768285387163e+00	   1.0000000000000000e+00	
   7.3999999999999999e-01	   1.3991915913249300e+00	   1.0000000000000000e+00	
   7.5000000000000000e-01	   1.3991097807313198e+00	   1.0000000000000000e+00	
   7.6000000000000001e-01	   1.4013394207499217e+00	   1.0000000000000000e+00	
   7.7000000000000002e-01	   1.4030252695621692e+00	   1.0000000000000000e+00	
   7.8000000000000003e-01	   1.4041161166371867e+00	   1.0000000000000000e+00	
   7.9000000000000004e-01	   1.4045980230465172e+00	   1.0000000000000000e+00	
   8.0000000000000004e-01	   1.4044560072180952e+00	   1.0000000000000000e+00	
   8.1000000000000005e-01	   1.4050084286700346e+00	   1.0000000000000000e+00	
   8.2000000000000006e-01	   1.4066781143392084e+00	   1.0000000000000000e+00	
   8.3000000000000007e-01	   1.4077267310203334e+00	   1.0000000000000000e+00	
   8.4000000000000008e-01	   1.4081424994352343e+00	   1.0000000000000000e+00	
   8.5000000000000009e-01	   1.4079129463686075e+00	   1.0000000000000000e+00	
   8.5999999999999999e-01	   1.4070250363833963e+00	   1.0000000000000000e+00	
   8.7000000000000000e-01	   1.4082829297441952e+00	   1.0000000000000000e+00	
   8.8000000000000000e-01	   1.4092759269305728e+00	   1.0000000000000000e+00	
   8.9000000000000001e-01	   1.4096179330277201e+00	   1.0000000000000000e+00	
   9.0000000000000002e-01	   1.4092997160960807e+00	   1.0000000000000000e+00	
   9.1000000000000003e-01	   4.0831184228790451e-01	   1.0000000000000000e+00	
   9.1999999999999993e-01	   4.0772262523381975e-01	   1.0000000000000000e+00	
   9.2999999999999994e-01	   4.0866803061342549e-01	   1.0000000000000000e+00	
   9.3999999999999995e-01	   4.0895032792406161e-01	   1.0000000000000000e+00	
   9.4999999999999996e-01	   4.0856380686149607e-01	   1.0000000000000000e+00	
   9.5999999999999996e-01	   4.0750259200382655e-01	   1.0000000000000000e+00	
   9.6999999999999997e-01	   4.0576072616344638e-01	   1.0000000000000000e+00	
   9.7999999999999998e-01	   4.0593119627154284e-01	   1.0000000000000000e+00	
   9.8999999999999999e-01	   4.0617749691954674e-01	   1.0000000000000000e+00	
   1.0000000000000000e+00	   4.0574939497300622e-01	   1.0000000000000000e+00	
   1.0100000000000000e+00	   4.0464398599619544e-01	   1.0000000000000000e+00	
   1.0200000000000000e+00	   4.0285830508051057e-01	   1.0000000000000000e+00	
   1.0300000000000000e+00	   4.0114578653258781e-01	   1.0000000000000000e+00	
   1.0400000000000000e+00	   4.0137411492228625e-01	   1.0000000000000000e+00	
   1.0500000000000000e+00	   4.0092458584341828e-01	   1.0000000000000000e+00	
   1.0600000000000001e+00	   3.9979710546893532e-01	   1.0000000000000000e+00	
   1.0700000000000001e+00	   3.9799153205200466e-01	   1.0000000000000000e+00	
   1.0800000000000001e+00	   3.9550775169870955e-01	   1.0000000000000000e+00	
   1.0899999999999999e+00	   3.9461915111738688e-01	   1.0000000000000000e+00	
   1.1000000000000001e+00	   3.9416138606591655e-01	   1.0000000000000000e+00	
   1.1099999999999999e+00	   3.9302700137345181e-01	   1.0000000000000000e+00	
   1.1200000000000001e+00	   3.9121850418538862e-01	   1.0000000000000000e+00	
   1.1299999999999999e+00	   3.8873843511996897e-01	   1.0000000000000000e+00	
   1.1400000000000001e+00	   3.8599436927382147e-01	   1.0000000000000000e+00	
   1.1499999999999999e+00	   3.8553484983729169e-01	   1.0000000000000000e+00	
   1.1600000000000001e+00	   3.8440201150774411e-01	   1.0000000000000000e+00	
   1.1699999999999999e+00	   3.8260083660102906e-01	   1.0000000000000000e+00	
   1.1800000000000002e+00	   3.8013634198955559e-01	   1.0000000000000000e+00	
   1.1899999999999999e+00	   1.3495199230890709e-03	   1.0000000000000000e+00	
   1.2000000000000002e+00	   1.2944910819545630e-03	   1.0000000000000000e+00	
   1.2100000000000000e+00	   1.2234742783805430e-03	   1.0000000000000000e+00	
   1.2200000000000000e+00	   1.1377379858310555e-03	   1.0000000000000000e+00	
   1.2300000000000000e+00	   1.0429168067689343e-03	   1.0000000000000000e+00	
   1.2400000000000000e+00	   9.5966573717176651e-04	   1.0000000000000000e+00	
   1.2500000000000000e+00	   8.6240535108217387e-04	   1.0000000000000000e+00	
   1.2600000000000000e+00	   7.5261566886286602e-04	   1.0000000000000000e+00	
   1.2700000000000000e+00	   6.3849256952130951e-04	   1.0000000000000000e+00	
   1.2800000000000000e+00	   5.3132401482192115e-04	   1.0000000000000000e+00	
   1.2900000000000000e+00	   4.1193355054991443e-04	   1.0000000000000000e+00	
   1.3000000000000000e+00	   3.0496669367874318e-04	   1.0000000000000000e+00	
   1.3100000000000001e+00	   2.1102027136232770e-04	   1.0000000000000000e+00	
   1.3200000000000001e+00	   1.7834347821676921e-04	   1.0000000000000000e+00	
   1.3300000000000001e+00	   2.3693089273257861e-04	   1.0000000000000000e+00	
   1.3399999999999999e+00	   3.4575328012964590e-04	   1.0000000000000000e+00	
   1.3500000000000001e+00	   4.7808132294591132e-04	   1.0000000000000000e+00	
   1.3599999999999999e+00	   6.0833887873634751e-04	   1.0000000000000000e+00	
   1.3700000000000001e+00	   7.5490645531295364e-04	   1.0000000000000000e+00	
   1.3799999999999999e+00	   8.9503696144976885e-04	   1.0000000000000000e+00	
   1.3900000000000001e+00	   1.0265983148087798e-03	   1.0000000000000000e+00	
   1.3999999999999999e+00	   1.1797722613495765e-03	   1.0000000000000000e+00	
   1.4100000000000001e+00	   1.3293542091492583e-03	   1.0000000000000000e+00	
   1.4199999999999999e+00	   1.4704091084272175e-03	   1.0000000000000000e+00	
   1.4300000000000002e+00	   1.6008764431987288e-03	   1.0000000000000000e+00	
   1.4399999999999999e+00	   1.7378360809090498e-03	   1.0000000000000000e+00	
   1.4500000000000002e+00	   1.8902408873546772e-03	   1.0000000000000000e+00	
   1.4600000000000000e+00	   2.0322358041799937e-03	   1.0000000000000000e+00	
   1.4700000000000000e+00	   2.1618331819339698e-03	   1.0000000000000000e+00	
   1.4800000000000000e+00	   2.2771772840333160e-03	   1.0000000000000000e+00	
   1.4900000000000000e+00	   2.3992624906905569e-03	   1.0000000000000000e+00	
   1.5100000000000000e+00	   2.6715621808175438e-03	   1.0000000000000000e+00	
   1.5200000000000000e+00	   2.7848979436910781e-03	   1.0000000000000000e+00	
   1.5300000000000000e+00	   2.8808315935373585e-03	   1.0000000000000000e+00	
   1.5400000000000000e+00	   2.9669465442565546e-03	   1.0000000000000000e+00	
   1.5500000000000000e+00	   3.0958482497123185e-03	   1.0000000000000000e+00	
   1.5600000000000001e+00	   3.2075462052998382e-03	   1.0000000000000000e+00	
   1.5700000000000001e+00	   3.3005503702261407e-03	   1.0000000000000000e+00	
   1.5800000000000001e+00	   3.3735697832550926e-03	   1.0000000000000000e+00	
   1.5900000000000001e+00	   3.4255275956500686e-03	   1.0000000000000000e+00	
   1.6000000000000001e+00	   3.5161880595353523e-03	   1.0000000000000000e+00	
   1.6100000000000001e+00	   3.6062485802439426e-03	   1.0000000000000000e+00	
   1.6200000000000001e+00	   3.6752679512188635e-03	   1.0000000000000000e+00	
   1.6300000000000001e+00	   3.7223017090981525e-03	   1.0000000000000000e+00	
   1.6400000000000001e+00	   3.7466418447182903e-03	   1.0000000000000000e+00	
   1.6500000000000001e+00	   3.7754132785512429e-03	   1.0000000000000000e+00	
   1.6599999999999999e+00	   3.8397257978071142e-03	   1.0000000000000000e+00	
   1.6699999999999999e+00	   3.8812251692392774e-03	   1.0000000000000000e+00	
   1.6799999999999999e+00	   3.8993484404621359e-03	   1.0000000000000000e+00	
   1.6899999999999999e+00	   3.8937866448665037e-03	   1.0000000000000000e+00	
   1.7000000000000000e+00	   3.8644901978472923e-03	   1.0000000000000000e+00	
   1.7100000000000000e+00	   3.8860441626449305e-03	   1.0000000000000000e+00	
   1.7200000000000000e+00	   3.8963797493167807e-03	   1.0000000000000000e+00	
   1.7300000000000000e+00	   3.8825770854833408e-03	   1.0000000000000000e+00	
   1.7400000000000000e+00	   3.8447525950906503e-03	   1.0000000000000000e+00	
   1.7500000000000000e+00	   3.7832916348909951e-03	   1.0000000000000000e+00	
   1.7600000000000000e+00	   3.7222017066238511e-03	   2.0000000000000000e+00	
   1.7700000000000000e+00	   3.4722989564481832e-03	   2.0000000000000000e+00	
   1.7800000000000000e+00	   3.2188566512234562e-03	   2.0000000000000000e+00	
   1.7900000000000000e+00	   2.9646844815767182e-03	   2.0000000000000000e+00	
   1.8000000000000000e+00	   2.7123611426869143e-03	   2.0000000000000000e+00	
   1.8100000000000001e+00	   2.4832475200025073e-03	   2.0000000000000000e+00	
   1.8200000000000001e+00	   2.2898554383778968e-03	   2.0000000000000000e+00	
   1.8300000000000001e+00	   2.0955739431063325e-03	   2.0000000000000000e+00	
   1.8400000000000001e+00	   1.9026062344369432e-03	   2.0000000000000000e+00	
   1.8500000000000001e+00	   1.7129487982179281e-03	   2.0000000000000000e+00	
   1.8600000000000001e+00	   1.5283879450553872e-03	   2.0000000000000000e+00	
   1.8700000000000001e+00	   1.3734876124580353e-03	   2.0000000000000000e+00	
   1.8800000000000001e+00	   1.2277181885187449e-03	   2.0000000000000000e+00	
   1.8900000000000001e+00	   1.0848022581197991e-03	   2.0000000000000000e+00	
   1.9000000000000001e+00	   9.4623740151100755e-04	   2.0000000000000000e+00	
   1.9099999999999999e+00	   8.1333564495400523e-04	   2.0000000000000000e+00	
   1.9199999999999999e+00	   6.8981105776999563e-04	   2.0000000000000000e+00	
   1.9299999999999999e+00	   5.8371692125946950e-04	   2.0000000000000000e+00	
   1.9399999999999999e+00	   4.8155598643462305e-04	   2.0000000000000000e+00	
   1.9500000000000000e+00	   3.8440057085686874e-04	   2.0000000000000000e+00	
   1.9600000000000000e+00	   2.9316021790282143e-04	   2.0000000000000000e+00	
   1.9700000000000000e+00	   2.0858380856347836e-04	   2.0000000000000000e+00	
   1.9800000000000000e+00	   1.3289154750228960e-04	   2.0000000000000000e+00	
   1.9900000000000000e+00	   6.3790037261313159e-05	   2.0000000000000000e+00	
   2.0000000000000000e+00	   4.4408920985006262e-16	   2.0000000000000000e+00	
   2.0099999999999998e+00	   1.2674621820085719e-05	   2.0000000000000000e+00	
   2.0200000000000000e+00	   5.6088428204148499e-06	   3.0000000000000000e+00	
   2.0300000000000002e+00	   7.8865872579214624e-06	   3.0000000000000000e+00	
   2.0400000000000000e+00	   9.8573585729511137e-06	   3.0000000000000000e+00	
   2.0499999999999998e+00	   1.1485714186854068e-05	   3.0000000000000000e+00	
   2.0600000000000001e+00	   1.2774293228989819e-05	   3.0000000000000000e+00	
   2.0700000000000003e+00	   1.3731713452092009e-05	   3.0000000000000000e+00	
   2.0800000000000001e+00	   1.4517665131830171e-05	   3.0000000000000000e+00	
   2.0899999999999999e+00	   1.5216494317016327e-05	   3.0000000000000000e+00	
   2.1000000000000001e+00	   1.5653640804469404e-05	   3.0000000000000000e+00	
   2.1100000000000003e+00	   1.5839994864652596e-05	   3.0000000000000000e+00	
   2.1200000000000001e+00	   1.5790288567352206e-05	   3.0000000000000000e+00	
   2.1299999999999999e+00	   1.5613368369304936e-05	   3.0000000000000000e+00	
   2.1400000000000001e+00	   1.5519270167185795e-05	   3.0000000000000000e+00	
   2.1500000000000004e+00	   1.5234426286703240e-05	   3.0000000000000000e+00	
   2.1600000000000001e+00	   1.4774132234052217e-05	   3.0000000000000000e+00	
   2.1699999999999999e+00	   1.4155898878875917e-05	   3.0000000000000000e+00	
   2.1799999999999997e+00	   1.3498439360493109e-05	   3.0000000000000000e+00	
   2.1899999999999999e+00	   1.2951882561118566e-05	   3.0000000000000000e+00	
   2.2000000000000002e+00	   1.2275595818067586e-05	   3.0000000000000000e+00	
   2.2100000000000000e+00	   1.1486468933785687e-05	   3.0000000000000000e+00	
   2.2199999999999998e+00	   1.0602399234116433e-05	   3.0000000000000000e+00	
   2.2300000000000000e+00	   9.8581603609204649e-06	   3.0000000000000000e+00	
   2.2400000000000002e+00	   9.0952250522136069e-06	   3.0000000000000000e+00	
   2.2500000000000000e+00	   8.2536819601131128e-06	   3.0000000000000000e+00	
   2.2599999999999998e+00	   7.3500470363363490e-06	   3.0000000000000000e+00	
   2.2700000000000000e+00	   6.6243110765640267e-06	   3.0000000000000000e+00	
   2.2800000000000002e+00	   5.8556251532060344e-06	   3.0000000000000000e+00	
   2.2900000000000000e+00	   5.0347459463750965e-06	   3.0000000000000000e+00	
   2.2999999999999998e+00	   4.4063318620501946e-06	   3.0000000000000000e+00	
   2.3100000000000001e+00	   3.7235064556107034e-06	   3.0000000000000000e+00	
   2.3200000000000003e+00	   3.2218897212388242e-06	   3.0000000000000000e+00	
   2.3300000000000001e+00	   2.7956445087795601e-06	   3.0000000000000000e+00	
   2.3399999999999999e+00	   2.5263793039798088e-06	   3.0000000000000000e+00	
   2.3500000000000001e+00	   2.4447695086138310e-06	   3.0000000000000000e+00	
   2.3600000000000003e+00	   2.5301650619091731e-06	   3.0000000000000000e+00	
   2.3700000000000001e+00	   2.7531660258262036e-06	   3.0000000000000000e+00	
   2.3799999999999999e+00	   3.0843100820021618e-06	   3.0000000000000000e+00	
   2.3900000000000001e+00	   3.3896972166935768e-06	   3.0000000000000000e+00	
   2.4000000000000004e+00	   3.7806610917456851e-06	   3.0000000000000000e+00	
   2.4100000000000001e+00	   4.0869318684855216e-06	   3.0000000000000000e+00	
   2.4199999999999999e+00	   4.4345640666243469e-06	   3.0000000000000000e+00	
   2.4299999999999997e+00	   4.7562779195153837e-06	   3.0000000000000000e+00	
   2.4399999999999999e+00	   5.0011265888549872e-06	   3.0000000000000000e+00	
   2.4500000000000002e+00	   5.2073802105923050e-06	   3.0000000000000000e+00	
   2.4600000000000000e+00	   5.4631097294866038e-06	   3.0000000000000000e+00	
   2.4699999999999998e+00	   5.6495287275026840e-06	   3.0000000000000000e+00	
   2.4800000000000000e+00	   5.7683376213368831e-06	   3.0000000000000000e+00	
   2.4900000000000002e+00	   5.8222524290663102e-06	   3.0000000000000000e+00	
   2.5100000000000002e+00	   5.9864771553286289e-06	   3.0000000000000000e+00	
   2.5200000000000000e+00	   6.0027218635738677e-06	   3.0000000000000000e+00	
   2.5300000000000002e+00	   5.9648302803694264e-06	   3.0000000000000000e+00	
   2.5400000000000000e+00	   5.8770720459122572e-06	   3.0000000000000000e+00	
   2.5499999999999998e+00	   5.7598856044727142e-06	   3.0000000000000000e+00	
   2.5600000000000001e+00	   5.6980750424706628e-06	   3.0000000000000000e+00	
   2.5699999999999998e+00	   5.5927784643472478e-06	   3.0000000000000000e+00	
   2.5800000000000001e+00	   5.4486453451296768e-06	   3.0000000000000000e+00	
   2.5899999999999999e+00	   5.2707488062964103e-06	   3.0000000000000000e+00	
   2.6000000000000001e+00	   5.0644733491367333e-06	   3.0000000000000000e+00	
   2.6099999999999999e+00	   4.8354021346952436e-06	   3.0000000000000000e+00	
   2.6200000000000001e+00	   4.5892056048657537e-06	   3.0000000000000000e+00	
   2.6299999999999999e+00	   4.3863580541092517e-06	   3.0000000000000000e+00	
   2.6400000000000001e+00	   4.1672736790232534e-06	   3.0000000000000000e+00	
   2.6499999999999999e+00	   3.9353495138172434e-06	   3.0000000000000000e+00	
   2.6600000000000001e+00	   3.6957947195936924e-06	   3.0000000000000000e+00	
   2.6699999999999999e+00	   3.4536627961934130e-06	   3.0000000000000000e+00	
   2.6800000000000002e+00	   3.2137597609782631e-06	   3.0000000000000000e+00	
   2.6899999999999999e+00	   2.9805594614629172e-06	   3.0000000000000000e+00	
   2.7000000000000002e+00	   2.7581271817567199e-06	   3.0000000000000000e+00	
   2.7100000000000000e+00	   2.5500524571953065e-06	   3.0000000000000000e+00	
   2.7200000000000002e+00	   2.3593919675768404e-06	   3.0000000000000000e+00	
   2.7300000000000000e+00	   2.1886231063028561e-06	   3.0000000000000000e+00	
   2.7400000000000002e+00	   2.0600665950887276e-06	   3.0000000000000000e+00	
   2.7500000000000000e+00	   1.9795570280756181e-06	   3.0000000000000000e+00	
   2.7600000000000002e+00	   1.9232200081376050e-06	   3.0000000000000000e+00	
   2.7700000000000000e+00	   1.8895610982561095e-06	   3.0000000000000000e+00	
   2.7800000000000002e+00	   1.8765173273038727e-06	   3.0000000000000000e+00	
   2.7900000000000000e+00	   1.8950651927696072e-06	   3.0000000000000000e+00	
   2.8000000000000003e+00	   1.9479291215596106e-06	   3.0000000000000000e+00	
   2.8100000000000001e+00	   2.0054722766893462e-06	   3.0000000000000000e+00	
   2.8199999999999998e+00	   2.0635942203917068e-06	   3.0000000000000000e+00	
   2.8300000000000001e+00	   2.1181722247298751e-06	   3.0000000000000000e+00	
   2.8399999999999999e+00	   2.1651491066698725e-06	   3.0000000000000000e+00	
   2.8500000000000001e+00	   2.2006201234603395e-06	   3.0000000000000000e+00	
   2.8599999999999999e+00	   2.2209176773202444e-06	   3.0000000000000000e+00	
   2.8700000000000001e+00	   2.2226925415758103e-06	   3.0000000000000000e+00	
   2.8799999999999999e+00	   2.2029904291898106e-06	   3.0000000000000000e+00	
   2.8900000000000001e+00	   2.1593227512717306e-06	   3.0000000000000000e+00	
   2.8999999999999999e+00	   2.0897305517131315e-06	   3.0000000000000000e+00	
   2.9100000000000001e+00	   2.0075704885158530e-06	   3.0000000000000000e+00	
   2.9199999999999999e+00	   1.9080344979549579e-06	   3.0000000000000000e+00	
   2.9300000000000002e+00	   1.7778575762683602e-06	   3.0000000000000000e+00	
   2.9399999999999999e+00	   1.6158858304748946e-06	   3.0000000000000000e+00	
   2.9500000000000002e+00	   1.4216348636075793e-06	   3.0000000000000000e+00	
   2.9600000000000000e+00	   1.1953275222964521e-06	   3.0000000000000000e+00	
   2.9700000000000002e+00	   9.3792160082983855e-07	   3.0000000000000000e+00	
   2.9800000000000000e+00	   6.5112707314796126e-07	   3.0000000000000000e+00	
   2.9900000000000002e+00	   3.4205674825926735e-07	   3.0000000000000000e+00	
   3.0000000000000000e+00	   4.4408920985006262e-16	   1.0000000000000000e+00	
   3.0100000000000002e+00	   1.5283185827996704e-08	   5.0000000000000000e+00	
   3.0200000000000000e+00	   2.7515070222250415e-08	   5.0000000000000000e+00	
   3.0300000000000002e+00	   3.7623796522723296e-08	   5.0000000000000000e+00	
   3.0400000000000000e+00	   4.5629191980367523e-08	   5.0000000000000000e+00	
   3.0500000000000003e+00	   5.1533863842934124e-08	   5.0000000000000000e+00	
   3.0600000000000001e+00	   5.5490383399359189e-08	   5.0000000000000000e+00	
   3.0699999999999998e+00	   5.7674582887301540e-08	   5.0000000000000000e+00	
   3.0800000000000001e+00	   5.9229194881993408e-08	   5.0000000000000000e+00	
   3.0899999999999999e+00	   5.9921797301853985e-08	   5.0000000000000000e+00	
   3.1000000000000001e+00	   5.9405496966036253e-08	   5.0000000000000000e+00	
   3.1099999999999999e+00	   5.7825625177088114e-08	   5.0000000000000000e+00	
   3.1200000000000001e+00	   5.5335017457025515e-08	   5.0000000000000000e+00	
   3.1299999999999999e+00	   5.3243342179598585e-08	   5.0000000000000000e+00	
   3.1400000000000001e+00	   5.0706854270998747e-08	   5.0000000000000000e+00	
   3.1499999999999999e+00	   4.7571539152357900e-08	   5.0000000000000000e+00	
   3.1600000000000001e+00	   4.3958703344060268e-08	   5.0000000000000000e+00	
   3.1699999999999999e+00	   4.0606865425729666e-08	   5.0000000000000000e+00	
   3.1800000000000002e+00	   3.7536882935285121e-08	   5.0000000000000000e+00	
   3.1899999999999999e+00	   3.4168007978507831e-08	   5.0000000000000000e+00	
   3.2000000000000002e+00	   3.0595004751887700e-08	   5.0000000000000000e+00	
   3.2100000000000000e+00	   2.7869177188222238e-08	   5.0000000000000000e+00	
   3.2200000000000002e+00	   2.5089757382801281e-08	   5.0000000000000000e+00	
   3.2300000000000000e+00	   2.2208999528317008e-08	   5.0000000000000000e+00	
   3.2400000000000002e+00	   2.0274756984406395e-08	   5.0000000000000000e+00	
   3.2500000000000000e+00	   1.8227754861044332e-08	   5.0000000000000000e+00	
   3.2600000000000002e+00	   1.6748903153285255e-08	   5.0000000000000000e+00	
   3.2700000000000000e+00	   1.5500460914807945e-08	   5.0000000000000000e+00	
   3.2800000000000002e+00	   1.4652374868973084e-08	   5.0000000000000000e+00	
   3.2900000000000000e+00	   1.4092850442182225e-08	   5.0000000000000000e+00	
   3.3000000000000003e+00	   1.3715626412391657e-08	   5.0000000000000000e+00	
   3.3100000000000001e+00	   1.3691247691127728e-08	   5.0000000000000000e+00	
   3.3199999999999998e+00	   1.3592374781268290e-08	   5.0000000000000000e+00	
   3.3300000000000001e+00	   1.3710659274579484e-08	   5.0000000000000000e+00	
   3.3399999999999999e+00	   1.3977381918550691e-08	   5.0000000000000000e+00	
   3.3500000000000001e+00	   1.4216410715306438e-08	   5.0000000000000000e+00	
   3.3599999999999999e+00	   1.4465723285894683e-08	   5.0000000000000000e+00	
   3.3700000000000001e+00	   1.4758849697926735e-08	   5.0000000000000000e+00	
   3.3799999999999999e+00	   1.5124240082542428e-08	   5.0000000000000000e+00	
   3.3900000000000001e+00	   1.5584809887059237e-08	   5.0000000000000000e+00	
   3.3999999999999999e+00	   1.6157638338398783e-08	   5.0000000000000000e+00	
   3.4100000000000001e+00	   1.6853830331342579e-08	   5.0000000000000000e+00	
   3.4199999999999999e+00	   1.7678511987639922e-08	   5.0000000000000000e+00	
   3.4300000000000002e+00	   1.8630982090428461e-08	   5.0000000000000000e+00	
   3.4399999999999999e+00	   1.9704970988243531e-08	   5.0000000000000000e+00	
   3.4500000000000002e+00	   2.0889024732184680e-08	   5.0000000000000000e+00	
   3.4600000000000000e+00	   2.2166975366388897e-08	   5.0000000000000000e+00	
   3.4700000000000002e+00	   2.3518508474040800e-08	   5.0000000000000000e+00	
   3.4800000000000000e+00	   2.4919780461374330e-08	   5.0000000000000000e+00	
   3.4900000000000002e+00	   2.6536754571537813e-08	   5.0000000000000000e+00	
   3.5100000000000002e+00	   2.9915522059553723e-08	   5.0000000000000000e+00	
   3.5200000000000000e+00	   3.1622373608541920e-08	   5.0000000000000000e+00	
   3.5300000000000002e+00	   3.3301265744967168e-08	   5.0000000000000000e+00	
   3.5400000000000000e+00	   3.4921159297596205e-08	   5.0000000000000000e+00	
   3.5500000000000003e+00	   3.6450797491482945e-08	   5.0000000000000000e+00	
   3.5600000000000001e+00	   3.7859379631299817e-08	   5.0000000000000000e+00	
   3.5700000000000003e+00	   3.9117231676044639e-08	   5.0000000000000000e+00	
   3.5800000000000001e+00	   4.0234525933158238e-08	   5.0000000000000000e+00	
   3.5899999999999999e+00	   4.1809179673890640e-08	   5.0000000000000000e+00	
   3.6000000000000001e+00	   4.3215902412185869e-08	   5.0000000000000000e+00	
   3.6099999999999999e+00	   4.4427328926843757e-08	   5.0000000000000000e+00	
   3.6200000000000001e+00	   4.5418633298766053e-08	   5.0000000000000000e+00	
   3.6299999999999999e+00	   4.6168019629533319e-08	   5.0000000000000000e+00	
   3.6400000000000001e+00	   4.6657131935745610e-08	   5.0000000000000000e+00	
   3.6499999999999999e+00	   4.7083242193934893e-08	   5.0000000000000000e+00	
   3.6600000000000001e+00	   4.7934832991813892e-08	   5.0000000000000000e+00	
   3.6699999999999999e+00	   4.8516256789810086e-08	   5.0000000000000000e+00	
   3.6800000000000002e+00	   4.8813925790369694e-08	   5.0000000000000000e+00	
   3.6899999999999999e+00	   4.8818369347003454e-08	   5.0000000000000000e+00	
   3.7000000000000002e+00	   4.8524410267702933e-08	   5.0000000000000000e+00	
   3.7100000000000000e+00	   4.7980476924891491e-08	   5.0000000000000000e+00	
   3.7200000000000002e+00	   4.8070469382821557e-08	   5.0000000000000000e+00	
   3.7300000000000000e+00	   4.7857680485208220e-08	   5.0000000000000000e+00	
   3.7400000000000002e+00	   4.7342159970042985e-08	   5.0000000000000000e+00	
   3.7500000000000000e+00	   4.6528339847640154e-08	   5.0000000000000000e+00	
   3.7600000000000002e+00	   4.5424980665842440e-08	   5.0000000000000000e+00	
   3.7700000000000000e+00	   4.4187885350766010e-08	   5.0000000000000000e+00	
   3.7800000000000002e+00	   4.3459772225418192e-08	   5.0000000000000000e+00	
   3.7900000000000000e+00	   4.2441545389237945e-08	   5.0000000000000000e+00	
   3.8000000000000003e+00	   4.1146693607885254e-08	   5.0000000000000000e+00	
   3.8100000000000001e+00	   3.9592638056973328e-08	   5.0000000000000000e+00	
   3.8200000000000003e+00	   3.7800463648096638e-08	   5.0000000000000000e+00	
   3.8300000000000001e+00	   3.6123608104787763e-08	   5.0000000000000000e+00	
   3.8399999999999999e+00	   3.4660859959956269e-08	   5.0000000000000000e+00	
   3.8500000000000001e+00	   3.2961567697498140e-08	   5.0000000000000000e+00	
   3.8599999999999999e+00	   3.1050394255771607e-08	   5.0000000000000000e+00	
   3.8700000000000001e+00	   2.8954920239243620e-08	   5.0000000000000000e+00	
   3.8799999999999999e+00	   2.6705231803703100e-08	   5.0000000000000000e+00	
   3.8900000000000001e+00	   2.4770037132526568e-08	   5.0000000000000000e+00	
   3.8999999999999999e+00	   2.2768899210490190e-08	   5.0000000000000000e+00	
   3.9100000000000001e+00	   2.0615988916006245e-08	   5.0000000000000000e+00	
   3.9199999999999999e+00	   1.8343449426083680e-08	   5.0000000000000000e+00	
   3.9300000000000002e+00	   1.5984980450411967e-08	   5.0000000000000000e+00	
   3.9399999999999999e+00	   1.3012275701385079e-08	   6.0000000000000000e+00	
   3.9500000000000002e+00	   9.7987951086508929e-09	   6.0000000000000000e+00	
   3.9600000000000000e+00	   7.0376615646239316e-09	   6.0000000000000000e+00	
   3.9700000000000002e+00	   4.7067914010767709e-09	   6.0000000000000000e+00	
   3.9800000000000000e+00	   2.8019337960927260e-09	   6.0000000000000000e+00	
   3.9900000000000002e+00	   1.2577481278697178e-09	   6.0000000000000000e+00	
   4.0000000000000000e+00	   4.4408920985006262e-16	   2.0000000000000000e+00	
   4.0099999999999998e+00	   4.1608494427691767e-11	   7.0000000000000000e+00	
   4.0199999999999996e+00	   7.0247807570922305e-11	   7.0000000000000000e+00	
   4.0300000000000002e+00	   8.9329432739759795e-11	   7.0000000000000000e+00	
   4.0400000000000000e+00	   9.9154462418482581e-11	   7.0000000000000000e+00	
   4.0500000000000007e+00	   1.0093081925788283e-10	   7.0000000000000000e+00	
   4.0600000000000005e+00	   9.5913499364996824e-11	   7.0000000000000000e+00	
   4.0700000000000003e+00	   8.8349771942830557e-11	   7.0000000000000000e+00	
   4.0800000000000001e+00	   7.6272321791748254e-11	   7.0000000000000000e+00	
   4.0899999999999999e+00	   6.1043614607569907e-11	   7.0000000000000000e+00	
   4.0999999999999996e+00	   4.5922377012175275e-11	   7.0000000000000000e+00	
   4.1099999999999994e+00	   3.1860736271482892e-11	   7.0000000000000000e+00	
   4.1200000000000001e+00	   2.6449065160250029e-11	   7.0000000000000000e+00	
   4.1299999999999999e+00	   3.4428460082835954e-11	   7.0000000000000000e+00	
   4.1400000000000006e+00	   4.9938719826059241e-11	   7.0000000000000000e+00	
   4.1500000000000004e+00	   6.7618799448609934e-11	   7.0000000000000000e+00	
   4.1600000000000001e+00	   8.5026208296312689e-11	   7.0000000000000000e+00	
   4.1699999999999999e+00	   1.0258993654588267e-10	   7.0000000000000000e+00	
   4.1799999999999997e+00	   1.1797052223982973e-10	   7.0000000000000000e+00	
   4.1899999999999995e+00	   1.3154277667126735e-10	   7.0000000000000000e+00	
   4.2000000000000002e+00	   1.4603251941025519e-10	   7.0000000000000000e+00	
   4.2100000000000000e+00	   1.5824319632429251e-10	   7.0000000000000000e+00	
   4.2200000000000006e+00	   1.6806200875407740e-10	   7.0000000000000000e+00	
   4.2300000000000004e+00	   1.7544721231388394e-10	   7.0000000000000000e+00	
   4.2400000000000002e+00	   1.8147083835629019e-10	   7.0000000000000000e+00	
   4.2500000000000000e+00	   1.8820500713445654e-10	   7.0000000000000000e+00	
   4.2599999999999998e+00	   1.9273915796702568e-10	   7.0000000000000000e+00	
   4.2699999999999996e+00	   1.9513812787863571e-10	   7.0000000000000000e+00	
   4.2799999999999994e+00	   1.9550761010123097e-10	   7.0000000000000000e+00	
   4.2900000000000000e+00	   1.9399859496616045e-10	   7.0000000000000000e+00	
   4.2999999999999998e+00	   1.9167956111232343e-10	   7.0000000000000000e+00	
   4.3100000000000005e+00	   1.9039170240375825e-10	   7.0000000000000000e+00	
   4.3200000000000003e+00	   1.8755130781755724e-10	   7.0000000000000000e+00	
   4.3300000000000001e+00	   1.8333778939449985e-10	   7.0000000000000000e+00	
   4.3399999999999999e+00	   1.7794032913798219e-10	   7.0000000000000000e+00	
   4.3499999999999996e+00	   1.7156054354927619e-10	   7.0000000000000000e+00	
   4.3599999999999994e+00	   1.6440449002175228e-10	   7.0000000000000000e+00	
   4.3700000000000001e+00	   1.5667733777036119e-10	   7.0000000000000000e+00	
   4.3799999999999999e+00	   1.4952039606441758e-10	   7.0000000000000000e+00	
   4.3900000000000006e+00	   1.4278533910783153e-10	   7.0000000000000000e+00	
   4.4000000000000004e+00	   1.3569678714020483e-10	   7.0000000000000000e+00	
   4.4100000000000001e+00	   1.2842882313179871e-10	   7.0000000000000000e+00	
   4.4199999999999999e+00	   1.2114576009025768e-10	   7.0000000000000000e+00	
   4.4299999999999997e+00	   1.1399770016851107e-10	   7.0000000000000000e+00	
   4.4399999999999995e+00	   1.0711787012951390e-10	   7.0000000000000000e+00	
   4.4499999999999993e+00	   1.0061729227572869e-10	   7.0000000000000000e+00	
   4.4600000000000000e+00	   9.4596330768581538e-11	   7.0000000000000000e+00	
   4.4699999999999998e+00	   8.9127816238487867e-11	   7.0000000000000000e+00	
   4.4800000000000004e+00	   8.4267703925888782e-11	   7.0000000000000000e+00	
   4.4900000000000002e+00	   8.0051520967572287e-11	   7.0000000000000000e+00	
   4.5099999999999998e+00	   7.3586470250575076e-11	   7.0000000000000000e+00	
   4.5199999999999996e+00	   7.1316286209821556e-11	   7.0000000000000000e+00	
   4.5299999999999994e+00	   7.0161654264211393e-11	   7.0000000000000000e+00	
   4.5400000000000000e+00	   6.9572791971950210e-11	   7.0000000000000000e+00	
   4.5499999999999998e+00	   6.9340977404408477e-11	   7.0000000000000000e+00	
   4.5600000000000005e+00	   6.9378280898035882e-11	   7.0000000000000000e+00	
   4.5700000000000003e+00	   6.9591443718763912e-11	   7.0000000000000000e+00	
   4.5800000000000001e+00	   6.9894312559881655e-11	   7.0000000000000000e+00	
   4.5899999999999999e+00	   7.0197181400999398e-11	   7.0000000000000000e+00	
   4.5999999999999996e+00	   7.0419226005924429e-11	   7.0000000000000000e+00	
   4.6099999999999994e+00	   7.0483174852142838e-11	   7.0000000000000000e+00	
   4.6200000000000001e+00	   7.0444095001676033e-11	   7.0000000000000000e+00	
   4.6299999999999999e+00	   7.0829564435825887e-11	   7.0000000000000000e+00	
   4.6400000000000006e+00	   7.0994765621890110e-11	   7.0000000000000000e+00	
   4.6500000000000004e+00	   7.0878414248909394e-11	   7.0000000000000000e+00	
   4.6600000000000001e+00	   7.0430772325380531e-11	   7.0000000000000000e+00	
   4.6699999999999999e+00	   6.9611871822417015e-11	   7.0000000000000000e+00	
   4.6799999999999997e+00	   6.8394179209008144e-11	   7.0000000000000000e+00	
   4.6899999999999995e+00	   6.6759930916759913e-11	   7.0000000000000000e+00	
   4.6999999999999993e+00	   6.5644378821616556e-11	   7.0000000000000000e+00	
   4.7100000000000000e+00	   6.4562577506421803e-11	   7.0000000000000000e+00	
   4.7199999999999998e+00	   6.3050897836092190e-11	   7.0000000000000000e+00	
   4.7300000000000004e+00	   6.1108451632208016e-11	   7.0000000000000000e+00	
   4.7400000000000002e+00	   5.8746785214225383e-11	   7.0000000000000000e+00	
   4.7500000000000000e+00	   5.6676441317904391e-11	   7.0000000000000000e+00	
   4.7599999999999998e+00	   5.4972026930499851e-11	   7.0000000000000000e+00	
   4.7699999999999996e+00	   5.2852833221095352e-11	   7.0000000000000000e+00	
   4.7799999999999994e+00	   5.0340176471763698e-11	   7.0000000000000000e+00	
   4.7900000000000000e+00	   4.7521986346055201e-11	   7.0000000000000000e+00	
   4.7999999999999998e+00	   4.5691450623053242e-11	   7.0000000000000000e+00	
   4.8100000000000005e+00	   4.3479886357999931e-11	   7.0000000000000000e+00	
   4.8200000000000003e+00	   4.0925485222942370e-11	   7.0000000000000000e+00	
   4.8300000000000001e+00	   3.8148151304540079e-11	   7.0000000000000000e+00	
   4.8399999999999999e+00	   3.6220804133790807e-11	   7.0000000000000000e+00	
   4.8499999999999996e+00	   3.3966607304591889e-11	   7.0000000000000000e+00	
   4.8599999999999994e+00	   3.1434410630026832e-11	   7.0000000000000000e+00	
   4.8700000000000001e+00	   2.9058533357328997e-11	   7.0000000000000000e+00	
   4.8799999999999999e+00	   2.7037927452511212e-11	   7.0000000000000000e+00	
   4.8900000000000006e+00	   2.4759749805980391e-11	   7.0000000000000000e+00	
   4.9000000000000004e+00	   2.2279067479757941e-11	   7.0000000000000000e+00	
   4.9100000000000001e+00	   2.0291324176469061e-11	   7.0000000000000000e+00	
   4.9199999999999999e+00	   1.8163248682867561e-11	   7.0000000000000000e+00	
   4.9299999999999997e+00	   1.5858425683745736e-11	   7.0000000000000000e+00	
   4.9399999999999995e+00	   1.3660184094987926e-11	   7.0000000000000000e+00	
   4.9499999999999993e+00	   1.1556089418718329e-11	   7.0000000000000000e+00	
   4.9600000000000000e+00	   9.3001162326800113e-12	   7.0000000000000000e+00	
   4.9699999999999998e+00	   6.9571015615110809e-12	   7.0000000000000000e+00	
   4.9800000000000004e+00	   4.7473136532971694e-12	   7.0000000000000000e+00	
   4.9900000000000002e+00	   2.4060753389676393e-12	   7.0000000000000000e+00	
   5.0000000000000000e+00	   8.8817841970012523e-16	   1.0000000000000000e+00	
   5.0099999999999998e+00	   1.4921397450962104e-13	   8.0000000000000000e+00	
   5.0199999999999996e+00	   2.9842794901924208e-13	   8.0000000000000000e+00	
   5.0299999999999994e+00	   4.4320103143036249e-13	   8.0000000000000000e+00	
   5.0400000000000000e+00	   5.8886229226118303e-13	   8.0000000000000000e+00	
   5.0499999999999998e+00	   7.3008266099350294e-13	   8.0000000000000000e+00	
   5.0600000000000005e+00	   8.8196117076222436e-13	   8.0000000000000000e+00	
   5.0700000000000003e+00	   1.0320633236915455e-12	   8.0000000000000000e+00	
   5.0800000000000001e+00	   1.1786127629420662e-12	   8.0000000000000000e+00	
   5.0899999999999999e+00	   1.3189449532546860e-12	   8.0000000000000000e+00	
   5.0999999999999996e+00	   1.4539480730491050e-12	   8.0000000000000000e+00	
   5.1099999999999994e+00	   1.5791812302268227e-12	   8.0000000000000000e+00	
   5.1200000000000001e+00	   1.7275070263167436e-12	   8.0000000000000000e+00	
   5.1299999999999999e+00	   1.8696155734687636e-12	   8.0000000000000000e+00	
   5.1400000000000006e+00	   2.0028423364237824e-12	   8.0000000000000000e+00	
   5.1500000000000004e+00	   2.1245227799226996e-12	   8.0000000000000000e+00	
   5.1600000000000001e+00	   2.2293278334473143e-12	   8.0000000000000000e+00	
   5.1699999999999999e+00	   2.3554491690447321e-12	   8.0000000000000000e+00	
   5.1799999999999997e+00	   2.4877877535800508e-12	   8.0000000000000000e+00	
   5.1899999999999995e+00	   2.6068036618198676e-12	   8.0000000000000000e+00	
   5.1999999999999993e+00	   2.7062796448262816e-12	   8.0000000000000000e+00	
   5.2100000000000000e+00	   2.7853275241795927e-12	   8.0000000000000000e+00	
   5.2199999999999998e+00	   2.8981261834815086e-12	   8.0000000000000000e+00	
   5.2300000000000004e+00	   3.0153657348819252e-12	   8.0000000000000000e+00	
   5.2400000000000002e+00	   3.1086244689504383e-12	   8.0000000000000000e+00	
   5.2500000000000000e+00	   3.1805669209461485e-12	   8.0000000000000000e+00	
   5.2599999999999998e+00	   3.2374103398069565e-12	   8.0000000000000000e+00	
   5.2699999999999996e+00	   3.3519853559482726e-12	   8.0000000000000000e+00	
   5.2799999999999994e+00	   3.4416913763379853e-12	   8.0000000000000000e+00	
   5.2900000000000000e+00	   3.5065284009760944e-12	   8.0000000000000000e+00	
   5.2999999999999998e+00	   3.5456082514428999e-12	   8.0000000000000000e+00	
   5.3100000000000005e+00	   3.6290970228947117e-12	   8.0000000000000000e+00	
   5.3200000000000003e+00	   3.7143621511859237e-12	   8.0000000000000000e+00	
   5.3300000000000001e+00	   3.7720937484664319e-12	   8.0000000000000000e+00	
   5.3399999999999999e+00	   3.8031799931559362e-12	   8.0000000000000000e+00	
   5.3499999999999996e+00	   3.8591352335970441e-12	   8.0000000000000000e+00	
   5.3599999999999994e+00	   3.9417358266291558e-12	   8.0000000000000000e+00	
   5.3700000000000001e+00	   3.9932501749717630e-12	   8.0000000000000000e+00	
   5.3799999999999999e+00	   4.0163428138839663e-12	   8.0000000000000000e+00	
   5.3900000000000006e+00	   4.0598635564492724e-12	   8.0000000000000000e+00	
   5.4000000000000004e+00	   4.1389114358025836e-12	   8.0000000000000000e+00	
   5.4100000000000001e+00	   4.1859848920466902e-12	   8.0000000000000000e+00	
   5.4199999999999999e+00	   4.2001957467618922e-12	   8.0000000000000000e+00	
   5.4299999999999997e+00	   4.2428283109074982e-12	   8.0000000000000000e+00	
   5.4399999999999995e+00	   4.3192116550017090e-12	   8.0000000000000000e+00	
   5.4499999999999993e+00	   4.3600678623079148e-12	   8.0000000000000000e+00	
   5.4600000000000000e+00	   4.3680614680852159e-12	   8.0000000000000000e+00	
   5.4699999999999998e+00	   4.4115822106505220e-12	   8.0000000000000000e+00	
   5.4800000000000004e+00	   4.4861891979053325e-12	   8.0000000000000000e+00	
   5.4900000000000002e+00	   4.5217163346933376e-12	   8.0000000000000000e+00	
   5.5099999999999998e+00	   4.5661252556783438e-12	   8.0000000000000000e+00	
   5.5199999999999996e+00	   4.6336268155755533e-12	   8.0000000000000000e+00	
   5.5299999999999994e+00	   4.6629367034256575e-12	   8.0000000000000000e+00	
   5.5400000000000000e+00	   4.6540549192286562e-12	   8.0000000000000000e+00	
   5.5499999999999998e+00	   4.6922465912757616e-12	   8.0000000000000000e+00	
   5.5600000000000005e+00	   4.7535309022350702e-12	   8.0000000000000000e+00	
   5.5700000000000003e+00	   4.7748471843078732e-12	   8.0000000000000000e+00	
   5.5800000000000001e+00	   4.7579717943335709e-12	   8.0000000000000000e+00	
   5.5899999999999999e+00	   4.7730708274684730e-12	   8.0000000000000000e+00	
   5.5999999999999996e+00	   4.8236969973913801e-12	   8.0000000000000000e+00	
   5.6099999999999994e+00	   4.8379078521065821e-12	   8.0000000000000000e+00	
   5.6200000000000001e+00	   4.8139270347746788e-12	   8.0000000000000000e+00	
   5.6299999999999999e+00	   4.7872816821836750e-12	   8.0000000000000000e+00	
   5.6400000000000006e+00	   4.8263615326504805e-12	   8.0000000000000000e+00	
   5.6500000000000004e+00	   4.8272497110701806e-12	   8.0000000000000000e+00	
   5.6600000000000001e+00	   4.7934989311215759e-12	   8.0000000000000000e+00	
   5.6699999999999999e+00	   4.7233328359652660e-12	   8.0000000000000000e+00	
   5.6799999999999997e+00	   4.7357673338410677e-12	   8.0000000000000000e+00	
   5.6899999999999995e+00	   4.7233328359652660e-12	   8.0000000000000000e+00	
   5.6999999999999993e+00	   4.6753712013014592e-12	   8.0000000000000000e+00	
   5.7100000000000000e+00	   4.5945469651087478e-12	   8.0000000000000000e+00	
   5.7199999999999998e+00	   4.5305981188903388e-12	   8.0000000000000000e+00	
   5.7300000000000004e+00	   4.5021764094599348e-12	   8.0000000000000000e+00	
   5.7400000000000002e+00	   4.4408920985006262e-12	   8.0000000000000000e+00	
   5.7500000000000000e+00	   4.3476333644321130e-12	   8.0000000000000000e+00	
   5.7599999999999998e+00	   4.2241765640937956e-12	   8.0000000000000000e+00	
   5.7699999999999996e+00	   4.1522341120980855e-12	   8.0000000000000000e+00	
   5.7799999999999994e+00	   4.0722980543250742e-12	   8.0000000000000000e+00	
   5.7900000000000000e+00	   3.9639402871216589e-12	   8.0000000000000000e+00	
   5.7999999999999998e+00	   3.8298253457469400e-12	   8.0000000000000000e+00	
   5.8100000000000005e+00	   3.6690650517812173e-12	   8.0000000000000000e+00	
   5.8200000000000003e+00	   3.5651481766763027e-12	   8.0000000000000000e+00	
   5.8300000000000001e+00	   3.4408031979182852e-12	   8.0000000000000000e+00	
   5.8399999999999999e+00	   3.2915892234086641e-12	   8.0000000000000000e+00	
   5.8499999999999996e+00	   3.1192826099868398e-12	   8.0000000000000000e+00	
   5.8599999999999994e+00	   2.9256597144922125e-12	   8.0000000000000000e+00	
   5.8700000000000001e+00	   2.7817748105007922e-12	   8.0000000000000000e+00	
   5.8799999999999999e+00	   2.6147972675971687e-12	   8.0000000000000000e+00	
   5.8900000000000006e+00	   2.4291679778798425e-12	   8.0000000000000000e+00	
   5.9000000000000004e+00	   2.2248869413488137e-12	   8.0000000000000000e+00	
   5.9100000000000001e+00	   2.0063950501025829e-12	   8.0000000000000000e+00	
   5.9199999999999999e+00	   1.8189894035458565e-12	   8.0000000000000000e+00	
   5.9299999999999997e+00	   1.6173729022739280e-12	   8.0000000000000000e+00	
   5.9399999999999995e+00	   1.4015455462867976e-12	   8.0000000000000000e+00	
   5.9500000000000002e+00	   1.1741718708435656e-12	   8.0000000000000000e+00	
   5.9600000000000000e+00	   9.3880458962303237e-13	   8.0000000000000000e+00	
   5.9699999999999998e+00	   7.1409544943890069e-13	   8.0000000000000000e+00	
   5.9800000000000004e+00	   4.8405723873656825e-13	   8.0000000000000000e+00	
   5.9900000000000002e+00	   2.4336088699783431e-13	   8.0000000000000000e+00	
   6.0000000000000000e+00	   8.8817841970012523e-16	   1.0000000000000000e+00	
   6.0099999999999998e+00	   1.7941204077942530e-13	   8.0000000000000000e+00	
   6.0199999999999996e+00	   3.6060043839825084e-13	   8.0000000000000000e+00	
   6.0300000000000002e+00	   5.4267701443677652e-13	   8.0000000000000000e+00	
   6.0400000000000000e+00	   7.2741812573440257e-13	   8.0000000000000000e+00	
   6.0499999999999998e+00	   9.1393559387142886e-13	   8.0000000000000000e+00	
   6.0600000000000005e+00	   1.1013412404281553e-12	   8.0000000000000000e+00	
   6.0700000000000003e+00	   1.3011813848606835e-12	   8.0000000000000000e+00	
   6.0800000000000001e+00	   1.5063505998114124e-12	   8.0000000000000000e+00	
   6.0899999999999999e+00	   1.7106316363424412e-12	   8.0000000000000000e+00	
   6.0999999999999996e+00	   1.9131363160340698e-12	   8.0000000000000000e+00	
   6.1099999999999994e+00	   2.1094237467877974e-12	   8.0000000000000000e+00	
   6.1200000000000001e+00	   2.3021584638627246e-12	   8.0000000000000000e+00	
   6.1299999999999999e+00	   2.5019986082952528e-12	   8.0000000000000000e+00	
   6.1399999999999997e+00	   2.7284841053187847e-12	   8.0000000000000000e+00	
   6.1500000000000004e+00	   2.9505287102438160e-12	   8.0000000000000000e+00	
   6.1600000000000001e+00	   3.1636915309718461e-12	   8.0000000000000000e+00	
   6.1699999999999999e+00	   3.3715252811816754e-12	   8.0000000000000000e+00	
   6.1799999999999997e+00	   3.5687008903551032e-12	   8.0000000000000000e+00	
   6.1899999999999995e+00	   3.7543301800724294e-12	   8.0000000000000000e+00	
   6.2000000000000002e+00	   3.9754866065777605e-12	   8.0000000000000000e+00	
   6.2100000000000000e+00	   4.2090775309588935e-12	   8.0000000000000000e+00	
   6.2199999999999998e+00	   4.4311221358839248e-12	   8.0000000000000000e+00	
   6.2300000000000004e+00	   4.6407322429331543e-12	   8.0000000000000000e+00	
   6.2400000000000002e+00	   4.8334669600080815e-12	   8.0000000000000000e+00	
   6.2500000000000000e+00	   5.0057735734299058e-12	   8.0000000000000000e+00	
   6.2599999999999998e+00	   5.1931792199866322e-12	   8.0000000000000000e+00	
   6.2699999999999996e+00	   5.4303228580465657e-12	   8.0000000000000000e+00	
   6.2800000000000002e+00	   5.6505911061321967e-12	   8.0000000000000000e+00	
   6.2900000000000000e+00	   5.8486548937253247e-12	   8.0000000000000000e+00	
   6.2999999999999998e+00	   6.0271787560850498e-12	   8.0000000000000000e+00	
   6.3100000000000005e+00	   6.1817218011128716e-12	   8.0000000000000000e+00	
   6.3200000000000003e+00	   6.3211658130057913e-12	   8.0000000000000000e+00	
   6.3300000000000001e+00	   6.5494276668687235e-12	   8.0000000000000000e+00	
   6.3399999999999999e+00	   6.7545968818194524e-12	   8.0000000000000000e+00	
   6.3499999999999996e+00	   6.9331207441791776e-12	   8.0000000000000000e+00	
   6.3599999999999994e+00	   7.0858874323675991e-12	   8.0000000000000000e+00	
   6.3700000000000001e+00	   7.2066796974468161e-12	   8.0000000000000000e+00	
   6.3799999999999999e+00	   7.2954975394168287e-12	   8.0000000000000000e+00	
   6.3899999999999997e+00	   7.5006667543675576e-12	   8.0000000000000000e+00	
   6.4000000000000004e+00	   7.6783024383075826e-12	   8.0000000000000000e+00	
   6.4100000000000001e+00	   7.8248518775581033e-12	   8.0000000000000000e+00	
   6.4199999999999999e+00	   7.9385387152797193e-12	   8.0000000000000000e+00	
   6.4299999999999997e+00	   8.0175865946330305e-12	   8.0000000000000000e+00	
   6.4399999999999995e+00	   8.0602191587786365e-12	   8.0000000000000000e+00	
   6.4500000000000002e+00	   8.2236439880034595e-12	   8.0000000000000000e+00	
   6.4600000000000000e+00	   8.3621998214766791e-12	   8.0000000000000000e+00	
   6.4699999999999998e+00	   8.4661166965815937e-12	   8.0000000000000000e+00	
   6.4800000000000004e+00	   8.5291773643803026e-12	   8.0000000000000000e+00	
   6.4900000000000002e+00	   8.5540463601319061e-12	   8.0000000000000000e+00	
   6.5099999999999998e+00	   8.6677331978535221e-12	   8.0000000000000000e+00	
   6.5199999999999996e+00	   8.7547746829841344e-12	   8.0000000000000000e+00	
   6.5300000000000002e+00	   8.7991836039691407e-12	   8.0000000000000000e+00	
   6.5400000000000000e+00	   8.8062890313267417e-12	   8.0000000000000000e+00	
   6.5499999999999998e+00	   8.7716500729584368e-12	   8.0000000000000000e+00	
   6.5600000000000005e+00	   8.7210239030355297e-12	   8.0000000000000000e+00	
   6.5700000000000003e+00	   8.7858609276736388e-12	   8.0000000000000000e+00	
   6.5800000000000001e+00	   8.8107299234252423e-12	   8.0000000000000000e+00	
   6.5899999999999999e+00	   8.7947427118706401e-12	   8.0000000000000000e+00	
   6.5999999999999996e+00	   8.7387874714295322e-12	   8.0000000000000000e+00	
   6.6099999999999994e+00	   8.6384233100034180e-12	   8.0000000000000000e+00	
   6.6200000000000001e+00	   8.5540463601319061e-12	   8.0000000000000000e+00	
   6.6299999999999999e+00	   8.5549345385516062e-12	   8.0000000000000000e+00	
   6.6399999999999997e+00	   8.5123019744060002e-12	   8.0000000000000000e+00	
   6.6500000000000004e+00	   8.4270368461147882e-12	   8.0000000000000000e+00	
   6.6600000000000001e+00	   8.3035800457764708e-12	   8.0000000000000000e+00	
   6.6699999999999999e+00	   8.1410433949713479e-12	   8.0000000000000000e+00	
   6.6799999999999997e+00	   8.0291329140891321e-12	   8.0000000000000000e+00	
   6.6899999999999995e+00	   7.9580786405131221e-12	   8.0000000000000000e+00	
   6.7000000000000002e+00	   7.8452799812112062e-12	   8.0000000000000000e+00	
   6.7100000000000000e+00	   7.6934014714424848e-12	   8.0000000000000000e+00	
   6.7199999999999998e+00	   7.5059958248857583e-12	   8.0000000000000000e+00	
   6.7300000000000004e+00	   7.2830630415410269e-12	   8.0000000000000000e+00	
   6.7400000000000002e+00	   7.1445072080678074e-12	   8.0000000000000000e+00	
   6.7500000000000000e+00	   7.0015104824960872e-12	   8.0000000000000000e+00	
   6.7599999999999998e+00	   6.8229866201363620e-12	   8.0000000000000000e+00	
   6.7699999999999996e+00	   6.6098237994083320e-12	   8.0000000000000000e+00	
   6.7800000000000002e+00	   6.3629101987316972e-12	   8.0000000000000000e+00	
   6.7900000000000000e+00	   6.0982330296610598e-12	   8.0000000000000000e+00	
   6.7999999999999998e+00	   5.9214855241407349e-12	   8.0000000000000000e+00	
   6.8100000000000005e+00	   5.7145399523506057e-12	   8.0000000000000000e+00	
   6.8200000000000003e+00	   5.4738436006118718e-12	   8.0000000000000000e+00	
   6.8300000000000001e+00	   5.2047255394427339e-12	   8.0000000000000000e+00	
   6.8399999999999999e+00	   4.9116266609416925e-12	   8.0000000000000000e+00	
   6.8499999999999996e+00	   4.6389558860937541e-12	   8.0000000000000000e+00	
   6.8599999999999994e+00	   4.3991477127747203e-12	   8.0000000000000000e+00	
   6.8700000000000001e+00	   4.1318060084449826e-12	   8.0000000000000000e+00	
   6.8799999999999999e+00	   3.8422598436227418e-12	   8.0000000000000000e+00	
   6.8899999999999997e+00	   3.5349501104064984e-12	   8.0000000000000000e+00	
   6.9000000000000004e+00	   3.2098768087962526e-12	   8.0000000000000000e+00	
   6.9100000000000001e+00	   2.9194424655543116e-12	   8.0000000000000000e+00	
   6.9199999999999999e+00	   2.6263435870532703e-12	   8.0000000000000000e+00	
   6.9299999999999997e+00	   2.3163693185779266e-12	   8.0000000000000000e+00	
   6.9399999999999995e+00	   1.9948487306464813e-12	   8.0000000000000000e+00	
   6.9500000000000002e+00	   1.6600054664195341e-12	   8.0000000000000000e+00	
   6.9600000000000000e+00	   1.3251622021925868e-12	   8.0000000000000000e+00	
   6.9699999999999998e+00	   1.0071943279399420e-12	   8.0000000000000000e+00	
   6.9800000000000004e+00	   6.7768013423119555e-13	   8.0000000000000000e+00	
   6.9900000000000002e+00	   3.4017233474514796e-13	   8.0000000000000000e+00	
   7.0000000000000000e+00	   8.8817841970012523e-16	   1.0000000000000000e+00	
   7.0099999999999998e+00	   2.1760371282653068e-13	   8.0000000000000000e+00	
   7.0199999999999996e+00	   4.2454928461665986e-13	   8.0000000000000000e+00	
   7.0300000000000002e+00	   6.3060667798708891e-13	   8.0000000000000000e+00	
   7.0400000000000000e+00	   8.3666407135751797e-13	   8.0000000000000000e+00	
   7.0499999999999998e+00	   1.0365042157900461e-12	   8.0000000000000000e+00	
   7.0599999999999996e+00	   1.2265743976058729e-12	   8.0000000000000000e+00	
   7.0700000000000003e+00	   1.4006573678670975e-12	   8.0000000000000000e+00	
   7.0800000000000001e+00	   1.5880630144238239e-12	   8.0000000000000000e+00	
   7.0899999999999999e+00	   1.7772450178199506e-12	   8.0000000000000000e+00	
   7.0999999999999996e+00	   1.9531043449205754e-12	   8.0000000000000000e+00	
   7.1100000000000003e+00	   2.1120882820468978e-12	   8.0000000000000000e+00	
   7.1200000000000001e+00	   2.2533086507792177e-12	   8.0000000000000000e+00	
   7.1299999999999999e+00	   2.4220625505222415e-12	   8.0000000000000000e+00	
   7.1399999999999997e+00	   2.5881519150061649e-12	   8.0000000000000000e+00	
   7.1500000000000004e+00	   2.7373658895157860e-12	   8.0000000000000000e+00	
   7.1600000000000001e+00	   2.8652635819526040e-12	   8.0000000000000000e+00	
   7.1699999999999999e+00	   2.9709568138969189e-12	   8.0000000000000000e+00	
   7.1799999999999997e+00	   3.1237235020853404e-12	   8.0000000000000000e+00	
   7.1899999999999995e+00	   3.2658320492373605e-12	   8.0000000000000000e+00	
   7.2000000000000002e+00	   3.3821834222180769e-12	   8.0000000000000000e+00	
   7.2100000000000000e+00	   3.4789948699653905e-12	   8.0000000000000000e+00	
   7.2199999999999998e+00	   3.5536018572202011e-12	   8.0000000000000000e+00	
   7.2300000000000004e+00	   3.6912695122737205e-12	   8.0000000000000000e+00	
   7.2400000000000002e+00	   3.8022918147362361e-12	   8.0000000000000000e+00	
   7.2500000000000000e+00	   3.8884451214471483e-12	   8.0000000000000000e+00	
   7.2599999999999998e+00	   3.9506176108261570e-12	   8.0000000000000000e+00	
   7.2699999999999996e+00	   4.0127901002051658e-12	   8.0000000000000000e+00	
   7.2800000000000002e+00	   4.1220360458282812e-12	   8.0000000000000000e+00	
   7.2900000000000000e+00	   4.2028602820209926e-12	   8.0000000000000000e+00	
   7.2999999999999998e+00	   4.2570391656227002e-12	   8.0000000000000000e+00	
   7.3099999999999996e+00	   4.2836845182137040e-12	   8.0000000000000000e+00	
   7.3200000000000003e+00	   4.3440806507533125e-12	   8.0000000000000000e+00	
   7.3300000000000001e+00	   4.4231285301066237e-12	   8.0000000000000000e+00	
   7.3399999999999999e+00	   4.4737547000295308e-12	   8.0000000000000000e+00	
   7.3499999999999996e+00	   4.4932946252629336e-12	   8.0000000000000000e+00	
   7.3600000000000003e+00	   4.4835246626462322e-12	   8.0000000000000000e+00	
   7.3700000000000001e+00	   4.5519144009631418e-12	   8.0000000000000000e+00	
   7.3799999999999999e+00	   4.6016523924663488e-12	   8.0000000000000000e+00	
   7.3899999999999997e+00	   4.6203041392800515e-12	   8.0000000000000000e+00	
   7.4000000000000004e+00	   4.6052051061451493e-12	   8.0000000000000000e+00	
   7.4100000000000001e+00	   4.5998760356269486e-12	   8.0000000000000000e+00	
   7.4199999999999999e+00	   4.6478376702907553e-12	   8.0000000000000000e+00	
   7.4299999999999997e+00	   4.6647130602650577e-12	   8.0000000000000000e+00	
   7.4399999999999995e+00	   4.6505022055498557e-12	   8.0000000000000000e+00	
   7.4500000000000002e+00	   4.6025405708860490e-12	   8.0000000000000000e+00	
   7.4600000000000000e+00	   4.6220804961194517e-12	   8.0000000000000000e+00	
   7.4699999999999998e+00	   4.6389558860937541e-12	   8.0000000000000000e+00	
   7.4800000000000004e+00	   4.6229686745391518e-12	   8.0000000000000000e+00	
   7.4900000000000002e+00	   4.5758952182950452e-12	   8.0000000000000000e+00	
   7.5099999999999998e+00	   4.5483616872843413e-12	   8.0000000000000000e+00	
   7.5199999999999996e+00	   4.5341508325691393e-12	   8.0000000000000000e+00	
   7.5300000000000002e+00	   4.4870773763250327e-12	   8.0000000000000000e+00	
   7.5400000000000000e+00	   4.4098058538111218e-12	   8.0000000000000000e+00	
   7.5499999999999998e+00	   4.4009240696141205e-12	   8.0000000000000000e+00	
   7.5599999999999996e+00	   4.3867132148989185e-12	   8.0000000000000000e+00	
   7.5700000000000003e+00	   4.3396397586548119e-12	   8.0000000000000000e+00	
   7.5800000000000001e+00	   4.2641445929803012e-12	   8.0000000000000000e+00	
   7.5899999999999999e+00	   4.2037484604406927e-12	   8.0000000000000000e+00	
   7.5999999999999996e+00	   4.1886494273057906e-12	   8.0000000000000000e+00	
   7.6100000000000003e+00	   4.1433523279010842e-12	   8.0000000000000000e+00	
   7.6200000000000001e+00	   4.0678571622265736e-12	   8.0000000000000000e+00	
   7.6299999999999999e+00	   3.9657166439610592e-12	   8.0000000000000000e+00	
   7.6399999999999997e+00	   3.9452885403079563e-12	   8.0000000000000000e+00	
   7.6500000000000004e+00	   3.8982150840638496e-12	   8.0000000000000000e+00	
   7.6600000000000001e+00	   3.8244962752287393e-12	   8.0000000000000000e+00	
   7.6699999999999999e+00	   3.7250202922223252e-12	   8.0000000000000000e+00	
   7.6799999999999997e+00	   3.6592950891645160e-12	   8.0000000000000000e+00	
   7.6900000000000004e+00	   3.6104452760810091e-12	   8.0000000000000000e+00	
   7.7000000000000002e+00	   3.5340619319867983e-12	   8.0000000000000000e+00	
   7.7100000000000000e+00	   3.4363623058197845e-12	   8.0000000000000000e+00	
   7.7199999999999998e+00	   3.3324454307148699e-12	   8.0000000000000000e+00	
   7.7300000000000004e+00	   3.2800429039525625e-12	   8.0000000000000000e+00	
   7.7400000000000002e+00	   3.2027713814386516e-12	   8.0000000000000000e+00	
   7.7500000000000000e+00	   3.1032953984322376e-12	   8.0000000000000000e+00	
   7.7599999999999998e+00	   2.9825031333530205e-12	   8.0000000000000000e+00	
   7.7699999999999996e+00	   2.9087843245179101e-12	   8.0000000000000000e+00	
   7.7800000000000002e+00	   2.8261837314857985e-12	   8.0000000000000000e+00	
   7.7900000000000000e+00	   2.7240432132202841e-12	   8.0000000000000000e+00	
   7.7999999999999998e+00	   2.6050273049804673e-12	   8.0000000000000000e+00	
   7.8099999999999996e+00	   2.4948931809376518e-12	   8.0000000000000000e+00	
   7.8200000000000003e+00	   2.4069635173873394e-12	   8.0000000000000000e+00	
   7.8300000000000001e+00	   2.3003821070233244e-12	   8.0000000000000000e+00	
   7.8399999999999999e+00	   2.1795898419441073e-12	   8.0000000000000000e+00	
   7.8499999999999996e+00	   2.0436985437299882e-12	   8.0000000000000000e+00	
   7.8600000000000003e+00	   1.9424462038841739e-12	   8.0000000000000000e+00	
   7.8700000000000001e+00	   1.8305357230019581e-12	   8.0000000000000000e+00	
   7.8799999999999999e+00	   1.7044143874045403e-12	   8.0000000000000000e+00	
   7.8899999999999997e+00	   1.5685230891904212e-12	   8.0000000000000000e+00	
   7.9000000000000004e+00	   1.4361845046551025e-12	   8.0000000000000000e+00	
   7.9100000000000001e+00	   1.3153922395758855e-12	   8.0000000000000000e+00	
   7.9199999999999999e+00	   1.1812772982011666e-12	   8.0000000000000000e+00	
   7.9299999999999997e+00	   1.0400569294688466e-12	   8.0000000000000000e+00	
   7.9400000000000004e+00	   8.9084295495922561e-13	   8.0000000000000000e+00	
   7.9500000000000002e+00	   7.5406347832540632e-13	   8.0000000000000000e+00	
   7.9600000000000000e+00	   6.1195493117338629e-13	   8.0000000000000000e+00	
   7.9699999999999998e+00	   4.6451731350316550e-13	   8.0000000000000000e+00	
   7.9800000000000004e+00	   3.1086244689504383e-13	   8.0000000000000000e+00	
   7.9900000000000002e+00	   1.5720758028692217e-13	   8.0000000000000000e+00	
   8.0000000000000000e+00	   8.8817841970012523e-16	   1.0000000000000000e+00	
