   5.1000000000000001e-01	   1.2820656058306632e+00	   1.0000000000000000e+00	
   5.2000000000000002e-01	   1.2822940869770276e+00	   1.0000000000000000e+00	
   5.3000000000000003e-01	   1.2825366375496050e+00	   1.0000000000000000e+00	
   5.4000000000000004e-01	   1.2839213651551540e+00	   1.0000000000000000e+00	
   5.5000000000000004e-01	   1.2848897530572991e+00	   1.0000000000000000e+00	
   5.6000000000000005e-01	   1.2854294828033572e+00	   1.0000000000000000e+00	
   5.7000000000000006e-01	   1.2855275791605369e+00	   1.0000000000000000e+00	
   5.7999999999999996e-01	   1.2851704574591256e+00	   1.0000000000000000e+00	
   5.8999999999999997e-01	   1.2857650062449288e+00	   1.0000000000000000e+00	
   5.9999999999999998e-01	   1.2866218071873921e+00	   1.0000000000000000e+00	
   6.0999999999999999e-01	   1.2870261202999516e+00	   1.0000000000000000e+00	
   6.2000000000000000e-01	   1.2869667671607168e+00	   1.0000000000000000e+00	
   6.3000000000000000e-01	   1.2864322173813898e+00	   1.0000000000000000e+00	
   6.4000000000000001e-01	   1.2856576736130094e+00	   1.0000000000000000e+00	
   6.5000000000000002e-01	   1.2863806852793034e+00	   1.0000000000000000e+00	
   6.6000000000000003e-01	   1.2866312696268905e+00	   1.0000000000000000e+00	
   6.7000000000000004e-01	   1.2864007423698334e+00	   1.0000000000000000e+00	
   6.7999999999999994e-01	   1.2856803351630770e+00	   1.0000000000000000e+00	
   6.8999999999999995e-01	   1.2844613385223980e+00	   1.0000000000000000e+00	
   6.9999999999999996e-01	   1.2840215236871386e+00	   1.0000000000000000e+00	
   7.0999999999999996e-01	   1.2841178865967176e+00	   1.0000000000000000e+00	
   7.1999999999999997e-01	   1.2837216465435419e+00	   1.0000000000000000e+00	
   7.2999999999999998e-01	   1.2828272770733602e+00	   1.0000000000000000e+00	
   7.3999999999999999e-01	   1.2814295600561896e+00	   1.0000000000000000e+00	
   7.5000000000000000e-01	   1.2795237469604994e+00	   1.0000000000000000e+00	
   7.6000000000000001e-01	   1.2794838481220361e+00	   1.0000000000000000e+00	
   7.7000000000000002e-01	   1.2789463130497396e+00	   1.0000000000000000e+00	
   7.8000000000000003e-01	   1.2779090403657221e+00	   1.0000000000000000e+00	
   7.9000000000000004e-01	   1.2763704724702740e+00	   1.0000000000000000e+00	
   8.0000000000000004e-01	   1.2743296908650685e+00	   1.0000000000000000e+00	
   8.1000000000000005e-01	   1.2728538225185764e+00	   1.0000000000000000e+00	
   8.2000000000000006e-01	   1.2722140194677674e+00	   1.0000000000000000e+00	
   8.3000000000000007e-01	   1.2710784855609654e+00	   1.0000000000000000e+00	
   8.4000000000000008e-01	   1.2694487073335667e+00	   1.0000000000000000e+00	
   8.5000000000000009e-01	   1.2673266682920261e+00	   1.0000000000000000e+00	
   8.5999999999999999e-01	   1.2647149350981124e+00	   1.0000000000000000e+00	
   8.7000000000000000e-01	   1.2637465376229287e+00	   1.0000000000000000e+00	
   8.8000000000000000e-01	   1.2625557087945500e+00	   1.0000000000000000e+00	
   8.9000000000000001e-01	   1.2608798704321811e+00	   1.0000000000000000e+00	
   9.0000000000000002e-01	   1.2587235232948335e+00	   1.0000000000000000e+00	
   9.1000000000000003e-01	   3.1238903087889114e-01	   1.0000000000000000e+00	
   9.1999999999999993e-01	   2.9900339952413679e-01	   1.0000000000000000e+00	
   9.2999999999999994e-01	   3.2064581349624954e-01	   1.0000000000000000e+00	
   9.3999999999999995e-01	   3.4206199997542175e-01	   1.0000000000000000e+00	
   9.4999999999999996e-01	   3.3399647395967347e-01	   1.0000000000000000e+00	
   9.5999999999999996e-01	   3.0366790454886927e-01	   1.0000000000000000e+00	
   9.6999999999999997e-01	   2.7495358627335809e-01	   1.0000000000000000e+00	
   9.7999999999999998e-01	   2.8379380122589315e-01	   1.0000000000000000e+00	
   9.8999999999999999e-01	   3.0291202930147110e-01	   1.0000000000000000e+00	
   1.0000000000000000e+00	   3.2172867527687887e-01	   1.0000000000000000e+00	
   1.0100000000000000e+00	   2.9335071563643633e-01	   1.0000000000000000e+00	
   1.0200000000000000e+00	   2.6643216007487158e-01	   1.0000000000000000e+00	
   1.0300000000000000e+00	   2.5032518786788427e-01	   1.0000000000000000e+00	
   1.0400000000000000e+00	   2.6740334589775161e-01	   1.0000000000000000e+00	
   1.0500000000000000e+00	   2.8416456053605854e-01	   1.0000000000000000e+00	
   1.0600000000000001e+00	   2.8164802170659486e-01	   1.0000000000000000e+00	
   1.0700000000000001e+00	   2.5651145418454746e-01	   1.0000000000000000e+00	
   1.0800000000000001e+00	   2.3262906519099991e-01	   1.0000000000000000e+00	
   1.0899999999999999e+00	   2.3518046833402173e-01	   1.0000000000000000e+00	
   1.1000000000000001e+00	   2.5010619618807084e-01	   1.0000000000000000e+00	
   1.1099999999999999e+00	   2.6466941334000893e-01	   1.0000000000000000e+00	
   1.1200000000000001e+00	   2.4537159357966876e-01	   1.0000000000000000e+00	
   1.1299999999999999e+00	   2.2312993927393698e-01	   1.0000000000000000e+00	
   1.1400000000000001e+00	   2.0595091303500168e-01	   1.0000000000000000e+00	
   1.1499999999999999e+00	   2.1922635355504028e-01	   1.0000000000000000e+00	
   1.1600000000000001e+00	   2.3213780597434064e-01	   1.0000000000000000e+00	
   1.1699999999999999e+00	   2.3317937701454450e-01	   1.0000000000000000e+00	
   1.1800000000000002e+00	   2.1255431105343003e-01	   1.0000000000000000e+00	
   1.1899999999999999e+00	   1.9291947882897409e-01	   1.0000000000000000e+00	
   1.2000000000000002e+00	   1.9125163884509178e-01	   1.0000000000000000e+00	
   1.2100000000000000e+00	   2.0267199933239288e-01	   1.0000000000000000e+00	
   1.2200000000000000e+00	   2.1370384445445922e-01	   1.0000000000000000e+00	
   1.2300000000000000e+00	   2.0104964512001722e-01	   1.0000000000000000e+00	
   1.2400000000000000e+00	   1.8290959209069668e-01	   1.0000000000000000e+00	
   1.2500000000000000e+00	   1.7057285318197590e-01	   1.0000000000000000e+00	
   1.2600000000000000e+00	   1.7601639428558036e-01	   1.0000000000000000e+00	
   1.2700000000000000e+00	   1.8570295746319831e-01	   1.0000000000000000e+00	
   1.2800000000000000e+00	   1.8875604077323893e-01	   1.0000000000000000e+00	
   1.2900000000000000e+00	   1.7207861166068184e-01	   1.0000000000000000e+00	
   1.3000000000000000e+00	   1.5708561572434054e-01	   1.0000000000000000e+00	
   1.3100000000000001e+00	   1.5422690453622878e-01	   1.0000000000000000e+00	
   1.3200000000000001e+00	   1.6041325374070858e-01	   1.0000000000000000e+00	
   1.3300000000000001e+00	   1.6848661537358001e-01	   1.0000000000000000e+00	
   1.3399999999999999e+00	   1.6055416340085804e-01	   1.0000000000000000e+00	
   1.3500000000000001e+00	   1.4602185399053869e-01	   1.0000000000000000e+00	
   1.3599999999999999e+00	   1.4012910684529967e-01	   1.0000000000000000e+00	
   1.3700000000000001e+00	   1.3783486568117587e-01	   1.0000000000000000e+00	
   1.3799999999999999e+00	   1.4459582347906452e-01	   1.0000000000000000e+00	
   1.3900000000000001e+00	   1.4845942539295276e-01	   1.0000000000000000e+00	
   1.3999999999999999e+00	   1.3524232240356127e-01	   1.0000000000000000e+00	
   1.4100000000000001e+00	   1.2674433618369818e-01	   1.0000000000000000e+00	
   1.4199999999999999e+00	   1.2384323894573179e-01	   1.0000000000000000e+00	
   1.4300000000000002e+00	   1.2311378567583020e-01	   1.0000000000000000e+00	
   1.4399999999999999e+00	   1.2870263075191590e-01	   1.0000000000000000e+00	
   1.4500000000000002e+00	   1.2396514746252496e-01	   1.0000000000000000e+00	
   1.4600000000000000e+00	   1.1347346468104336e-01	   1.0000000000000000e+00	
   1.4700000000000000e+00	   1.1036699802643635e-01	   1.0000000000000000e+00	
   1.4800000000000000e+00	   1.0798836190154004e-01	   1.0000000000000000e+00	
   1.4900000000000000e+00	   1.0853930282270619e-01	   1.0000000000000000e+00	
   1.5100000000000000e+00	   5.2434604931355100e-03	   1.0000000000000000e+00	
   1.5200000000000000e+00	   5.0956713670964326e-03	   1.0000000000000000e+00	
   1.5300000000000000e+00	   4.9516214269405001e-03	   1.0000000000000000e+00	
   1.5400000000000000e+00	   4.8670840871376519e-03	   1.0000000000000000e+00	
   1.5500000000000000e+00	   4.7617378801789734e-03	   1.0000000000000000e+00	
   1.5600000000000001e+00	   4.6370285774326447e-03	   1.0000000000000000e+00	
   1.5700000000000001e+00	   4.4944895505152349e-03	   1.0000000000000000e+00	
   1.5800000000000001e+00	   4.3357284137297558e-03	   1.0000000000000000e+00	
   1.5900000000000001e+00	   4.2209848193630606e-03	   1.0000000000000000e+00	
   1.6000000000000001e+00	   4.1183104654227698e-03	   1.0000000000000000e+00	
   1.6100000000000001e+00	   3.9989834462585971e-03	   1.0000000000000000e+00	
   1.6200000000000001e+00	   3.8645192002362272e-03	   1.0000000000000000e+00	
   1.6300000000000001e+00	   3.7164860323293247e-03	   1.0000000000000000e+00	
   1.6400000000000001e+00	   3.5648278622666396e-03	   1.0000000000000000e+00	
   1.6500000000000001e+00	   3.4667898966604938e-03	   1.0000000000000000e+00	
   1.6599999999999999e+00	   3.3546964865662776e-03	   1.0000000000000000e+00	
   1.6699999999999999e+00	   3.2300179280340124e-03	   1.0000000000000000e+00	
   1.6799999999999999e+00	   3.0942589606168802e-03	   1.0000000000000000e+00	
   1.6899999999999999e+00	   2.9489470451542488e-03	   1.0000000000000000e+00	
   1.7000000000000000e+00	   2.8289103893861522e-03	   1.0000000000000000e+00	
   1.7100000000000000e+00	   2.7250562557696867e-03	   1.0000000000000000e+00	
   1.7200000000000000e+00	   2.6110156966294706e-03	   1.0000000000000000e+00	
   1.7300000000000000e+00	   2.4882113448145837e-03	   1.0000000000000000e+00	
   1.7400000000000000e+00	   2.3580735589276980e-03	   1.0000000000000000e+00	
   1.7500000000000000e+00	   2.2220297700157321e-03	   1.0000000000000000e+00	
   1.7600000000000000e+00	   2.1267843735661707e-03	   1.0000000000000000e+00	
   1.7700000000000000e+00	   2.0235934805341582e-03	   1.0000000000000000e+00	
   1.7800000000000000e+00	   1.9137766630372699e-03	   1.0000000000000000e+00	
   1.7900000000000000e+00	   1.7867944291756199e-03	   2.0000000000000000e+00	
   1.8000000000000000e+00	   1.6319035411833660e-03	   2.0000000000000000e+00	
   1.8100000000000001e+00	   1.4948375564918237e-03	   2.0000000000000000e+00	
   1.8200000000000001e+00	   1.3763369382018276e-03	   2.0000000000000000e+00	
   1.8300000000000001e+00	   1.2577625222176536e-03	   2.0000000000000000e+00	
   1.8400000000000001e+00	   1.1404077161578652e-03	   2.0000000000000000e+00	
   1.8500000000000001e+00	   1.0254349017129183e-03	   2.0000000000000000e+00	
   1.8600000000000001e+00	   9.1387516862706519e-04	   2.0000000000000000e+00	
   1.8700000000000001e+00	   8.2271923618071341e-04	   2.0000000000000000e+00	
   1.8800000000000001e+00	   7.3478043646302282e-04	   2.0000000000000000e+00	
   1.8900000000000001e+00	   6.4877585373657176e-04	   2.0000000000000000e+00	
   1.9000000000000001e+00	   5.6556692145415255e-04	   2.0000000000000000e+00	
   1.9099999999999999e+00	   4.8590281759142151e-04	   2.0000000000000000e+00	
   1.9199999999999999e+00	   4.1346687506615964e-04	   2.0000000000000000e+00	
   1.9299999999999999e+00	   3.4987266537100936e-04	   2.0000000000000000e+00	
   1.9399999999999999e+00	   2.8868987576546878e-04	   2.0000000000000000e+00	
   1.9500000000000000e+00	   2.3053090133218213e-04	   2.0000000000000000e+00	
   1.9600000000000000e+00	   1.7591280718654012e-04	   2.0000000000000000e+00	
   1.9700000000000000e+00	   1.2525958751297139e-04	   2.0000000000000000e+00	
   1.9800000000000000e+00	   8.0278116391774290e-05	   2.0000000000000000e+00	
   1.9900000000000000e+00	   3.8594057105711954e-05	   2.0000000000000000e+00	
   2.0000000000000000e+00	   4.4408920985006262e-16	   1.0000000000000000e+00	
   2.0099999999999998e+00	   3.5177383634010795e-05	   2.0000000000000000e+00	
   2.0200000000000000e+00	   6.6688350102150906e-05	   2.0000000000000000e+00	
   2.0300000000000002e+00	   9.4821551246848657e-05	   2.0000000000000000e+00	
   2.0400000000000000e+00	   1.2132148481613925e-04	   2.0000000000000000e+00	
   2.0499999999999998e+00	   1.4480402829786243e-04	   2.0000000000000000e+00	
   2.0600000000000001e+00	   1.6509228126349029e-04	   2.0000000000000000e+00	
   2.0700000000000003e+00	   1.8207304936668223e-04	   2.0000000000000000e+00	
   2.0800000000000001e+00	   1.9569343173353460e-04	   2.0000000000000000e+00	
   2.0899999999999999e+00	   2.0902553105628385e-04	   2.0000000000000000e+00	
   2.1000000000000001e+00	   2.2096532087800824e-04	   2.0000000000000000e+00	
   2.1100000000000003e+00	   2.3001503804431778e-04	   2.0000000000000000e+00	
   2.1200000000000001e+00	   2.3616946527837968e-04	   2.0000000000000000e+00	
   2.1299999999999999e+00	   2.3947135331425784e-04	   2.0000000000000000e+00	
   2.1400000000000001e+00	   2.4059957495481399e-04	   2.0000000000000000e+00	
   2.1500000000000004e+00	   2.4384875542216022e-04	   2.0000000000000000e+00	
   2.1600000000000001e+00	   2.4457668742794425e-04	   2.0000000000000000e+00	
   2.1699999999999999e+00	   2.4286014620411578e-04	   2.0000000000000000e+00	
   2.1799999999999997e+00	   2.3881290443261705e-04	   2.0000000000000000e+00	
   2.1899999999999999e+00	   2.3258189852404243e-04	   2.0000000000000000e+00	
   2.2000000000000002e+00	   2.2712487700848882e-04	   2.0000000000000000e+00	
   2.2100000000000000e+00	   2.2184308008821318e-04	   2.0000000000000000e+00	
   2.2199999999999998e+00	   2.1459179360583391e-04	   2.0000000000000000e+00	
   2.2300000000000000e+00	   2.0553482539842349e-04	   2.0000000000000000e+00	
   2.2400000000000002e+00	   1.9485954383702264e-04	   2.0000000000000000e+00	
   2.2500000000000000e+00	   1.8277308830327854e-04	   2.0000000000000000e+00	
   2.2599999999999998e+00	   1.7330320946795652e-04	   2.0000000000000000e+00	
   2.2700000000000000e+00	   1.6234910421752957e-04	   2.0000000000000000e+00	
   2.2800000000000002e+00	   1.5010687037353421e-04	   2.0000000000000000e+00	
   2.2900000000000000e+00	   1.3678777530490294e-04	   2.0000000000000000e+00	
   2.2999999999999998e+00	   1.2261469797580915e-04	   2.0000000000000000e+00	
   2.3100000000000001e+00	   1.0888630150063250e-04	   2.0000000000000000e+00	
   2.3200000000000003e+00	   9.5657533292659025e-05	   2.0000000000000000e+00	
   2.3300000000000001e+00	   8.1640592193732431e-05	   2.0000000000000000e+00	
   2.3399999999999999e+00	   6.7056872877557794e-05	   2.0000000000000000e+00	
   2.3500000000000001e+00	   5.2132385731429309e-05	   2.0000000000000000e+00	
   2.3600000000000003e+00	   3.7094551855076929e-05	   2.0000000000000000e+00	
   2.3700000000000001e+00	   2.2610893319452430e-05	   2.0000000000000000e+00	
   2.3799999999999999e+00	   7.9033555206997619e-06	   2.0000000000000000e+00	
   2.3900000000000001e+00	   6.8991558954678567e-06	   2.0000000000000000e+00	
   2.4000000000000004e+00	   2.1577804777628273e-05	   2.0000000000000000e+00	
   2.4100000000000001e+00	   3.5917936645368798e-05	   2.0000000000000000e+00	
   2.4199999999999999e+00	   5.0080096713589484e-05	   2.0000000000000000e+00	
   2.4299999999999997e+00	   6.4646084867447939e-05	   2.0000000000000000e+00	
   2.4399999999999999e+00	   7.8879715252444527e-05	   2.0000000000000000e+00	
   2.4500000000000002e+00	   9.2577615873778996e-05	   2.0000000000000000e+00	
   2.4600000000000000e+00	   1.0554522301342573e-04	   2.0000000000000000e+00	
   2.4699999999999998e+00	   1.1759909246489286e-04	   2.0000000000000000e+00	
   2.4800000000000000e+00	   1.3080391087516574e-04	   2.0000000000000000e+00	
   2.4900000000000002e+00	   1.4387596231069111e-04	   2.0000000000000000e+00	
   2.5100000000000002e+00	   2.1648900465631726e-05	   3.0000000000000000e+00	
   2.5200000000000000e+00	   2.1455772525325045e-05	   3.0000000000000000e+00	
   2.5300000000000002e+00	   2.1246355833781649e-05	   3.0000000000000000e+00	
   2.5400000000000000e+00	   2.1281763703306922e-05	   3.0000000000000000e+00	
   2.5499999999999998e+00	   2.1196471886142376e-05	   3.0000000000000000e+00	
   2.5600000000000001e+00	   2.0993133213131898e-05	   3.0000000000000000e+00	
   2.5699999999999998e+00	   2.0675583457308022e-05	   3.0000000000000000e+00	
   2.5800000000000001e+00	   2.0248763990426966e-05	   3.0000000000000000e+00	
   2.5899999999999999e+00	   2.0012227719412579e-05	   3.0000000000000000e+00	
   2.6000000000000001e+00	   1.9813060962992068e-05	   3.0000000000000000e+00	
   2.6099999999999999e+00	   1.9506561278692658e-05	   3.0000000000000000e+00	
   2.6200000000000001e+00	   1.9098071994072541e-05	   3.0000000000000000e+00	
   2.6299999999999999e+00	   1.8593837848523975e-05	   3.0000000000000000e+00	
   2.6400000000000001e+00	   1.8045259535082181e-05	   3.0000000000000000e+00	
   2.6499999999999999e+00	   1.7759632392255753e-05	   3.0000000000000000e+00	
   2.6600000000000001e+00	   1.7379530051098158e-05	   3.0000000000000000e+00	
   2.6699999999999999e+00	   1.6911365216643048e-05	   3.0000000000000000e+00	
   2.6800000000000002e+00	   1.6362247953427556e-05	   3.0000000000000000e+00	
   2.6899999999999999e+00	   1.5739886052745788e-05	   3.0000000000000000e+00	
   2.7000000000000002e+00	   1.5238984373056041e-05	   3.0000000000000000e+00	
   2.7100000000000000e+00	   1.4812080222359469e-05	   3.0000000000000000e+00	
   2.7200000000000002e+00	   1.4311950550460750e-05	   3.0000000000000000e+00	
   2.7300000000000000e+00	   1.3746176104501018e-05	   3.0000000000000000e+00	
   2.7400000000000002e+00	   1.3122740020854451e-05	   3.0000000000000000e+00	
   2.7500000000000000e+00	   1.2449927934810034e-05	   3.0000000000000000e+00	
   2.7600000000000002e+00	   1.1999531093209725e-05	   3.0000000000000000e+00	
   2.7700000000000000e+00	   1.1490997719576512e-05	   3.0000000000000000e+00	
   2.7800000000000002e+00	   1.0932021908161005e-05	   3.0000000000000000e+00	
   2.7900000000000000e+00	   1.0330532745239651e-05	   3.0000000000000000e+00	
   2.8000000000000003e+00	   9.6945892811284295e-06	   3.0000000000000000e+00	
   2.8100000000000001e+00	   9.1216950557360121e-06	   3.0000000000000000e+00	
   2.8199999999999998e+00	   8.6240795584835439e-06	   3.0000000000000000e+00	
   2.8300000000000001e+00	   8.0906129182878317e-06	   3.0000000000000000e+00	
   2.8399999999999999e+00	   7.5288947734009071e-06	   3.0000000000000000e+00	
   2.8500000000000001e+00	   6.9465043694982853e-06	   3.0000000000000000e+00	
   2.8599999999999999e+00	   6.0747618153556004e-06	   4.0000000000000000e+00	
   2.8700000000000001e+00	   5.3162058679667723e-06	   4.0000000000000000e+00	
   2.8799999999999999e+00	   4.6124735750829871e-06	   4.0000000000000000e+00	
   2.8900000000000001e+00	   3.9536691689434633e-06	   4.0000000000000000e+00	
   2.8999999999999999e+00	   3.3434923838449038e-06	   4.0000000000000000e+00	
   2.9100000000000001e+00	   2.7844143537514299e-06	   4.0000000000000000e+00	
   2.9199999999999999e+00	   2.2946821789382454e-06	   4.0000000000000000e+00	
   2.9300000000000002e+00	   1.8788188018703522e-06	   4.0000000000000000e+00	
   2.9399999999999999e+00	   1.4985513856480281e-06	   4.0000000000000000e+00	
   2.9500000000000002e+00	   1.1554999157503687e-06	   4.0000000000000000e+00	
   2.9600000000000000e+00	   8.5041954944742315e-07	   4.0000000000000000e+00	
   2.9700000000000002e+00	   5.8329681484892149e-07	   4.0000000000000000e+00	
   2.9800000000000000e+00	   3.5959412336694641e-07	   4.0000000000000000e+00	
   2.9900000000000002e+00	   1.6603824581906679e-07	   4.0000000000000000e+00	
   3.0000000000000000e+00	   4.4408920985006262e-16	   1.0000000000000000e+00	
   3.0100000000000002e+00	   1.3886733718493360e-07	   4.0000000000000000e+00	
   3.0200000000000000e+00	   2.5141474813139553e-07	   4.0000000000000000e+00	
   3.0300000000000002e+00	   3.4059373321682074e-07	   4.0000000000000000e+00	
   3.0400000000000000e+00	   4.1410308870837298e-07	   4.0000000000000000e+00	
   3.0500000000000003e+00	   4.6826350530437821e-07	   4.0000000000000000e+00	
   3.0600000000000001e+00	   5.0406249174628215e-07	   4.0000000000000000e+00	
   3.0699999999999998e+00	   5.2279215179140692e-07	   4.0000000000000000e+00	
   3.0800000000000001e+00	   5.2598859756614047e-07	   4.0000000000000000e+00	
   3.0899999999999999e+00	   5.2304848852102737e-07	   4.0000000000000000e+00	
   3.1000000000000001e+00	   5.1141432821921740e-07	   4.0000000000000000e+00	
   3.1099999999999999e+00	   4.8850596767735510e-07	   4.0000000000000000e+00	
   3.1200000000000001e+00	   4.5577167018251430e-07	   4.0000000000000000e+00	
   3.1299999999999999e+00	   4.1477026835323727e-07	   4.0000000000000000e+00	
   3.1400000000000001e+00	   3.6803262393192426e-07	   4.0000000000000000e+00	
   3.1499999999999999e+00	   3.2234874325354212e-07	   4.0000000000000000e+00	
   3.1600000000000001e+00	   2.7097714516699511e-07	   4.0000000000000000e+00	
   3.1699999999999999e+00	   2.1532598859508312e-07	   4.0000000000000000e+00	
   3.1800000000000002e+00	   1.5682043352782671e-07	   4.0000000000000000e+00	
   3.1899999999999999e+00	   9.6871033417045282e-08	   4.0000000000000000e+00	
   3.2000000000000002e+00	   3.7301894018071380e-08	   4.0000000000000000e+00	
   3.2100000000000000e+00	   2.2729771842477930e-08	   4.0000000000000000e+00	
   3.2200000000000002e+00	   8.2932039457972451e-08	   4.0000000000000000e+00	
   3.2300000000000000e+00	   1.4210859289320865e-07	   4.0000000000000000e+00	
   3.2400000000000002e+00	   1.9912996318538490e-07	   4.0000000000000000e+00	
   3.2500000000000000e+00	   2.5295220762444615e-07	   4.0000000000000000e+00	
   3.2600000000000002e+00	   3.0942244544363007e-07	   4.0000000000000000e+00	
   3.2700000000000000e+00	   3.6316906415478911e-07	   4.0000000000000000e+00	
   3.2800000000000002e+00	   4.1327301314453280e-07	   4.0000000000000000e+00	
   3.2900000000000000e+00	   4.5891166866596222e-07	   4.0000000000000000e+00	
   3.3000000000000003e+00	   4.9936967583263936e-07	   4.0000000000000000e+00	
   3.3100000000000001e+00	   5.3933387755833451e-07	   4.0000000000000000e+00	
   3.3199999999999998e+00	   5.8081164278078745e-07	   4.0000000000000000e+00	
   3.3300000000000001e+00	   6.1706268894567984e-07	   4.0000000000000000e+00	
   3.3399999999999999e+00	   6.4756772699681164e-07	   4.0000000000000000e+00	
   3.3500000000000001e+00	   6.7192103792024227e-07	   4.0000000000000000e+00	
   3.3599999999999999e+00	   6.8983287615509425e-07	   4.0000000000000000e+00	
   3.3700000000000001e+00	   7.1509123555912879e-07	   4.0000000000000000e+00	
   3.3799999999999999e+00	   7.3606826145322657e-07	   4.0000000000000000e+00	
   3.3900000000000001e+00	   7.5082767247991455e-07	   4.0000000000000000e+00	
   3.3999999999999999e+00	   7.5923818743106608e-07	   4.0000000000000000e+00	
   3.4100000000000001e+00	   7.6127531478675792e-07	   4.0000000000000000e+00	
   3.4199999999999999e+00	   7.6263062753767485e-07	   4.0000000000000000e+00	
   3.4300000000000002e+00	   7.6908488511051587e-07	   4.0000000000000000e+00	
   3.4399999999999999e+00	   7.6947021110385094e-07	   4.0000000000000000e+00	
   3.4500000000000002e+00	   7.6388453384979016e-07	   4.0000000000000000e+00	
   3.4600000000000000e+00	   7.5251697051470501e-07	   4.0000000000000000e+00	
   3.4700000000000002e+00	   7.2573203979686696e-07	   3.0000000000000000e+00	
   3.4800000000000000e+00	   5.3202784000561110e-07	   3.0000000000000000e+00	
   3.4900000000000002e+00	   3.3627702311633811e-07	   3.0000000000000000e+00	
   3.5100000000000002e+00	   3.2708381780821583e-08	   5.0000000000000000e+00	
   3.5200000000000000e+00	   3.3966406132179827e-08	   5.0000000000000000e+00	
   3.5300000000000002e+00	   3.5192949887630220e-08	   5.0000000000000000e+00	
   3.5400000000000000e+00	   3.6833819549997315e-08	   5.0000000000000000e+00	
   3.5500000000000003e+00	   3.8282068182127205e-08	   5.0000000000000000e+00	
   3.5600000000000001e+00	   3.9513870397911433e-08	   5.0000000000000000e+00	
   3.5700000000000003e+00	   4.0508115084492147e-08	   5.0000000000000000e+00	
   3.5800000000000001e+00	   4.1246756232737880e-08	   5.0000000000000000e+00	
   3.5899999999999999e+00	   4.2336289585165332e-08	   5.0000000000000000e+00	
   3.6000000000000001e+00	   4.3484615019906414e-08	   5.0000000000000000e+00	
   3.6099999999999999e+00	   4.4370554785899685e-08	   5.0000000000000000e+00	
   3.6200000000000001e+00	   4.4979897140251524e-08	   5.0000000000000000e+00	
   3.6299999999999999e+00	   4.5302071871589078e-08	   5.0000000000000000e+00	
   3.6400000000000001e+00	   4.5442031026965424e-08	   5.0000000000000000e+00	
   3.6499999999999999e+00	   4.6186754421029264e-08	   5.0000000000000000e+00	
   3.6600000000000001e+00	   4.6641463136154471e-08	   5.0000000000000000e+00	
   3.6699999999999999e+00	   4.6799631281402299e-08	   5.0000000000000000e+00	
   3.6800000000000002e+00	   4.6658599650584165e-08	   5.0000000000000000e+00	
   3.6899999999999999e+00	   4.6219608140773971e-08	   5.0000000000000000e+00	
   3.7000000000000002e+00	   4.6051416902059827e-08	   5.0000000000000000e+00	
   3.7100000000000000e+00	   4.6036783718506058e-08	   5.0000000000000000e+00	
   3.7200000000000002e+00	   4.5723913100204072e-08	   5.0000000000000000e+00	
   3.7300000000000000e+00	   4.5117891200874283e-08	   5.0000000000000000e+00	
   3.7400000000000002e+00	   4.4227548290365348e-08	   5.0000000000000000e+00	
   3.7500000000000000e+00	   4.3065316646107021e-08	   5.0000000000000000e+00	
   3.7600000000000002e+00	   4.2581448145284639e-08	   5.0000000000000000e+00	
   3.7700000000000000e+00	   4.1814052664790324e-08	   5.0000000000000000e+00	
   3.7800000000000002e+00	   4.0775321341612880e-08	   5.0000000000000000e+00	
   3.7900000000000000e+00	   3.9480820390735971e-08	   5.0000000000000000e+00	
   3.8000000000000003e+00	   3.7949271725068456e-08	   5.0000000000000000e+00	
   3.8100000000000001e+00	   3.6560656280215653e-08	   5.0000000000000000e+00	
   3.8200000000000003e+00	   3.5381648721966030e-08	   5.0000000000000000e+00	
   3.8300000000000001e+00	   3.3966071288915600e-08	   5.0000000000000000e+00	
   3.8399999999999999e+00	   3.2335097266411594e-08	   5.0000000000000000e+00	
   3.8500000000000001e+00	   3.0512465887255757e-08	   5.0000000000000000e+00	
   3.8599999999999999e+00	   2.8524160811116417e-08	   5.0000000000000000e+00	
   3.8700000000000001e+00	   2.6923724139038541e-08	   5.0000000000000000e+00	
   3.8799999999999999e+00	   2.3664421089364396e-08	   6.0000000000000000e+00	
   3.8900000000000001e+00	   1.9854652588691124e-08	   6.0000000000000000e+00	
   3.8999999999999999e+00	   1.6427955884523726e-08	   6.0000000000000000e+00	
   3.9100000000000001e+00	   1.3379813257330397e-08	   6.0000000000000000e+00	
   3.9199999999999999e+00	   1.0778868908545292e-08	   6.0000000000000000e+00	
   3.9300000000000002e+00	   8.6230347307036936e-09	   6.0000000000000000e+00	
   3.9399999999999999e+00	   6.7165988326678416e-09	   6.0000000000000000e+00	
   3.9500000000000002e+00	   5.0549227026408516e-09	   6.0000000000000000e+00	
   3.9600000000000000e+00	   3.6290597194010843e-09	   6.0000000000000000e+00	
   3.9700000000000002e+00	   2.4266073594958470e-09	   6.0000000000000000e+00	
   3.9800000000000000e+00	   1.4574248474730211e-09	   6.0000000000000000e+00	
   3.9900000000000002e+00	   6.5514704772340338e-10	   6.0000000000000000e+00	
   4.0000000000000000e+00	   4.4408920985006262e-16	   1.0000000000000000e+00	
   4.0099999999999998e+00	   5.1811976931048775e-10	   6.0000000000000000e+00	
   4.0199999999999996e+00	   9.1097263066330925e-10	   6.0000000000000000e+00	
   4.0300000000000002e+00	   1.1973293467804069e-09	   6.0000000000000000e+00	
   4.0400000000000000e+00	   1.4108652024447110e-09	   6.0000000000000000e+00	
   4.0500000000000007e+00	   1.5443877288134900e-09	   6.0000000000000000e+00	
   4.0600000000000005e+00	   1.6071979302978434e-09	   6.0000000000000000e+00	
   4.0700000000000003e+00	   1.6091288301822715e-09	   6.0000000000000000e+00	
   4.0800000000000001e+00	   1.5602124037172871e-09	   6.0000000000000000e+00	
   4.0899999999999999e+00	   1.4922809654649427e-09	   6.0000000000000000e+00	
   4.0999999999999996e+00	   1.4001946269104337e-09	   6.0000000000000000e+00	
   4.1099999999999994e+00	   1.2799477033809126e-09	   6.0000000000000000e+00	
   4.1200000000000001e+00	   1.1389067466893721e-09	   6.0000000000000000e+00	
   4.1299999999999999e+00	   9.8412034077455246e-10	   6.0000000000000000e+00	
   4.1400000000000006e+00	   8.2418161184705241e-10	   6.0000000000000000e+00	
   4.1500000000000004e+00	   6.7542682558041633e-10	   6.0000000000000000e+00	
   4.1600000000000001e+00	   5.2392046256954927e-10	   6.0000000000000000e+00	
   4.1699999999999999e+00	   3.7450309520181690e-10	   6.0000000000000000e+00	
   4.1799999999999997e+00	   2.3146551342279054e-10	   6.0000000000000000e+00	
   4.1899999999999995e+00	   9.8486552246868087e-11	   6.0000000000000000e+00	
   4.2000000000000002e+00	   2.1687540652237658e-11	   6.0000000000000000e+00	
   4.2100000000000000e+00	   1.3035439394570858e-10	   6.0000000000000000e+00	
   4.2200000000000006e+00	   2.2592860915437996e-10	   6.0000000000000000e+00	
   4.2300000000000004e+00	   3.0643665382967811e-10	   6.0000000000000000e+00	
   4.2400000000000002e+00	   3.7050984502684514e-10	   6.0000000000000000e+00	
   4.2500000000000000e+00	   4.1736836209338435e-10	   6.0000000000000000e+00	
   4.2599999999999998e+00	   4.5683368199433971e-10	   6.0000000000000000e+00	
   4.2699999999999996e+00	   4.8008708120050869e-10	   6.0000000000000000e+00	
   4.2799999999999994e+00	   4.8696247034740736e-10	   6.0000000000000000e+00	
   4.2900000000000000e+00	   4.7778403455822627e-10	   6.0000000000000000e+00	
   4.2999999999999998e+00	   4.5334136444807882e-10	   6.0000000000000000e+00	
   4.3100000000000005e+00	   4.1894399060993237e-10	   6.0000000000000000e+00	
   4.3200000000000003e+00	   3.7569858335473327e-10	   6.0000000000000000e+00	
   4.3300000000000001e+00	   3.1915980969188240e-10	   6.0000000000000000e+00	
   4.3399999999999999e+00	   2.5078250587284856e-10	   6.0000000000000000e+00	
   4.3499999999999996e+00	   1.7231460702760160e-10	   6.0000000000000000e+00	
   4.3599999999999994e+00	   8.5754514600466791e-11	   6.0000000000000000e+00	
   4.3700000000000001e+00	   6.8443029022091650e-12	   6.0000000000000000e+00	
   4.3799999999999999e+00	   1.0716849629943681e-10	   6.0000000000000000e+00	
   4.3900000000000006e+00	   2.1336354905088228e-10	   6.0000000000000000e+00	
   4.4000000000000004e+00	   3.2321345599939377e-10	   6.0000000000000000e+00	
   4.4100000000000001e+00	   4.3441161778901005e-10	   6.0000000000000000e+00	
   4.4199999999999999e+00	   5.4865623155819776e-10	   6.0000000000000000e+00	
   4.4299999999999997e+00	   6.7109162671386002e-10	   6.0000000000000000e+00	
   4.4399999999999995e+00	   7.9307227451863582e-10	   6.0000000000000000e+00	
   4.4499999999999993e+00	   9.1231200372021704e-10	   6.0000000000000000e+00	
   4.4600000000000000e+00	   1.0265814864851563e-09	   6.0000000000000000e+00	
   4.4699999999999998e+00	   1.1337233374320022e-09	   6.0000000000000000e+00	
   4.4800000000000004e+00	   1.2531469195664613e-09	   6.0000000000000000e+00	
   4.4900000000000002e+00	   1.3719168023840211e-09	   6.0000000000000000e+00	
   4.5099999999999998e+00	   3.2061464594335121e-11	   7.0000000000000000e+00	
   4.5199999999999996e+00	   2.9130475809324707e-11	   7.0000000000000000e+00	
   4.5299999999999994e+00	   2.6488145010716835e-11	   7.0000000000000000e+00	
   4.5400000000000000e+00	   2.4430235612271645e-11	   7.0000000000000000e+00	
   4.5499999999999998e+00	   2.2491342122066271e-11	   7.0000000000000000e+00	
   4.5600000000000005e+00	   2.0693669000593218e-11	   7.0000000000000000e+00	
   4.5700000000000003e+00	   1.9056756173085887e-11	   7.0000000000000000e+00	
   4.5800000000000001e+00	   1.7593038137420081e-11	   7.0000000000000000e+00	
   4.5899999999999999e+00	   1.6550316672692134e-11	   7.0000000000000000e+00	
   4.5999999999999996e+00	   1.5770496020195424e-11	   7.0000000000000000e+00	
   4.6099999999999994e+00	   1.5125678487493133e-11	   7.0000000000000000e+00	
   4.6200000000000001e+00	   1.4616752253004961e-11	   7.0000000000000000e+00	
   4.6299999999999999e+00	   1.4237500067793007e-11	   7.0000000000000000e+00	
   4.6400000000000006e+00	   1.4005685500251275e-11	   7.0000000000000000e+00	
   4.6500000000000004e+00	   1.4147794047403295e-11	   7.0000000000000000e+00	
   4.6600000000000001e+00	   1.4371615009167726e-11	   7.0000000000000000e+00	
   4.6699999999999999e+00	   1.4665602066088468e-11	   7.0000000000000000e+00	
   4.6799999999999997e+00	   1.5006662579253316e-11	   7.0000000000000000e+00	
   4.6899999999999995e+00	   1.5372592088169768e-11	   7.0000000000000000e+00	
   4.6999999999999993e+00	   1.5935697206259647e-11	   7.0000000000000000e+00	
   4.7100000000000000e+00	   1.6655121726216748e-11	   7.0000000000000000e+00	
   4.7199999999999998e+00	   1.7353229964101047e-11	   7.0000000000000000e+00	
   4.7300000000000004e+00	   1.8006041102580639e-11	   7.0000000000000000e+00	
   4.7400000000000002e+00	   1.8589574324323621e-11	   7.0000000000000000e+00	
   4.7500000000000000e+00	   1.9081625168837490e-11	   7.0000000000000000e+00	
   4.7599999999999998e+00	   1.9895196601282805e-11	   7.0000000000000000e+00	
   4.7699999999999996e+00	   2.0600410266524705e-11	   7.0000000000000000e+00	
   4.7799999999999994e+00	   2.1171508990391885e-11	   7.0000000000000000e+00	
   4.7900000000000000e+00	   2.1588064669231244e-11	   7.0000000000000000e+00	
   4.7999999999999998e+00	   2.1834978269907879e-11	   7.0000000000000000e+00	
   4.8100000000000005e+00	   2.2111201758434618e-11	   7.0000000000000000e+00	
   4.8200000000000003e+00	   2.2468249483154068e-11	   7.0000000000000000e+00	
   4.8300000000000001e+00	   2.2620127992922789e-11	   7.0000000000000000e+00	
   4.8399999999999999e+00	   2.2557067325124081e-11	   7.0000000000000000e+00	
   4.8499999999999996e+00	   2.2270185695560940e-11	   7.0000000000000000e+00	
   4.8599999999999994e+00	   2.1755930390554568e-11	   7.0000000000000000e+00	
   4.8700000000000001e+00	   2.1431745267364022e-11	   7.0000000000000000e+00	
   4.8799999999999999e+00	   2.0911272713419748e-11	   7.0000000000000000e+00	
   4.8900000000000006e+00	   2.0143886558798840e-11	   7.0000000000000000e+00	
   4.9000000000000004e+00	   1.9128698625081597e-11	   7.0000000000000000e+00	
   4.9100000000000001e+00	   1.7877255231724121e-11	   7.0000000000000000e+00	
   4.9199999999999999e+00	   1.6525447676940530e-11	   7.0000000000000000e+00	
   4.9299999999999997e+00	   1.5173640122156939e-11	   7.0000000000000000e+00	
   4.9399999999999995e+00	   1.3569589896178513e-11	   7.0000000000000000e+00	
   4.9499999999999993e+00	   1.1731060567399254e-11	   7.0000000000000000e+00	
   4.9600000000000000e+00	   9.6793684178919648e-12	   7.0000000000000000e+00	
   4.9699999999999998e+00	   7.4464878707658499e-12	   7.0000000000000000e+00	
   4.9800000000000004e+00	   4.3147707629032084e-12	   8.0000000000000000e+00	
   4.9900000000000002e+00	   1.8500756482353609e-12	   8.0000000000000000e+00	
   5.0000000000000000e+00	   8.8817841970012523e-16	   1.0000000000000000e+00	
   5.0099999999999998e+00	   1.3100631690576847e-12	   8.0000000000000000e+00	
   5.0199999999999996e+00	   2.1529444893531036e-12	   8.0000000000000000e+00	
   5.0299999999999994e+00	   2.6147972675971687e-12	   8.0000000000000000e+00	
   5.0400000000000000e+00	   2.8119728767705965e-12	   8.0000000000000000e+00	
   5.0499999999999998e+00	   2.7551294579097885e-12	   8.0000000000000000e+00	
   5.0600000000000005e+00	   2.4940050025179517e-12	   8.0000000000000000e+00	
   5.0700000000000003e+00	   2.0765611452588928e-12	   8.0000000000000000e+00	
   5.0800000000000001e+00	   1.5525358776358189e-12	   8.0000000000000000e+00	
   5.0899999999999999e+00	   9.7699626167013776e-13	   8.0000000000000000e+00	
   5.0999999999999996e+00	   3.5615954629975022e-13	   8.0000000000000000e+00	
   5.1099999999999994e+00	   2.9309887850104133e-13	   8.0000000000000000e+00	
   5.1200000000000001e+00	   9.3702823278363212e-13	   8.0000000000000000e+00	
   5.1299999999999999e+00	   1.5552004128949193e-12	   8.0000000000000000e+00	
   5.1400000000000006e+00	   2.1307400288606004e-12	   8.0000000000000000e+00	
   5.1500000000000004e+00	   2.6965096822095802e-12	   8.0000000000000000e+00	
   5.1600000000000001e+00	   3.2081004519568523e-12	   8.0000000000000000e+00	
   5.1699999999999999e+00	   3.6557423754857155e-12	   8.0000000000000000e+00	
   5.1799999999999997e+00	   4.0261127765006677e-12	   8.0000000000000000e+00	
   5.1899999999999995e+00	   4.3121062276441080e-12	   8.0000000000000000e+00	
   5.1999999999999993e+00	   4.5714543261965446e-12	   8.0000000000000000e+00	
   5.2100000000000000e+00	   4.7970516448003764e-12	   8.0000000000000000e+00	
   5.2199999999999998e+00	   4.9436010840508970e-12	   8.0000000000000000e+00	
   5.2300000000000004e+00	   5.0102144655284064e-12	   8.0000000000000000e+00	
   5.2400000000000002e+00	   5.0022208597511053e-12	   8.0000000000000000e+00	
   5.2500000000000000e+00	   4.9231729803977942e-12	   8.0000000000000000e+00	
   5.2599999999999998e+00	   4.8849813083506888e-12	   8.0000000000000000e+00	
   5.2699999999999996e+00	   4.7837289685048745e-12	   8.0000000000000000e+00	
   5.2799999999999994e+00	   4.6220804961194517e-12	   8.0000000000000000e+00	
   5.2900000000000000e+00	   4.4062531401323213e-12	   8.0000000000000000e+00	
   5.2999999999999998e+00	   4.1477932199995848e-12	   8.0000000000000000e+00	
   5.3100000000000005e+00	   3.8893332998668484e-12	   8.0000000000000000e+00	
   5.3200000000000003e+00	   3.6424196991902136e-12	   8.0000000000000000e+00	
   5.3300000000000001e+00	   3.3608671401452739e-12	   8.0000000000000000e+00	
   5.3399999999999999e+00	   3.0535574069290305e-12	   8.0000000000000000e+00	
   5.3499999999999996e+00	   2.7293722837384848e-12	   8.0000000000000000e+00	
   5.3599999999999994e+00	   2.3954171979312378e-12	   8.0000000000000000e+00	
   5.3700000000000001e+00	   2.0987656057513959e-12	   8.0000000000000000e+00	
   5.3799999999999999e+00	   1.7976731214730535e-12	   8.0000000000000000e+00	
   5.3900000000000006e+00	   1.4965806371947110e-12	   8.0000000000000000e+00	
   5.4000000000000004e+00	   1.1981526881754689e-12	   8.0000000000000000e+00	
   5.4100000000000001e+00	   9.0949470177292824e-13	   8.0000000000000000e+00	
   5.4199999999999999e+00	   6.4037664060379029e-13	   8.0000000000000000e+00	
   5.4299999999999997e+00	   3.9435121834685560e-13	   8.0000000000000000e+00	
   5.4399999999999995e+00	   1.6253665080512292e-13	   8.0000000000000000e+00	
   5.4499999999999993e+00	   5.5955240441107890e-14	   8.0000000000000000e+00	
   5.4600000000000000e+00	   2.4780177909633494e-13	   8.0000000000000000e+00	
   5.4699999999999998e+00	   4.1744385725905886e-13	   8.0000000000000000e+00	
   5.4800000000000004e+00	   5.7109872386718052e-13	   8.0000000000000000e+00	
   5.4900000000000002e+00	   7.0166095156309893e-13	   8.0000000000000000e+00	
   5.5099999999999998e+00	   2.8954616482224083e-13	   8.0000000000000000e+00	
   5.5199999999999996e+00	   1.7053025658242404e-13	   8.0000000000000000e+00	
   5.5299999999999994e+00	   4.9737991503207013e-14	   8.0000000000000000e+00	
   5.5400000000000000e+00	   7.0166095156309893e-14	   8.0000000000000000e+00	
   5.5499999999999998e+00	   1.9007018181582680e-13	   8.0000000000000000e+00	
   5.5600000000000005e+00	   3.0819791163594346e-13	   8.0000000000000000e+00	
   5.5700000000000003e+00	   4.1922021409845911e-13	   8.0000000000000000e+00	
   5.5800000000000001e+00	   5.2757798130187439e-13	   8.0000000000000000e+00	
   5.5899999999999999e+00	   6.3860028376439004e-13	   8.0000000000000000e+00	
   5.5999999999999996e+00	   7.5051076464660582e-13	   8.0000000000000000e+00	
   5.6099999999999994e+00	   8.5531581817122060e-13	   8.0000000000000000e+00	
   5.6200000000000001e+00	   9.5301544433823437e-13	   8.0000000000000000e+00	
   5.6299999999999999e+00	   1.0436096431476471e-12	   8.0000000000000000e+00	
   5.6400000000000006e+00	   1.1279865930191590e-12	   8.0000000000000000e+00	
   5.6500000000000004e+00	   1.2221335055073723e-12	   8.0000000000000000e+00	
   5.6600000000000001e+00	   1.3091749906379846e-12	   8.0000000000000000e+00	
   5.6699999999999999e+00	   1.3873346915715956e-12	   8.0000000000000000e+00	
   5.6799999999999997e+00	   1.4539480730491050e-12	   8.0000000000000000e+00	
   5.6899999999999995e+00	   1.5063505998114124e-12	   8.0000000000000000e+00	
   5.6999999999999993e+00	   1.5640821970919205e-12	   8.0000000000000000e+00	
   5.7100000000000000e+00	   1.6271428648906294e-12	   8.0000000000000000e+00	
   5.7199999999999998e+00	   1.6795453916529368e-12	   8.0000000000000000e+00	
   5.7300000000000004e+00	   1.7141843500212417e-12	   8.0000000000000000e+00	
   5.7400000000000002e+00	   1.7363888105137448e-12	   8.0000000000000000e+00	
   5.7500000000000000e+00	   1.7461587731304462e-12	   8.0000000000000000e+00	
   5.7599999999999998e+00	   1.7781331962396507e-12	   8.0000000000000000e+00	
   5.7699999999999996e+00	   1.7967849430533533e-12	   8.0000000000000000e+00	
   5.7799999999999994e+00	   1.8012258351518540e-12	   8.0000000000000000e+00	
   5.7900000000000000e+00	   1.7896795156957523e-12	   8.0000000000000000e+00	
   5.7999999999999998e+00	   1.7648105199441488e-12	   8.0000000000000000e+00	
   5.8100000000000005e+00	   1.7434942378713458e-12	   8.0000000000000000e+00	
   5.8200000000000003e+00	   1.7283952047364437e-12	   8.0000000000000000e+00	
   5.8300000000000001e+00	   1.6973089600469393e-12	   8.0000000000000000e+00	
   5.8399999999999999e+00	   1.6520118606422329e-12	   8.0000000000000000e+00	
   5.8499999999999996e+00	   1.5942802633617248e-12	   8.0000000000000000e+00	
   5.8599999999999994e+00	   1.5232259897857148e-12	   8.0000000000000000e+00	
   5.8700000000000001e+00	   1.4672707493446069e-12	   8.0000000000000000e+00	
   5.8799999999999999e+00	   1.4006573678670975e-12	   8.0000000000000000e+00	
   5.8900000000000006e+00	   1.3224976669334865e-12	   8.0000000000000000e+00	
   5.9000000000000004e+00	   1.2319034681240737e-12	   8.0000000000000000e+00	
   5.9100000000000001e+00	   1.1288747714388592e-12	   8.0000000000000000e+00	
   5.9199999999999999e+00	   1.0249578963339445e-12	   8.0000000000000000e+00	
   5.9299999999999997e+00	   9.2370555648813024e-13	   8.0000000000000000e+00	
   5.9399999999999995e+00	   8.1357143244531471e-13	   8.0000000000000000e+00	
   5.9500000000000002e+00	   6.9100281052669743e-13	   8.0000000000000000e+00	
   5.9600000000000000e+00	   5.6044058283077902e-13	   8.0000000000000000e+00	
   5.9699999999999998e+00	   4.2632564145606011e-13	   8.0000000000000000e+00	
   5.9800000000000004e+00	   2.9221070008134120e-13	   8.0000000000000000e+00	
   5.9900000000000002e+00	   1.4921397450962104e-13	   8.0000000000000000e+00	
   6.0000000000000000e+00	   8.8817841970012523e-16	   1.0000000000000000e+00	
   6.0099999999999998e+00	   1.5454304502782179e-13	   8.0000000000000000e+00	
   6.0199999999999996e+00	   3.1086244689504383e-13	   8.0000000000000000e+00	
   6.0300000000000002e+00	   4.6718184876226587e-13	   8.0000000000000000e+00	
   6.0400000000000000e+00	   6.3682392692498979e-13	   8.0000000000000000e+00	
   6.0499999999999998e+00	   8.0913054034681409e-13	   8.0000000000000000e+00	
   6.0600000000000005e+00	   9.8143715376863838e-13	   8.0000000000000000e+00	
   6.0700000000000003e+00	   1.1510792319313623e-12	   8.0000000000000000e+00	
   6.0800000000000001e+00	   1.3171685964152857e-12	   8.0000000000000000e+00	
   6.0899999999999999e+00	   1.4992451724538114e-12	   8.0000000000000000e+00	
   6.0999999999999996e+00	   1.6910917111090384e-12	   8.0000000000000000e+00	
   6.1099999999999994e+00	   1.8767210008263646e-12	   8.0000000000000000e+00	
   6.1200000000000001e+00	   2.0570212200254900e-12	   8.0000000000000000e+00	
   6.1299999999999999e+00	   2.2284396550276142e-12	   8.0000000000000000e+00	
   6.1399999999999997e+00	   2.3963053763509379e-12	   8.0000000000000000e+00	
   6.1500000000000004e+00	   2.5996982344622666e-12	   8.0000000000000000e+00	
   6.1600000000000001e+00	   2.7950974867962941e-12	   8.0000000000000000e+00	
   6.1699999999999999e+00	   2.9798385980939202e-12	   8.0000000000000000e+00	
   6.1799999999999997e+00	   3.1530333899354446e-12	   8.0000000000000000e+00	
   6.1899999999999995e+00	   3.3084646133829665e-12	   8.0000000000000000e+00	
   6.2000000000000002e+00	   3.4887648325820919e-12	   8.0000000000000000e+00	
   6.2100000000000000e+00	   3.6886049770146201e-12	   8.0000000000000000e+00	
   6.2199999999999998e+00	   3.8742342667319463e-12	   8.0000000000000000e+00	
   6.2300000000000004e+00	   4.0394354527961696e-12	   8.0000000000000000e+00	
   6.2400000000000002e+00	   4.1868730704663903e-12	   8.0000000000000000e+00	
   6.2500000000000000e+00	   4.3112180492244079e-12	   8.0000000000000000e+00	
   6.2599999999999998e+00	   4.5101700152372359e-12	   8.0000000000000000e+00	
   6.2699999999999996e+00	   4.6904702344363614e-12	   8.0000000000000000e+00	
   6.2800000000000002e+00	   4.8485659931429836e-12	   8.0000000000000000e+00	
   6.2900000000000000e+00	   4.9809045776783023e-12	   8.0000000000000000e+00	
   6.2999999999999998e+00	   5.0874859880423173e-12	   8.0000000000000000e+00	
   6.3100000000000005e+00	   5.2198245725776360e-12	   8.0000000000000000e+00	
   6.3200000000000003e+00	   5.3894666507403599e-12	   8.0000000000000000e+00	
   6.3300000000000001e+00	   5.5342397331514803e-12	   8.0000000000000000e+00	
   6.3399999999999999e+00	   5.6497029277124966e-12	   8.0000000000000000e+00	
   6.3499999999999996e+00	   5.7385207696825091e-12	   8.0000000000000000e+00	
   6.3599999999999994e+00	   5.7962523669630173e-12	   8.0000000000000000e+00	
   6.3700000000000001e+00	   5.9365845572756371e-12	   8.0000000000000000e+00	
   6.3799999999999999e+00	   6.0635940712927550e-12	   8.0000000000000000e+00	
   6.3899999999999997e+00	   6.1621818758794689e-12	   8.0000000000000000e+00	
   6.4000000000000004e+00	   6.2279070789372781e-12	   8.0000000000000000e+00	
   6.4100000000000001e+00	   6.2607696804661828e-12	   8.0000000000000000e+00	
   6.4199999999999999e+00	   6.3060667798708891e-12	   8.0000000000000000e+00	
   6.4299999999999997e+00	   6.4153127254940046e-12	   8.0000000000000000e+00	
   6.4399999999999995e+00	   6.4916960695882153e-12	   8.0000000000000000e+00	
   6.4500000000000002e+00	   6.5334404553141212e-12	   8.0000000000000000e+00	
   6.4600000000000000e+00	   6.5405458826717222e-12	   8.0000000000000000e+00	
   6.4699999999999998e+00	   6.5165650653398188e-12	   8.0000000000000000e+00	
   6.4800000000000004e+00	   6.5707439489415265e-12	   8.0000000000000000e+00	
   6.4900000000000002e+00	   6.6213701188644336e-12	   8.0000000000000000e+00	
   6.5099999999999998e+00	   1.7319479184152442e-13	   8.0000000000000000e+00	
   6.5199999999999996e+00	   1.1279865930191590e-13	   8.0000000000000000e+00	
   6.5300000000000002e+00	   5.1514348342607263e-14	   8.0000000000000000e+00	
   6.5400000000000000e+00	   8.8817841970012523e-15	   8.0000000000000000e+00	
   6.5499999999999998e+00	   6.6613381477509392e-14	   8.0000000000000000e+00	
   6.5600000000000005e+00	   1.2523315717771766e-13	   8.0000000000000000e+00	
   6.5700000000000003e+00	   1.7941204077942530e-13	   8.0000000000000000e+00	
   6.5800000000000001e+00	   2.3092638912203256e-13	   8.0000000000000000e+00	
   6.5899999999999999e+00	   2.8599345114344032e-13	   8.0000000000000000e+00	
   6.5999999999999996e+00	   3.3928415632544784e-13	   8.0000000000000000e+00	
   6.6099999999999994e+00	   3.8902214782865485e-13	   8.0000000000000000e+00	
   6.6200000000000001e+00	   4.3431924723336124e-13	   8.0000000000000000e+00	
   6.6299999999999999e+00	   4.7783998979866737e-13	   8.0000000000000000e+00	
   6.6399999999999997e+00	   5.1869619710487314e-13	   8.0000000000000000e+00	
   6.6500000000000004e+00	   5.6132876125047915e-13	   8.0000000000000000e+00	
   6.6600000000000001e+00	   6.0129679013698478e-13	   8.0000000000000000e+00	
   6.6699999999999999e+00	   6.3860028376439004e-13	   8.0000000000000000e+00	
   6.6799999999999997e+00	   6.7057470687359455e-13	   8.0000000000000000e+00	
   6.6899999999999995e+00	   6.9366734578579781e-13	   8.0000000000000000e+00	
   6.7000000000000002e+00	   7.2120087679650169e-13	   8.0000000000000000e+00	
   6.7100000000000000e+00	   7.5051076464660582e-13	   8.0000000000000000e+00	
   6.7199999999999998e+00	   7.7449158197850920e-13	   8.0000000000000000e+00	
   6.7300000000000004e+00	   7.9225515037251171e-13	   8.0000000000000000e+00	
   6.7400000000000002e+00	   8.0113693456951296e-13	   8.0000000000000000e+00	
   6.7500000000000000e+00	   8.0646600508771371e-13	   8.0000000000000000e+00	
   6.7599999999999998e+00	   8.2245321664231597e-13	   8.0000000000000000e+00	
   6.7699999999999996e+00	   8.3044682241961709e-13	   8.0000000000000000e+00	
   6.7800000000000002e+00	   8.3311135767871747e-13	   8.0000000000000000e+00	
   6.7900000000000000e+00	   8.2867046558021684e-13	   8.0000000000000000e+00	
   6.7999999999999998e+00	   8.1801232454381534e-13	   8.0000000000000000e+00	
   6.8100000000000005e+00	   8.0913054034681409e-13	   8.0000000000000000e+00	
   6.8200000000000003e+00	   8.0291329140891321e-13	   8.0000000000000000e+00	
   6.8300000000000001e+00	   7.8781425827401108e-13	   8.0000000000000000e+00	
   6.8399999999999999e+00	   7.6738615462090820e-13	   8.0000000000000000e+00	
   6.8499999999999996e+00	   7.4340533728900482e-13	   8.0000000000000000e+00	
   6.8599999999999994e+00	   7.1054273576010019e-13	   8.0000000000000000e+00	
   6.8700000000000001e+00	   6.8478556158879655e-13	   8.0000000000000000e+00	
   6.8799999999999999e+00	   6.5458749531899230e-13	   8.0000000000000000e+00	
   6.8899999999999997e+00	   6.1994853695068741e-13	   8.0000000000000000e+00	
   6.9000000000000004e+00	   5.7820415122478153e-13	   8.0000000000000000e+00	
   6.9100000000000001e+00	   5.3024251656097476e-13	   8.0000000000000000e+00	
   6.9199999999999999e+00	   4.8228088189716800e-13	   8.0000000000000000e+00	
   6.9299999999999997e+00	   4.3698378249246161e-13	   8.0000000000000000e+00	
   6.9399999999999995e+00	   3.8546943414985435e-13	   8.0000000000000000e+00	
   6.9500000000000002e+00	   3.2862601528904634e-13	   8.0000000000000000e+00	
   6.9600000000000000e+00	   2.6645352591003757e-13	   8.0000000000000000e+00	
   6.9699999999999998e+00	   2.0339285811132868e-13	   8.0000000000000000e+00	
   6.9800000000000004e+00	   1.4033219031261979e-13	   8.0000000000000000e+00	
   6.9900000000000002e+00	   7.1942451995710144e-14	   8.0000000000000000e+00	
   7.0000000000000000e+00	   8.8817841970012523e-16	   1.0000000000000000e+00	
   7.0099999999999998e+00	   7.7271522513910895e-14	   8.0000000000000000e+00	
   7.0199999999999996e+00	   1.5099033134902129e-13	   8.0000000000000000e+00	
   7.0300000000000002e+00	   2.2559731860383181e-13	   8.0000000000000000e+00	
   7.0400000000000000e+00	   3.0730973321624333e-13	   8.0000000000000000e+00	
   7.0499999999999998e+00	   3.9168668308775523e-13	   8.0000000000000000e+00	
   7.0599999999999996e+00	   4.7783998979866737e-13	   8.0000000000000000e+00	
   7.0700000000000003e+00	   5.6132876125047915e-13	   8.0000000000000000e+00	
   7.0800000000000001e+00	   6.4392935428259079e-13	   8.0000000000000000e+00	
   7.0899999999999999e+00	   7.3541173151170369e-13	   8.0000000000000000e+00	
   7.0999999999999996e+00	   8.3311135767871747e-13	   8.0000000000000000e+00	
   7.1100000000000003e+00	   9.2725827016693074e-13	   8.0000000000000000e+00	
   7.1200000000000001e+00	   1.0187406473960436e-12	   8.0000000000000000e+00	
   7.1299999999999999e+00	   1.1084466677857563e-12	   8.0000000000000000e+00	
   7.1399999999999997e+00	   1.1972645097557688e-12	   8.0000000000000000e+00	
   7.1500000000000004e+00	   1.3029577417000837e-12	   8.0000000000000000e+00	
   7.1600000000000001e+00	   1.4059864383852982e-12	   8.0000000000000000e+00	
   7.1699999999999999e+00	   1.5045742429720121e-12	   8.0000000000000000e+00	
   7.1799999999999997e+00	   1.5996093338799255e-12	   8.0000000000000000e+00	
   7.1899999999999995e+00	   1.6839862837514374e-12	   8.0000000000000000e+00	
   7.2000000000000002e+00	   1.7834622667578515e-12	   8.0000000000000000e+00	
   7.2100000000000000e+00	   1.8935963908006670e-12	   8.0000000000000000e+00	
   7.2199999999999998e+00	   1.9975132659055816e-12	   8.0000000000000000e+00	
   7.2300000000000004e+00	   2.0925483568134950e-12	   8.0000000000000000e+00	
   7.2400000000000002e+00	   2.1787016635244072e-12	   8.0000000000000000e+00	
   7.2500000000000000e+00	   2.2533086507792177e-12	   8.0000000000000000e+00	
   7.2599999999999998e+00	   2.3696600237599341e-12	   8.0000000000000000e+00	
   7.2699999999999996e+00	   2.4771296125436493e-12	   8.0000000000000000e+00	
   7.2800000000000002e+00	   2.5712765250318625e-12	   8.0000000000000000e+00	
   7.2900000000000000e+00	   2.6538771180639742e-12	   8.0000000000000000e+00	
   7.2999999999999998e+00	   2.7267077484793845e-12	   8.0000000000000000e+00	
   7.3099999999999996e+00	   2.8119728767705965e-12	   8.0000000000000000e+00	
   7.3200000000000003e+00	   2.9176661087149114e-12	   8.0000000000000000e+00	
   7.3300000000000001e+00	   3.0109248427834245e-12	   8.0000000000000000e+00	
   7.3399999999999999e+00	   2.8155255904493970e-12	   7.0000000000000000e+00	
   7.3499999999999996e+00	   2.3794299863766355e-12	   7.0000000000000000e+00	
   7.3600000000000003e+00	   1.9220181002310710e-12	   7.0000000000000000e+00	
   7.3700000000000001e+00	   1.4814816040598089e-12	   7.0000000000000000e+00	
   7.3799999999999999e+00	   1.0196288258157438e-12	   7.0000000000000000e+00	
   7.3899999999999997e+00	   5.3912430075797602e-13	   7.0000000000000000e+00	
   7.4000000000000004e+00	   4.4408920985006262e-14	   7.0000000000000000e+00	
   7.4100000000000001e+00	   4.5563552930616424e-13	   7.0000000000000000e+00	
   7.4199999999999999e+00	   9.5923269327613525e-13	   7.0000000000000000e+00	
   7.4299999999999997e+00	   1.4823697824795090e-12	   7.0000000000000000e+00	
   7.4399999999999995e+00	   2.0099477637813834e-12	   7.0000000000000000e+00	
   7.4500000000000002e+00	   2.5339730314044573e-12	   7.0000000000000000e+00	
   7.4600000000000000e+00	   3.0464519795714295e-12	   7.0000000000000000e+00	
   7.4699999999999998e+00	   3.5420555377640994e-12	   7.0000000000000000e+00	
   7.4800000000000004e+00	   3.9124259387790516e-12	   8.0000000000000000e+00	
   7.4900000000000002e+00	   3.9701575360595598e-12	   8.0000000000000000e+00	
   7.5099999999999998e+00	   4.1939784978239913e-12	   8.0000000000000000e+00	
   7.5199999999999996e+00	   4.1451286847404845e-12	   8.0000000000000000e+00	
   7.5300000000000002e+00	   4.0936143363978772e-12	   8.0000000000000000e+00	
   7.5400000000000000e+00	   4.0936143363978772e-12	   8.0000000000000000e+00	
   7.5499999999999998e+00	   4.0749625895841746e-12	   8.0000000000000000e+00	
   7.5599999999999996e+00	   4.0349945606976689e-12	   8.0000000000000000e+00	
   7.5700000000000003e+00	   3.9754866065777605e-12	   8.0000000000000000e+00	
   7.5800000000000001e+00	   3.8973269056441495e-12	   8.0000000000000000e+00	
   7.5899999999999999e+00	   3.8582470551773440e-12	   8.0000000000000000e+00	
   7.5999999999999996e+00	   3.8289371673272399e-12	   8.0000000000000000e+00	
   7.6100000000000003e+00	   3.7800873542437330e-12	   8.0000000000000000e+00	
   7.6200000000000001e+00	   3.7108094375071232e-12	   8.0000000000000000e+00	
   7.6299999999999999e+00	   3.6255443092159112e-12	   8.0000000000000000e+00	
   7.6399999999999997e+00	   3.5349501104064984e-12	   8.0000000000000000e+00	
   7.6500000000000004e+00	   3.4932057246805925e-12	   8.0000000000000000e+00	
   7.6600000000000001e+00	   3.4354741274000844e-12	   8.0000000000000000e+00	
   7.6699999999999999e+00	   3.3617553185649740e-12	   8.0000000000000000e+00	
   7.6799999999999997e+00	   3.2720492981752614e-12	   8.0000000000000000e+00	
   7.6900000000000004e+00	   3.1654678878112463e-12	   8.0000000000000000e+00	
   7.7000000000000002e+00	   3.0855318300382351e-12	   8.0000000000000000e+00	
   7.7100000000000000e+00	   3.0189184485607257e-12	   8.0000000000000000e+00	
   7.7199999999999998e+00	   2.9398705692074145e-12	   8.0000000000000000e+00	
   7.7300000000000004e+00	   2.8457236567192012e-12	   8.0000000000000000e+00	
   7.7400000000000002e+00	   2.7373658895157860e-12	   8.0000000000000000e+00	
   7.7500000000000000e+00	   2.6183499812759692e-12	   8.0000000000000000e+00	
   7.7599999999999998e+00	   2.5472957076999592e-12	   8.0000000000000000e+00	
   7.7699999999999996e+00	   2.4611424009890470e-12	   8.0000000000000000e+00	
   7.7800000000000002e+00	   2.3625545964023331e-12	   8.0000000000000000e+00	
   7.7900000000000000e+00	   2.2533086507792177e-12	   8.0000000000000000e+00	
   7.7999999999999998e+00	   2.1369572777985013e-12	   8.0000000000000000e+00	
   7.8099999999999996e+00	   2.0321522242738865e-12	   8.0000000000000000e+00	
   7.8200000000000003e+00	   1.9415580254644738e-12	   8.0000000000000000e+00	
   7.8300000000000001e+00	   1.8403056856186595e-12	   8.0000000000000000e+00	
   7.8399999999999999e+00	   1.7319479184152442e-12	   8.0000000000000000e+00	
   7.8499999999999996e+00	   1.6182610806936282e-12	   8.0000000000000000e+00	
   7.8600000000000003e+00	   1.4974688156144111e-12	   8.0000000000000000e+00	
   7.8700000000000001e+00	   1.3988810110276972e-12	   8.0000000000000000e+00	
   7.8799999999999999e+00	   1.2967404927621828e-12	   8.0000000000000000e+00	
   7.8899999999999997e+00	   1.1910472608178679e-12	   8.0000000000000000e+00	
   7.9000000000000004e+00	   1.0773604230962519e-12	   8.0000000000000000e+00	
   7.9100000000000001e+00	   9.6100905011553550e-13	   8.0000000000000000e+00	
   7.9199999999999999e+00	   8.4998674765301985e-13	   8.0000000000000000e+00	
   7.9299999999999997e+00	   7.4784622938750545e-13	   8.0000000000000000e+00	
   7.9400000000000004e+00	   6.4304117586289067e-13	   8.0000000000000000e+00	
   7.9500000000000002e+00	   5.3290705182007514e-13	   8.0000000000000000e+00	
   7.9600000000000000e+00	   4.2277292777725961e-13	   8.0000000000000000e+00	
   7.9699999999999998e+00	   3.1441516057384433e-13	   8.0000000000000000e+00	
   7.9800000000000004e+00	   2.1138646388862981e-13	   8.0000000000000000e+00	
   7.9900000000000002e+00	   1.0658141036401503e-13	   8.0000000000000000e+00	
   8.0000000000000000e+00	   8.8817841970012523e-16	   2.0000000000000000e+00	
