   5.1000000000000001e-01	   1.3797906311761707e+00	   1.0000000000000000e+00	
   5.2000000000000002e-01	   1.3841412123734833e+00	   1.0000000000000000e+00	
   5.3000000000000003e-01	   1.3884396663160503e+00	   1.0000000000000000e+00	
   5.4000000000000004e-01	   1.3937769415732784e+00	   1.0000000000000000e+00	
   5.5000000000000004e-01	   1.3986945019037766e+00	   1.0000000000000000e+00	
   5.6000000000000005e-01	   1.4031634663669268e+00	   1.0000000000000000e+00	
   5.7000000000000006e-01	   1.4071530563225312e+00	   1.0000000000000000e+00	
   5.7999999999999996e-01	   1.4106305421480863e+00	   1.0000000000000000e+00	
   5.8999999999999997e-01	   1.4150553573214131e+00	   1.0000000000000000e+00	
   5.9999999999999998e-01	   1.4197461640217173e+00	   1.0000000000000000e+00	
   6.0999999999999999e-01	   1.4239473996627448e+00	   1.0000000000000000e+00	
   6.2000000000000000e-01	   1.4276294923279074e+00	   1.0000000000000000e+00	
   6.3000000000000000e-01	   1.4307610610331971e+00	   1.0000000000000000e+00	
   6.4000000000000001e-01	   1.4335894040866517e+00	   1.0000000000000000e+00	
   6.5000000000000002e-01	   1.4381078798071918e+00	   1.0000000000000000e+00	
   6.6000000000000003e-01	   1.4420951214192996e+00	   1.0000000000000000e+00	
   6.7000000000000004e-01	   1.4455232300783512e+00	   1.0000000000000000e+00	
   6.7999999999999994e-01	   1.4483626326065171e+00	   1.0000000000000000e+00	
   6.8999999999999995e-01	   1.4505821138078105e+00	   1.0000000000000000e+00	
   6.9999999999999996e-01	   1.4537354604685131e+00	   1.0000000000000000e+00	
   7.0999999999999996e-01	   1.4575607131020298e+00	   1.0000000000000000e+00	
   7.1999999999999997e-01	   1.4607869011850418e+00	   1.0000000000000000e+00	
   7.2999999999999998e-01	   1.4633866498254060e+00	   1.0000000000000000e+00	
   7.3999999999999999e-01	   1.4653311057762282e+00	   1.0000000000000000e+00	
   7.5000000000000000e-01	   1.4665900148764823e+00	   1.0000000000000000e+00	
   7.6000000000000001e-01	   1.4703020773436863e+00	   1.0000000000000000e+00	
   7.7000000000000002e-01	   1.4733755385093272e+00	   1.0000000000000000e+00	
   7.8000000000000003e-01	   1.4757855412181895e+00	   1.0000000000000000e+00	
   7.9000000000000004e-01	   1.4775059040320637e+00	   1.0000000000000000e+00	
   8.0000000000000004e-01	   1.4785092308217815e+00	   1.0000000000000000e+00	
   8.1000000000000005e-01	   1.4802831413395452e+00	   1.0000000000000000e+00	
   8.2000000000000006e-01	   1.4832488514783777e+00	   1.0000000000000000e+00	
   8.3000000000000007e-01	   1.4855151137171552e+00	   1.0000000000000000e+00	
   8.4000000000000008e-01	   1.4870586589784405e+00	   1.0000000000000000e+00	
   8.5000000000000009e-01	   1.4878551775724804e+00	   1.0000000000000000e+00	
   8.5999999999999999e-01	   1.4878794633806800e+00	   1.0000000000000000e+00	
   8.7000000000000000e-01	   1.4903732513687875e+00	   1.0000000000000000e+00	
   8.8000000000000000e-01	   1.4925366635560455e+00	   1.0000000000000000e+00	
   8.9000000000000001e-01	   1.4939458416897413e+00	   1.0000000000000000e+00	
   9.0000000000000002e-01	   1.4945797268718808e+00	   1.0000000000000000e+00	
   9.1000000000000003e-01	   1.4944165493791479e+00	   1.0000000000000000e+00	
   9.1999999999999993e-01	   1.4947235948518212e+00	   1.0000000000000000e+00	
   9.2999999999999994e-01	   1.4968188235088653e+00	   1.0000000000000000e+00	
   9.3999999999999995e-01	   1.4981301837367056e+00	   1.0000000000000000e+00	
   9.4999999999999996e-01	   1.4986399733845084e+00	   1.0000000000000000e+00	
   9.5999999999999996e-01	   1.4983299525034530e+00	   1.0000000000000000e+00	
   9.6999999999999997e-01	   1.4971815291690667e+00	   1.0000000000000000e+00	
   9.7999999999999998e-01	   1.4983391273089106e+00	   1.0000000000000000e+00	
   9.8999999999999999e-01	   1.4995823481753801e+00	   1.0000000000000000e+00	
   1.0000000000000000e+00	   1.5000000000000000e+00	   1.0000000000000000e+00	
   1.0100000000000000e+00	   4.9957741665244149e-01	   1.0000000000000000e+00	
   1.0200000000000000e+00	   4.9829975382575498e-01	   1.0000000000000000e+00	
   1.0300000000000000e+00	   4.9708528418555908e-01	   1.0000000000000000e+00	
   1.0400000000000000e+00	   4.9828232278400053e-01	   1.0000000000000000e+00	
   1.0500000000000000e+00	   4.9863237622794454e-01	   1.0000000000000000e+00	
   1.0600000000000001e+00	   4.9812435447433234e-01	   1.0000000000000000e+00	
   1.0700000000000001e+00	   4.9674715103187317e-01	   1.0000000000000000e+00	
   1.0800000000000001e+00	   4.9448984433819154e-01	   1.0000000000000000e+00	
   1.0899999999999999e+00	   4.9422053652730857e-01	   1.0000000000000000e+00	
   1.1000000000000001e+00	   4.9451938877707269e-01	   1.0000000000000000e+00	
   1.1099999999999999e+00	   4.9394517876412569e-01	   1.0000000000000000e+00	
   1.1200000000000001e+00	   4.9249049620451490e-01	   1.0000000000000000e+00	
   1.1299999999999999e+00	   4.9014826922437660e-01	   1.0000000000000000e+00	
   1.1400000000000001e+00	   4.8739870905207394e-01	   1.0000000000000000e+00	
   1.1499999999999999e+00	   4.8765401126227093e-01	   1.0000000000000000e+00	
   1.1600000000000001e+00	   4.8702437964759104e-01	   1.0000000000000000e+00	
   1.1699999999999999e+00	   4.8550603431818717e-01	   1.0000000000000000e+00	
   1.1800000000000002e+00	   4.8309567609399084e-01	   1.0000000000000000e+00	
   1.1899999999999999e+00	   4.7979068082583798e-01	   1.0000000000000000e+00	
   1.2000000000000002e+00	   4.7804062680848602e-01	   1.0000000000000000e+00	
   1.2100000000000000e+00	   4.7735735865219464e-01	   1.0000000000000000e+00	
   1.2200000000000000e+00	   4.7578041374178648e-01	   1.0000000000000000e+00	
   1.2300000000000000e+00	   2.5541030751243143e-02	   1.0000000000000000e+00	
   1.2400000000000000e+00	   2.5977587738524432e-02	   1.0000000000000000e+00	
   1.2500000000000000e+00	   2.6260846888842559e-02	   1.0000000000000000e+00	
   1.2600000000000000e+00	   2.6995268528183569e-02	   1.0000000000000000e+00	
   1.2700000000000000e+00	   2.7588573791578641e-02	   1.0000000000000000e+00	
   1.2800000000000000e+00	   2.8034546137529537e-02	   1.0000000000000000e+00	
   1.2900000000000000e+00	   2.8328396366261499e-02	   1.0000000000000000e+00	
   1.3000000000000000e+00	   2.8466782538786539e-02	   1.0000000000000000e+00	
   1.3100000000000001e+00	   2.8737640284656196e-02	   1.0000000000000000e+00	
   1.3200000000000001e+00	   2.9220607721021530e-02	   1.0000000000000000e+00	
   1.3300000000000001e+00	   2.9552909097782631e-02	   1.0000000000000000e+00	
   1.3399999999999999e+00	   2.9731505751164899e-02	   1.0000000000000000e+00	
   1.3500000000000001e+00	   2.9754748435396383e-02	   1.0000000000000000e+00	
   1.3599999999999999e+00	   2.9622367954019957e-02	   1.0000000000000000e+00	
   1.3700000000000001e+00	   2.9937476450169864e-02	   1.0000000000000000e+00	
   1.3799999999999999e+00	   3.0176111042871323e-02	   1.0000000000000000e+00	
   1.3900000000000001e+00	   3.0261759914345543e-02	   1.0000000000000000e+00	
   1.3999999999999999e+00	   3.0194270383297805e-02	   1.0000000000000000e+00	
   1.4100000000000001e+00	   2.9974790511853699e-02	   1.0000000000000000e+00	
   1.4199999999999999e+00	   2.9831978722979935e-02	   1.0000000000000000e+00	
   1.4300000000000002e+00	   2.9992223335526758e-02	   1.0000000000000000e+00	
   1.4399999999999999e+00	   3.0002306610264817e-02	   1.0000000000000000e+00	
   1.4500000000000002e+00	   2.9863391677064755e-02	   1.0000000000000000e+00	
   1.4600000000000000e+00	   2.9577857671316377e-02	   1.0000000000000000e+00	
   1.4700000000000000e+00	   2.9149255805223762e-02	   1.0000000000000000e+00	
   1.4800000000000000e+00	   2.9094560671593772e-02	   1.0000000000000000e+00	
   1.4900000000000000e+00	   2.9041919529859461e-02	   1.0000000000000000e+00	
   1.5100000000000000e+00	   2.8510705505291556e-02	   1.0000000000000000e+00	
   1.5200000000000000e+00	   2.8040092081930146e-02	   1.0000000000000000e+00	
   1.5300000000000000e+00	   2.7579221486618843e-02	   1.0000000000000000e+00	
   1.5400000000000000e+00	   2.7472648461408511e-02	   1.0000000000000000e+00	
   1.5500000000000000e+00	   2.7230358229654472e-02	   1.0000000000000000e+00	
   1.5600000000000001e+00	   2.6856704862929126e-02	   1.0000000000000000e+00	
   1.5700000000000001e+00	   2.6357020346711835e-02	   1.0000000000000000e+00	
   1.5800000000000001e+00	   2.5737548294200385e-02	   1.0000000000000000e+00	
   1.5900000000000001e+00	   2.5387784871039321e-02	   1.0000000000000000e+00	
   1.6000000000000001e+00	   2.5105602933333193e-02	   1.0000000000000000e+00	
   1.6100000000000001e+00	   2.4701571794565114e-02	   1.0000000000000000e+00	
   1.6200000000000001e+00	   2.4181703607652816e-02	   1.0000000000000000e+00	
   1.6300000000000001e+00	   2.3552820254280293e-02	   1.0000000000000000e+00	
   1.6400000000000001e+00	   2.2880125269215013e-02	   1.0000000000000000e+00	
   1.6500000000000001e+00	   2.2561584123577783e-02	   1.0000000000000000e+00	
   1.6599999999999999e+00	   2.2131710139203564e-02	   1.0000000000000000e+00	
   1.6699999999999999e+00	   2.1597077438177958e-02	   1.0000000000000000e+00	
   1.6799999999999999e+00	   2.0964969384463350e-02	   1.0000000000000000e+00	
   1.6899999999999999e+00	   2.0243300847329282e-02	   1.0000000000000000e+00	
   1.7000000000000000e+00	   1.9686647138232427e-02	   1.0000000000000000e+00	
   1.7100000000000000e+00	   1.9232777511263732e-02	   1.0000000000000000e+00	
   1.7200000000000000e+00	   1.8685934143760630e-02	   1.0000000000000000e+00	
   1.7300000000000000e+00	   1.8053759829353977e-02	   1.0000000000000000e+00	
   1.7400000000000000e+00	   1.7344429568638020e-02	   1.0000000000000000e+00	
   1.7500000000000000e+00	   1.6566569180804569e-02	   1.0000000000000000e+00	
   1.7600000000000000e+00	   1.6088462329615583e-02	   1.0000000000000000e+00	
   1.7700000000000000e+00	   1.5529697482582483e-02	   1.0000000000000000e+00	
   1.7800000000000000e+00	   1.4898187537275565e-02	   1.0000000000000000e+00	
   1.7900000000000000e+00	   1.4202281307696518e-02	   1.0000000000000000e+00	
   1.8000000000000000e+00	   1.3450683112787187e-02	   1.0000000000000000e+00	
   1.8100000000000001e+00	   1.2779456846704340e-02	   1.0000000000000000e+00	
   1.8200000000000001e+00	   1.2207377662350583e-02	   1.0000000000000000e+00	
   1.8300000000000001e+00	   1.1575420415667947e-02	   1.0000000000000000e+00	
   1.8400000000000001e+00	   1.0892032350265035e-02	   1.0000000000000000e+00	
   1.8500000000000001e+00	   1.0165924672576709e-02	   1.0000000000000000e+00	
   1.8600000000000001e+00	   9.4059932921846112e-03	   1.0000000000000000e+00	
   1.8700000000000001e+00	   8.7946939904484100e-03	   1.0000000000000000e+00	
   1.8800000000000001e+00	   8.1598943068710295e-03	   1.0000000000000000e+00	
   1.8900000000000001e+00	   7.4866895856036120e-03	   1.0000000000000000e+00	
   1.9000000000000001e+00	   6.7837353531652322e-03	   1.0000000000000000e+00	
   1.9099999999999999e+00	   6.0597868396286003e-03	   1.0000000000000000e+00	
   1.9199999999999999e+00	   5.3633510266652973e-03	   1.0000000000000000e+00	
   1.9299999999999999e+00	   4.7225540607458427e-03	   1.0000000000000000e+00	
   1.9399999999999999e+00	   4.0562991300969742e-03	   1.0000000000000000e+00	
   1.9500000000000000e+00	   3.3731307095199448e-03	   1.0000000000000000e+00	
   1.9600000000000000e+00	   2.6816121903217027e-03	   1.0000000000000000e+00	
   1.9700000000000000e+00	   1.9902539055054458e-03	   1.0000000000000000e+00	
   1.9800000000000000e+00	   1.3302276451014894e-03	   1.0000000000000000e+00	
   1.9900000000000000e+00	   6.6728201820565047e-04	   1.0000000000000000e+00	
   2.0000000000000000e+00	   2.2204460492503131e-16	   1.0000000000000000e+00	
   2.0099999999999998e+00	   9.3695356876644098e-05	   2.0000000000000000e+00	
   2.0200000000000000e+00	   1.8358202328006001e-04	   2.0000000000000000e+00	
   2.0300000000000002e+00	   2.6995793122441825e-04	   2.0000000000000000e+00	
   2.0400000000000000e+00	   3.5746831009708657e-04	   2.0000000000000000e+00	
   2.0499999999999998e+00	   4.4189062175270521e-04	   2.0000000000000000e+00	
   2.0600000000000001e+00	   5.2220568850191995e-04	   2.0000000000000000e+00	
   2.0700000000000003e+00	   5.9746493322654359e-04	   2.0000000000000000e+00	
   2.0800000000000001e+00	   6.6679646930811742e-04	   2.0000000000000000e+00	
   2.0899999999999999e+00	   7.4027650324293148e-04	   2.0000000000000000e+00	
   2.1000000000000001e+00	   8.1424828571341479e-04	   2.0000000000000000e+00	
   2.1100000000000003e+00	   8.8292561190295160e-04	   2.0000000000000000e+00	
   2.1200000000000001e+00	   9.4550507442336951e-04	   2.0000000000000000e+00	
   2.1299999999999999e+00	   1.0012615539833902e-03	   2.0000000000000000e+00	
   2.1400000000000001e+00	   1.0521411919683921e-03	   2.0000000000000000e+00	
   2.1500000000000004e+00	   1.1170490555336698e-03	   2.0000000000000000e+00	
   2.1600000000000001e+00	   1.1756829494937726e-03	   2.0000000000000000e+00	
   2.1699999999999999e+00	   1.2273755113700879e-03	   2.0000000000000000e+00	
   2.1799999999999997e+00	   1.2715381862826725e-03	   2.0000000000000000e+00	
   2.1899999999999999e+00	   1.3076643417853084e-03	   2.0000000000000000e+00	
   2.2000000000000002e+00	   1.3518912624288504e-03	   2.0000000000000000e+00	
   2.2100000000000000e+00	   1.4018926436634160e-03	   2.0000000000000000e+00	
   2.2199999999999998e+00	   1.4442998532295803e-03	   2.0000000000000000e+00	
   2.2300000000000000e+00	   1.4786504823538493e-03	   2.0000000000000000e+00	
   2.2400000000000002e+00	   1.5045626751866159e-03	   2.0000000000000000e+00	
   2.2500000000000000e+00	   1.5217365746429401e-03	   2.0000000000000000e+00	
   2.2599999999999998e+00	   1.5643129839189029e-03	   2.0000000000000000e+00	
   2.2700000000000000e+00	   1.5988236626927055e-03	   2.0000000000000000e+00	
   2.2800000000000002e+00	   1.6249219378536850e-03	   2.0000000000000000e+00	
   2.2900000000000000e+00	   1.6423395904285876e-03	   2.0000000000000000e+00	
   2.2999999999999998e+00	   1.6508874812068974e-03	   2.0000000000000000e+00	
   2.3100000000000001e+00	   1.6668100159225041e-03	   2.0000000000000000e+00	
   2.3200000000000003e+00	   1.6945916382939963e-03	   2.0000000000000000e+00	
   2.3300000000000001e+00	   1.7137654247760814e-03	   2.0000000000000000e+00	
   2.3399999999999999e+00	   1.7241659430182743e-03	   2.0000000000000000e+00	
   2.3500000000000001e+00	   1.7257033844453318e-03	   2.0000000000000000e+00	
   2.3600000000000003e+00	   1.7183628345125435e-03	   2.0000000000000000e+00	
   2.3700000000000001e+00	   1.7361336493393331e-03	   2.0000000000000000e+00	
   2.3799999999999999e+00	   1.7494798490464980e-03	   2.0000000000000000e+00	
   2.3900000000000001e+00	   1.7540985661752551e-03	   2.0000000000000000e+00	
   2.4000000000000004e+00	   1.7499884370302254e-03	   2.0000000000000000e+00	
   2.4100000000000001e+00	   1.7372184848962746e-03	   2.0000000000000000e+00	
   2.4199999999999999e+00	   1.7286620739982439e-03	   2.0000000000000000e+00	
   2.4299999999999997e+00	   1.7370560815481717e-03	   2.0000000000000000e+00	
   2.4399999999999999e+00	   1.7368949002096734e-03	   2.0000000000000000e+00	
   2.4500000000000002e+00	   1.7275497759459135e-03	   3.0000000000000000e+00	
   2.4600000000000000e+00	   1.6969766184895541e-03	   3.0000000000000000e+00	
   2.4699999999999998e+00	   1.6588355230124918e-03	   3.0000000000000000e+00	
   2.4800000000000000e+00	   1.6416680611612833e-03	   3.0000000000000000e+00	
   2.4900000000000002e+00	   1.6247396315050011e-03	   3.0000000000000000e+00	
   2.5100000000000002e+00	   1.5684825623898391e-03	   3.0000000000000000e+00	
   2.5200000000000000e+00	   1.5299484269899466e-03	   3.0000000000000000e+00	
   2.5300000000000002e+00	   1.4924138193763703e-03	   3.0000000000000000e+00	
   2.5400000000000000e+00	   1.4738519415424811e-03	   3.0000000000000000e+00	
   2.5499999999999998e+00	   1.4484327806041364e-03	   3.0000000000000000e+00	
   2.5600000000000001e+00	   1.4165538133137368e-03	   3.0000000000000000e+00	
   2.5699999999999998e+00	   1.3786492883567369e-03	   3.0000000000000000e+00	
   2.5800000000000001e+00	   1.3351855914716104e-03	   3.0000000000000000e+00	
   2.5899999999999999e+00	   1.3058306568614064e-03	   3.0000000000000000e+00	
   2.6000000000000001e+00	   1.2802007975820651e-03	   3.0000000000000000e+00	
   2.6099999999999999e+00	   1.2488710333213859e-03	   3.0000000000000000e+00	
   2.6200000000000001e+00	   1.2122808246157746e-03	   3.0000000000000000e+00	
   2.6299999999999999e+00	   1.1708950212865332e-03	   3.0000000000000000e+00	
   2.6400000000000001e+00	   1.1279749206098977e-03	   3.0000000000000000e+00	
   2.6499999999999999e+00	   1.1025714513883678e-03	   3.0000000000000000e+00	
   2.6600000000000001e+00	   1.0722217391876399e-03	   3.0000000000000000e+00	
   2.6699999999999999e+00	   1.0373626831152727e-03	   3.0000000000000000e+00	
   2.6800000000000002e+00	   9.9845052861047279e-04	   3.0000000000000000e+00	
   2.6899999999999999e+00	   9.5595662461711584e-04	   3.0000000000000000e+00	
   2.7000000000000002e+00	   9.2164991455723211e-04	   3.0000000000000000e+00	
   2.7100000000000000e+00	   8.9251153576519471e-04	   3.0000000000000000e+00	
   2.7200000000000002e+00	   8.5959379335731612e-04	   3.0000000000000000e+00	
   2.7300000000000000e+00	   8.2333873350437514e-04	   3.0000000000000000e+00	
   2.7400000000000002e+00	   7.8419837255161440e-04	   3.0000000000000000e+00	
   2.7500000000000000e+00	   7.4263076453817689e-04	   3.0000000000000000e+00	
   2.7600000000000002e+00	   7.1478771690136611e-04	   3.0000000000000000e+00	
   2.7700000000000000e+00	   6.8386757848415414e-04	   3.0000000000000000e+00	
   2.7800000000000002e+00	   6.5029386291870495e-04	   3.0000000000000000e+00	
   2.7900000000000000e+00	   6.1449551409076264e-04	   3.0000000000000000e+00	
   2.8000000000000003e+00	   5.7690327418358223e-04	   3.0000000000000000e+00	
   2.8100000000000001e+00	   5.4327313348823125e-04	   3.0000000000000000e+00	
   2.8199999999999998e+00	   5.1429797842317271e-04	   3.0000000000000000e+00	
   2.8300000000000001e+00	   4.8331609091833982e-04	   3.0000000000000000e+00	
   2.8399999999999999e+00	   4.5073062100531303e-04	   3.0000000000000000e+00	
   2.8500000000000001e+00	   4.1694281831405888e-04	   3.0000000000000000e+00	
   2.8599999999999999e+00	   3.8234881307008806e-04	   3.0000000000000000e+00	
   2.8700000000000001e+00	   3.5425439545155868e-04	   3.0000000000000000e+00	
   2.8799999999999999e+00	   3.2569934074988538e-04	   3.0000000000000000e+00	
   2.8900000000000001e+00	   2.9611872959423025e-04	   3.0000000000000000e+00	
   2.8999999999999999e+00	   2.6588294384355393e-04	   3.0000000000000000e+00	
   2.9100000000000001e+00	   2.3535435116350811e-04	   3.0000000000000000e+00	
   2.9199999999999999e+00	   2.0640383267878093e-04	   3.0000000000000000e+00	
   2.9300000000000002e+00	   1.8006684274496365e-04	   3.0000000000000000e+00	
   2.9399999999999999e+00	   1.5323642303854967e-04	   3.0000000000000000e+00	
   2.9500000000000002e+00	   1.2625137763677685e-04	   3.0000000000000000e+00	
   2.9600000000000000e+00	   9.9440042519383098e-05	   3.0000000000000000e+00	
   2.9700000000000002e+00	   7.3117838260028378e-05	   3.0000000000000000e+00	
   2.9800000000000000e+00	   4.8412886932691634e-05	   3.0000000000000000e+00	
   2.9900000000000002e+00	   2.4057649958830751e-05	   3.0000000000000000e+00	
   3.0000000000000000e+00	   4.4408920985006262e-16	   1.0000000000000000e+00	
   3.0100000000000002e+00	   4.2392040695560240e-06	   4.0000000000000000e+00	
   3.0200000000000000e+00	   8.2676480372967376e-06	   4.0000000000000000e+00	
   3.0300000000000002e+00	   1.2101243515694193e-05	   4.0000000000000000e+00	
   3.0400000000000000e+00	   1.5949564977191244e-05	   4.0000000000000000e+00	
   3.0500000000000003e+00	   1.9624551995001127e-05	   4.0000000000000000e+00	
   3.0600000000000001e+00	   2.3083237091992004e-05	   4.0000000000000000e+00	
   3.0699999999999998e+00	   2.6286594985158729e-05	   4.0000000000000000e+00	
   3.0800000000000001e+00	   2.9199728877937758e-05	   4.0000000000000000e+00	
   3.0899999999999999e+00	   3.2265424820376865e-05	   4.0000000000000000e+00	
   3.1000000000000001e+00	   3.5322651776414915e-05	   4.0000000000000000e+00	
   3.1099999999999999e+00	   3.8121509040145440e-05	   4.0000000000000000e+00	
   3.1200000000000001e+00	   4.0630858162860051e-05	   4.0000000000000000e+00	
   3.1299999999999999e+00	   4.2823543948689036e-05	   4.0000000000000000e+00	
   3.1400000000000001e+00	   4.4786618450753934e-05	   4.0000000000000000e+00	
   3.1499999999999999e+00	   4.7323538580723579e-05	   4.0000000000000000e+00	
   3.1600000000000001e+00	   4.9570397102183250e-05	   4.0000000000000000e+00	
   3.1699999999999999e+00	   5.1503109518069579e-05	   4.0000000000000000e+00	
   3.1800000000000002e+00	   5.3101394514420974e-05	   4.0000000000000000e+00	
   3.1899999999999999e+00	   5.4348819582994423e-05	   4.0000000000000000e+00	
   3.2000000000000002e+00	   5.5917232839597375e-05	   4.0000000000000000e+00	
   3.2100000000000000e+00	   5.7706140811131235e-05	   4.0000000000000000e+00	
   3.2200000000000002e+00	   5.9164957038060351e-05	   4.0000000000000000e+00	
   3.2300000000000000e+00	   6.0279444597188814e-05	   4.0000000000000000e+00	
   3.2400000000000002e+00	   6.1038969831450629e-05	   4.0000000000000000e+00	
   3.2500000000000000e+00	   6.1436478122622873e-05	   4.0000000000000000e+00	
   3.2600000000000002e+00	   6.2847584497038866e-05	   4.0000000000000000e+00	
   3.2700000000000000e+00	   6.3920488244662010e-05	   4.0000000000000000e+00	
   3.2800000000000002e+00	   6.4646214218200271e-05	   4.0000000000000000e+00	
   3.2900000000000000e+00	   6.5019131769261662e-05	   4.0000000000000000e+00	
   3.3000000000000003e+00	   6.5036900818160603e-05	   4.0000000000000000e+00	
   3.3100000000000001e+00	   6.5340897140941934e-05	   4.0000000000000000e+00	
   3.3199999999999998e+00	   6.6101601302381852e-05	   4.0000000000000000e+00	
   3.3300000000000001e+00	   6.6518522969349902e-05	   4.0000000000000000e+00	
   3.3399999999999999e+00	   6.6590296713187058e-05	   4.0000000000000000e+00	
   3.3500000000000001e+00	   6.6318556727562594e-05	   4.0000000000000000e+00	
   3.3599999999999999e+00	   6.5707835729345021e-05	   4.0000000000000000e+00	
   3.3700000000000001e+00	   6.6055136093812195e-05	   4.0000000000000000e+00	
   3.3799999999999999e+00	   6.6229073210521960e-05	   4.0000000000000000e+00	
   3.3900000000000001e+00	   6.6070289339137389e-05	   4.0000000000000000e+00	
   3.3999999999999999e+00	   6.5583717157480237e-05	   4.0000000000000000e+00	
   3.4100000000000001e+00	   6.4776881819827992e-05	   4.0000000000000000e+00	
   3.4199999999999999e+00	   6.4131779399012601e-05	   4.0000000000000000e+00	
   3.4300000000000002e+00	   6.4115670588726914e-05	   4.0000000000000000e+00	
   3.4399999999999999e+00	   6.3783307617804041e-05	   4.0000000000000000e+00	
   3.4500000000000002e+00	   6.3142310381625322e-05	   4.0000000000000000e+00	
   3.4600000000000000e+00	   6.2202593869464806e-05	   4.0000000000000000e+00	
   3.4700000000000002e+00	   6.0976222798991842e-05	   4.0000000000000000e+00	
   3.4800000000000000e+00	   6.0512046604177527e-05	   4.0000000000000000e+00	
   3.4900000000000002e+00	   6.0050951038004285e-05	   4.0000000000000000e+00	
   3.5100000000000002e+00	   5.8280439948266149e-05	   4.0000000000000000e+00	
   3.5200000000000000e+00	   5.6996416426979835e-05	   4.0000000000000000e+00	
   3.5300000000000002e+00	   5.5740221653444166e-05	   4.0000000000000000e+00	
   3.5400000000000000e+00	   5.5184694508270127e-05	   4.0000000000000000e+00	
   3.5500000000000003e+00	   5.4366573011499497e-05	   4.0000000000000000e+00	
   3.5600000000000001e+00	   5.3299002530593498e-05	   4.0000000000000000e+00	
   3.5700000000000003e+00	   5.1996707842505430e-05	   4.0000000000000000e+00	
   3.5800000000000001e+00	   5.0475829585838738e-05	   4.0000000000000000e+00	
   3.5899999999999999e+00	   4.9479743010838462e-05	   4.0000000000000000e+00	
   3.6000000000000001e+00	   4.8618236926589731e-05	   4.0000000000000000e+00	
   3.6099999999999999e+00	   4.7533915576991603e-05	   4.0000000000000000e+00	
   3.6200000000000001e+00	   4.6242204597479741e-05	   4.0000000000000000e+00	
   3.6299999999999999e+00	   4.4759685568163121e-05	   4.0000000000000000e+00	
   3.6400000000000001e+00	   4.3210184753394998e-05	   4.0000000000000000e+00	
   3.6499999999999999e+00	   4.2324345943534070e-05	   4.0000000000000000e+00	
   3.6600000000000001e+00	   4.1242975996169662e-05	   4.0000000000000000e+00	
   3.6699999999999999e+00	   3.9981857582027658e-05	   4.0000000000000000e+00	
   3.6800000000000002e+00	   3.8557688156970471e-05	   4.0000000000000000e+00	
   3.6899999999999999e+00	   3.6987917973796414e-05	   4.0000000000000000e+00	
   3.7000000000000002e+00	   3.5727887444103601e-05	   4.0000000000000000e+00	
   3.7100000000000000e+00	   3.4662360940629355e-05	   4.0000000000000000e+00	
   3.7200000000000002e+00	   3.3444615470834549e-05	   4.0000000000000000e+00	
   3.7300000000000000e+00	   3.2091190472094411e-05	   4.0000000000000000e+00	
   3.7400000000000002e+00	   3.0619162386891219e-05	   4.0000000000000000e+00	
   3.7500000000000000e+00	   2.9045989125897620e-05	   4.0000000000000000e+00	
   3.7600000000000002e+00	   2.8003870641057915e-05	   4.0000000000000000e+00	
   3.7700000000000000e+00	   2.6836566918042593e-05	   4.0000000000000000e+00	
   3.7800000000000002e+00	   2.5560231945220835e-05	   4.0000000000000000e+00	
   3.7900000000000000e+00	   2.4191360653791349e-05	   4.0000000000000000e+00	
   3.8000000000000003e+00	   2.2746642534876571e-05	   4.0000000000000000e+00	
   3.8100000000000001e+00	   2.1453107993618659e-05	   4.0000000000000000e+00	
   3.8200000000000003e+00	   2.0338991840063159e-05	   4.0000000000000000e+00	
   3.8300000000000001e+00	   1.9141464798977381e-05	   4.0000000000000000e+00	
   3.8399999999999999e+00	   1.7876273783468122e-05	   4.0000000000000000e+00	
   3.8500000000000001e+00	   1.6559193319221066e-05	   4.0000000000000000e+00	
   3.8599999999999999e+00	   1.5205892415437461e-05	   4.0000000000000000e+00	
   3.8700000000000001e+00	   1.4107236391502909e-05	   4.0000000000000000e+00	
   3.8799999999999999e+00	   1.2986884628141127e-05	   4.0000000000000000e+00	
   3.8900000000000001e+00	   1.1822314474496665e-05	   4.0000000000000000e+00	
   3.8999999999999999e+00	   1.0628274622614953e-05	   4.0000000000000000e+00	
   3.9100000000000001e+00	   9.4192717314811603e-06	   4.0000000000000000e+00	
   3.9199999999999999e+00	   8.2703224109081930e-06	   4.0000000000000000e+00	
   3.9300000000000002e+00	   7.2232832812879622e-06	   4.0000000000000000e+00	
   3.9399999999999999e+00	   6.1538457782894795e-06	   4.0000000000000000e+00	
   3.9500000000000002e+00	   5.0756531102535973e-06	   4.0000000000000000e+00	
   3.9600000000000000e+00	   4.0019883953412716e-06	   4.0000000000000000e+00	
   3.9700000000000002e+00	   2.9456701118313333e-06	   4.0000000000000000e+00	
   3.9800000000000000e+00	   1.9523394145792849e-06	   4.0000000000000000e+00	
   3.9900000000000002e+00	   9.7111095698210192e-07	   4.0000000000000000e+00	
   4.0000000000000000e+00	   4.4408920985006262e-16	   1.0000000000000000e+00	
   4.0099999999999998e+00	   1.5561951904885518e-07	   5.0000000000000000e+00	
   4.0199999999999996e+00	   3.0415385232629433e-07	   5.0000000000000000e+00	
   4.0300000000000002e+00	   4.4613082739175525e-07	   5.0000000000000000e+00	
   4.0400000000000000e+00	   5.8923875290162187e-07	   5.0000000000000000e+00	
   4.0500000000000007e+00	   7.2651050686545204e-07	   5.0000000000000000e+00	
   4.0600000000000005e+00	   8.5630425772365015e-07	   5.0000000000000000e+00	
   4.0700000000000003e+00	   9.7711260682586953e-07	   5.0000000000000000e+00	
   4.0800000000000001e+00	   1.0875712712632435e-06	   5.0000000000000000e+00	
   4.0899999999999999e+00	   1.2041335448742529e-06	   5.0000000000000000e+00	
   4.0999999999999996e+00	   1.3208052047630758e-06	   5.0000000000000000e+00	
   4.1099999999999994e+00	   1.4282154685574255e-06	   5.0000000000000000e+00	
   4.1200000000000001e+00	   1.5251335447885594e-06	   5.0000000000000000e+00	
   4.1299999999999999e+00	   1.6104707816211317e-06	   5.0000000000000000e+00	
   4.1400000000000006e+00	   1.6874351054241288e-06	   5.0000000000000000e+00	
   4.1500000000000004e+00	   1.7863012446994730e-06	   5.0000000000000000e+00	
   4.1600000000000001e+00	   1.8745150205390360e-06	   5.0000000000000000e+00	
   4.1699999999999999e+00	   1.9510996285276860e-06	   5.0000000000000000e+00	
   4.1799999999999997e+00	   2.0152173672016715e-06	   5.0000000000000000e+00	
   4.1899999999999995e+00	   2.0661728123982925e-06	   5.0000000000000000e+00	
   4.2000000000000002e+00	   2.1294785836900587e-06	   5.0000000000000000e+00	
   4.2100000000000000e+00	   2.2013612923643677e-06	   5.0000000000000000e+00	
   4.2200000000000006e+00	   2.2608217253861085e-06	   5.0000000000000000e+00	
   4.2300000000000004e+00	   2.3072482528974092e-06	   5.0000000000000000e+00	
   4.2400000000000002e+00	   2.3401651798593548e-06	   5.0000000000000000e+00	
   4.2500000000000000e+00	   2.3592330586907906e-06	   5.0000000000000000e+00	
   4.2599999999999998e+00	   2.4172920820575428e-06	   5.0000000000000000e+00	
   4.2699999999999996e+00	   2.4624517580562610e-06	   5.0000000000000000e+00	
   4.2799999999999994e+00	   2.4943019090173379e-06	   5.0000000000000000e+00	
   4.2900000000000000e+00	   2.5125608527076793e-06	   5.0000000000000000e+00	
   4.2999999999999998e+00	   2.5170743782609861e-06	   5.0000000000000000e+00	
   4.3100000000000005e+00	   2.5326391757118927e-06	   5.0000000000000000e+00	
   4.3200000000000003e+00	   2.5659221707385882e-06	   5.0000000000000000e+00	
   4.3300000000000001e+00	   2.5858827346070257e-06	   5.0000000000000000e+00	
   4.3399999999999999e+00	   2.5924084301465200e-06	   5.0000000000000000e+00	
   4.3499999999999996e+00	   2.5855048555456506e-06	   5.0000000000000000e+00	
   4.3599999999999994e+00	   2.5652925286223649e-06	   5.0000000000000000e+00	
   4.3700000000000001e+00	   2.5824219687109462e-06	   5.0000000000000000e+00	
   4.3799999999999999e+00	   2.5927573732431597e-06	   5.0000000000000000e+00	
   4.3900000000000006e+00	   2.5900239304377237e-06	   5.0000000000000000e+00	
   4.4000000000000004e+00	   2.5743630791552619e-06	   5.0000000000000000e+00	
   4.4100000000000001e+00	   2.5460204859939495e-06	   5.0000000000000000e+00	
   4.4199999999999999e+00	   2.5239170460267246e-06	   5.0000000000000000e+00	
   4.4299999999999997e+00	   2.5264907792532654e-06	   5.0000000000000000e+00	
   4.4399999999999995e+00	   2.5165429082818491e-06	   5.0000000000000000e+00	
   4.4499999999999993e+00	   2.4943283545297845e-06	   5.0000000000000000e+00	
   4.4600000000000000e+00	   2.4601955379566220e-06	   5.0000000000000000e+00	
   4.4699999999999998e+00	   2.4145810870734863e-06	   5.0000000000000000e+00	
   4.4800000000000004e+00	   2.3990278412711064e-06	   5.0000000000000000e+00	
   4.4900000000000002e+00	   2.3835140376959885e-06	   5.0000000000000000e+00	
   4.5099999999999998e+00	   2.3184960493694007e-06	   5.0000000000000000e+00	
   4.5199999999999996e+00	   2.2699302348883066e-06	   5.0000000000000000e+00	
   4.5299999999999994e+00	   2.2223243805186144e-06	   5.0000000000000000e+00	
   4.5400000000000000e+00	   2.2025384689428051e-06	   5.0000000000000000e+00	
   4.5499999999999998e+00	   2.1721781227057591e-06	   5.0000000000000000e+00	
   4.5600000000000005e+00	   2.1317375304974462e-06	   5.0000000000000000e+00	
   4.5700000000000003e+00	   2.0817772812264934e-06	   5.0000000000000000e+00	
   4.5800000000000001e+00	   2.0229180073272346e-06	   5.0000000000000000e+00	
   4.5899999999999999e+00	   1.9849573726915537e-06	   5.0000000000000000e+00	
   4.5999999999999996e+00	   1.9522909253666398e-06	   5.0000000000000000e+00	
   4.6099999999999994e+00	   1.9105713073841457e-06	   5.0000000000000000e+00	
   4.6200000000000001e+00	   1.8603956082330342e-06	   5.0000000000000000e+00	
   4.6299999999999999e+00	   1.8024106092084935e-06	   5.0000000000000000e+00	
   4.6400000000000006e+00	   1.7415886999216923e-06	   5.0000000000000000e+00	
   4.6500000000000004e+00	   1.7073998410666036e-06	   5.0000000000000000e+00	
   4.6600000000000001e+00	   1.6652268755024124e-06	   5.0000000000000000e+00	
   4.6699999999999999e+00	   1.6156890456642259e-06	   5.0000000000000000e+00	
   4.6799999999999997e+00	   1.5594454580991624e-06	   5.0000000000000000e+00	
   4.6899999999999995e+00	   1.4971885811121410e-06	   5.0000000000000000e+00	
   4.6999999999999993e+00	   1.4412067459446121e-06	   6.0000000000000000e+00	
   4.7100000000000000e+00	   1.3931448306081506e-06	   6.0000000000000000e+00	
   4.7199999999999998e+00	   1.3393086337742943e-06	   6.0000000000000000e+00	
   4.7300000000000004e+00	   1.2804238780361743e-06	   6.0000000000000000e+00	
   4.7400000000000002e+00	   1.2172277399358222e-06	   6.0000000000000000e+00	
   4.7500000000000000e+00	   1.1504623627089927e-06	   6.0000000000000000e+00	
   4.7599999999999998e+00	   1.1051188897326369e-06	   6.0000000000000000e+00	
   4.7699999999999996e+00	   1.0551633149447071e-06	   6.0000000000000000e+00	
   4.7799999999999994e+00	   1.0012819346982837e-06	   6.0000000000000000e+00	
   4.7900000000000000e+00	   9.4416481477566094e-07	   6.0000000000000000e+00	
   4.7999999999999998e+00	   8.8449990798267208e-07	   6.0000000000000000e+00	
   4.8100000000000005e+00	   8.3111415083436668e-07	   6.0000000000000000e+00	
   4.8200000000000003e+00	   7.8503104017357828e-07	   6.0000000000000000e+00	
   4.8300000000000001e+00	   7.3606562800421216e-07	   6.0000000000000000e+00	
   4.8399999999999999e+00	   6.8485609716617546e-07	   6.0000000000000000e+00	
   4.8499999999999996e+00	   6.3203255873389708e-07	   6.0000000000000000e+00	
   4.8599999999999994e+00	   5.7821200893926061e-07	   6.0000000000000000e+00	
   4.8700000000000001e+00	   5.3442769853973005e-07	   6.0000000000000000e+00	
   4.8799999999999999e+00	   4.9014069780639602e-07	   6.0000000000000000e+00	
   4.8900000000000006e+00	   4.4451251479671328e-07	   6.0000000000000000e+00	
   4.9000000000000004e+00	   3.9811347907203753e-07	   6.0000000000000000e+00	
   4.9100000000000001e+00	   3.5149647370502635e-07	   6.0000000000000000e+00	
   4.9199999999999999e+00	   3.0745566537149216e-07	   6.0000000000000000e+00	
   4.9299999999999997e+00	   2.6751490445064974e-07	   6.0000000000000000e+00	
   4.9399999999999995e+00	   2.2704403690454456e-07	   6.0000000000000000e+00	
   4.9499999999999993e+00	   1.8655308409165627e-07	   6.0000000000000000e+00	
   4.9600000000000000e+00	   1.4653122448748945e-07	   6.0000000000000000e+00	
   4.9699999999999998e+00	   1.0744325074085737e-07	   6.0000000000000000e+00	
   4.9800000000000004e+00	   7.0939456975338544e-08	   6.0000000000000000e+00	
   4.9900000000000002e+00	   3.5150839572395398e-08	   6.0000000000000000e+00	
   5.0000000000000000e+00	   8.8817841970012523e-16	   1.0000000000000000e+00	
   5.0099999999999998e+00	   6.0144973446085714e-09	   6.0000000000000000e+00	
   5.0199999999999996e+00	   1.1768956476032599e-08	   6.0000000000000000e+00	
   5.0299999999999994e+00	   1.7282665965012711e-08	   6.0000000000000000e+00	
   5.0400000000000000e+00	   2.2852748138291190e-08	   6.0000000000000000e+00	
   5.0499999999999998e+00	   2.8208654079264761e-08	   6.0000000000000000e+00	
   5.0600000000000005e+00	   3.3285613376676793e-08	   6.0000000000000000e+00	
   5.0700000000000003e+00	   3.8023824089350455e-08	   6.0000000000000000e+00	
   5.0800000000000001e+00	   4.2368820452054479e-08	   6.0000000000000000e+00	
   5.0899999999999999e+00	   4.6960807686957651e-08	   6.0000000000000000e+00	
   5.0999999999999996e+00	   5.1548007640178639e-08	   7.0000000000000000e+00	
   5.1099999999999994e+00	   5.5596993675521844e-08	   7.0000000000000000e+00	
   5.1200000000000001e+00	   5.9217194703364839e-08	   7.0000000000000000e+00	
   5.1299999999999999e+00	   6.2369619691082789e-08	   7.0000000000000000e+00	
   5.1400000000000006e+00	   6.5181675168446418e-08	   7.0000000000000000e+00	
   5.1500000000000004e+00	   6.8822306076299355e-08	   7.0000000000000000e+00	
   5.1600000000000001e+00	   7.2033978781860242e-08	   7.0000000000000000e+00	
   5.1699999999999999e+00	   7.4782467329725932e-08	   7.0000000000000000e+00	
   5.1799999999999997e+00	   7.7039241652698820e-08	   7.0000000000000000e+00	
   5.1899999999999995e+00	   7.8781521750670436e-08	   7.0000000000000000e+00	
   5.1999999999999993e+00	   8.0983488359720468e-08	   7.0000000000000000e+00	
   5.2100000000000000e+00	   8.3498349567889818e-08	   7.0000000000000000e+00	
   5.2199999999999998e+00	   8.5529141991003144e-08	   7.0000000000000000e+00	
   5.2300000000000004e+00	   8.7056498010440464e-08	   7.0000000000000000e+00	
   5.2400000000000002e+00	   8.8066414605236787e-08	   7.0000000000000000e+00	
   5.2500000000000000e+00	   8.8550175192381175e-08	   7.0000000000000000e+00	
   5.2599999999999998e+00	   9.0489945314686793e-08	   7.0000000000000000e+00	
   5.2699999999999996e+00	   9.1936799506697753e-08	   7.0000000000000000e+00	
   5.2799999999999994e+00	   9.2879307800330935e-08	   7.0000000000000000e+00	
   5.2900000000000000e+00	   9.3310958071413097e-08	   7.0000000000000000e+00	
   5.2999999999999998e+00	   9.3230077879979945e-08	   7.0000000000000000e+00	
   5.3100000000000005e+00	   9.3556739244604614e-08	   7.0000000000000000e+00	
   5.3200000000000003e+00	   9.4533298522492260e-08	   7.0000000000000000e+00	
   5.3300000000000001e+00	   9.5013984235947646e-08	   7.0000000000000000e+00	
   5.3399999999999999e+00	   9.4998620525643673e-08	   7.0000000000000000e+00	
   5.3499999999999996e+00	   9.4491384494688191e-08	   7.0000000000000000e+00	
   5.3599999999999994e+00	   9.3500630349296898e-08	   7.0000000000000000e+00	
   5.3700000000000001e+00	   9.3871422635061208e-08	   7.0000000000000000e+00	
   5.3799999999999999e+00	   9.3992760241690121e-08	   7.0000000000000000e+00	
   5.3900000000000006e+00	   9.3639787479560255e-08	   7.0000000000000000e+00	
   5.4000000000000004e+00	   9.2821448305357990e-08	   7.0000000000000000e+00	
   5.4100000000000001e+00	   9.1550369063497783e-08	   7.0000000000000000e+00	
   5.4199999999999999e+00	   9.0508777361719694e-08	   7.0000000000000000e+00	
   5.4299999999999997e+00	   9.0354236093048712e-08	   7.0000000000000000e+00	
   5.4399999999999995e+00	   8.9752816734289809e-08	   7.0000000000000000e+00	
   5.4499999999999993e+00	   8.8717245105840448e-08	   7.0000000000000000e+00	
   5.4600000000000000e+00	   8.7263469339404764e-08	   7.0000000000000000e+00	
   5.4699999999999998e+00	   8.5410409411679211e-08	   7.0000000000000000e+00	
   5.4800000000000004e+00	   8.4626858409819761e-08	   7.0000000000000000e+00	
   5.4900000000000002e+00	   8.3847912613066455e-08	   7.0000000000000000e+00	
   5.5099999999999998e+00	   8.1110544947193830e-08	   7.0000000000000000e+00	
   5.5199999999999996e+00	   7.9191442736714635e-08	   7.0000000000000000e+00	
   5.5299999999999994e+00	   7.7315342572603640e-08	   7.0000000000000000e+00	
   5.5400000000000000e+00	   7.6413821048504360e-08	   7.0000000000000000e+00	
   5.5499999999999998e+00	   7.5150476064322902e-08	   7.0000000000000000e+00	
   5.5600000000000005e+00	   7.3545418644016536e-08	   7.0000000000000000e+00	
   5.5700000000000003e+00	   7.1620841701758309e-08	   7.0000000000000000e+00	
   5.5800000000000001e+00	   6.9400785562834244e-08	   7.0000000000000000e+00	
   5.5899999999999999e+00	   6.7907215850482316e-08	   7.0000000000000000e+00	
   5.5999999999999996e+00	   6.6601740122962383e-08	   7.0000000000000000e+00	
   5.6099999999999994e+00	   6.4994746473701070e-08	   7.0000000000000000e+00	
   5.6200000000000001e+00	   6.3109092174329362e-08	   7.0000000000000000e+00	
   5.6299999999999999e+00	   6.0969082227302351e-08	   7.0000000000000000e+00	
   5.6400000000000006e+00	   5.8744670461408077e-08	   7.0000000000000000e+00	
   5.6500000000000004e+00	   5.7427867794501708e-08	   7.0000000000000000e+00	
   5.6600000000000001e+00	   5.5849987745659746e-08	   7.0000000000000000e+00	
   5.6699999999999999e+00	   5.4034024365989808e-08	   7.0000000000000000e+00	
   5.6799999999999997e+00	   5.2004057060628384e-08	   7.0000000000000000e+00	
   5.6899999999999995e+00	   4.9785016997816456e-08	   7.0000000000000000e+00	
   5.6999999999999993e+00	   4.7989832552275402e-08	   7.0000000000000000e+00	
   5.7100000000000000e+00	   4.6461563485422630e-08	   7.0000000000000000e+00	
   5.7199999999999998e+00	   4.4734893123177244e-08	   7.0000000000000000e+00	
   5.7300000000000004e+00	   4.2833277369425105e-08	   7.0000000000000000e+00	
   5.7400000000000002e+00	   4.0780714805066509e-08	   7.0000000000000000e+00	
   5.7500000000000000e+00	   3.8601536189730723e-08	   7.0000000000000000e+00	
   5.7599999999999998e+00	   3.7135053254644390e-08	   7.0000000000000000e+00	
   5.7699999999999996e+00	   3.5508425533237187e-08	   7.0000000000000000e+00	
   5.7799999999999994e+00	   3.3744158578485894e-08	   7.0000000000000000e+00	
   5.7900000000000000e+00	   3.1865031502320562e-08	   7.0000000000000000e+00	
   5.7999999999999998e+00	   2.9893896247301655e-08	   7.0000000000000000e+00	
   5.8100000000000005e+00	   2.8129210960514683e-08	   7.0000000000000000e+00	
   5.8200000000000003e+00	   2.6606625347369572e-08	   7.0000000000000000e+00	
   5.8300000000000001e+00	   2.4981558155445782e-08	   7.0000000000000000e+00	
   5.8399999999999999e+00	   2.3275359417596064e-08	   7.0000000000000000e+00	
   5.8499999999999996e+00	   2.1509220182736044e-08	   7.0000000000000000e+00	
   5.8599999999999994e+00	   1.9704007314658156e-08	   7.0000000000000000e+00	
   5.8700000000000001e+00	   1.8236131715809734e-08	   7.0000000000000000e+00	
   5.8799999999999999e+00	   1.6746922959498534e-08	   7.0000000000000000e+00	
   5.8900000000000006e+00	   1.5207679560091947e-08	   7.0000000000000000e+00	
   5.9000000000000004e+00	   1.3637815321487778e-08	   7.0000000000000000e+00	
   5.9100000000000001e+00	   1.2056244003133543e-08	   7.0000000000000000e+00	
   5.9199999999999999e+00	   1.0558954599559911e-08	   7.0000000000000000e+00	
   5.9299999999999997e+00	   9.1987359951417602e-09	   7.0000000000000000e+00	
   5.9399999999999995e+00	   7.8167552430841170e-09	   7.0000000000000000e+00	
   5.9500000000000002e+00	   6.4305663016739345e-09	   7.0000000000000000e+00	
   5.9600000000000000e+00	   5.0571022924827957e-09	   7.0000000000000000e+00	
   5.9699999999999998e+00	   3.7125307272845021e-09	   7.0000000000000000e+00	
   5.9800000000000004e+00	   2.4541018106560841e-09	   7.0000000000000000e+00	
   5.9900000000000002e+00	   1.2174430352729360e-09	   7.0000000000000000e+00	
   6.0000000000000000e+00	   8.8817841970012523e-16	   1.0000000000000000e+00	
   6.0099999999999998e+00	   2.0217516549791981e-10	   8.0000000000000000e+00	
   6.0199999999999996e+00	   3.9478642577250866e-10	   8.0000000000000000e+00	
   6.0300000000000002e+00	   5.7853366541849027e-10	   8.0000000000000000e+00	
   6.0400000000000000e+00	   7.6339290444593644e-10	   8.0000000000000000e+00	
   6.0499999999999998e+00	   9.4033758557543479e-10	   8.0000000000000000e+00	
   6.0600000000000005e+00	   1.1072556205249384e-09	   8.0000000000000000e+00	
   6.0700000000000003e+00	   1.2622169975884390e-09	   8.0000000000000000e+00	
   6.0800000000000001e+00	   1.4034915452043606e-09	   8.0000000000000000e+00	
   6.0899999999999999e+00	   1.5523271557071894e-09	   8.0000000000000000e+00	
   6.0999999999999996e+00	   1.7009709196713629e-09	   8.0000000000000000e+00	
   6.1099999999999994e+00	   1.8373587096220945e-09	   8.0000000000000000e+00	
   6.1200000000000001e+00	   1.9599424305738467e-09	   8.0000000000000000e+00	
   6.1299999999999999e+00	   2.0673640577228980e-09	   8.0000000000000000e+00	
   6.1399999999999997e+00	   2.1637784897166057e-09	   8.0000000000000000e+00	
   6.1500000000000004e+00	   2.2879920180685076e-09	   8.0000000000000000e+00	
   6.1600000000000001e+00	   2.3982593688742782e-09	   8.0000000000000000e+00	
   6.1699999999999999e+00	   2.4933761721968040e-09	   8.0000000000000000e+00	
   6.1799999999999997e+00	   2.5723156937829117e-09	   8.0000000000000000e+00	
   6.1899999999999995e+00	   2.6342448222749226e-09	   8.0000000000000000e+00	
   6.2000000000000002e+00	   2.7117081913274887e-09	   8.0000000000000000e+00	
   6.2100000000000000e+00	   2.7998492413416898e-09	   8.0000000000000000e+00	
   6.2199999999999998e+00	   2.8719489009176868e-09	   8.0000000000000000e+00	
   6.2300000000000004e+00	   2.9272824164650046e-09	   8.0000000000000000e+00	
   6.2400000000000002e+00	   2.9653088873260458e-09	   8.0000000000000000e+00	
   6.2500000000000000e+00	   2.9856650485271530e-09	   8.0000000000000000e+00	
   6.2599999999999998e+00	   3.0551978724702167e-09	   8.0000000000000000e+00	
   6.2699999999999996e+00	   3.1082159068773763e-09	   8.0000000000000000e+00	
   6.2800000000000002e+00	   3.1442635162193255e-09	   8.0000000000000000e+00	
   6.2900000000000000e+00	   3.1630529306880817e-09	   8.0000000000000000e+00	
   6.2999999999999998e+00	   3.1644580289480473e-09	   8.0000000000000000e+00	
   6.3100000000000005e+00	   3.1796796307048680e-09	   8.0000000000000000e+00	
   6.3200000000000003e+00	   3.2170195396474810e-09	   8.0000000000000000e+00	
   6.3300000000000001e+00	   3.2375195857525796e-09	   8.0000000000000000e+00	
   6.3399999999999999e+00	   3.2411140438171060e-09	   8.0000000000000000e+00	
   6.3499999999999996e+00	   3.2278739681146362e-09	   8.0000000000000000e+00	
   6.3599999999999994e+00	   3.1980285086774529e-09	   8.0000000000000000e+00	
   6.3700000000000001e+00	   3.2146942885447061e-09	   8.0000000000000000e+00	
   6.3799999999999999e+00	   3.2228140156576046e-09	   8.0000000000000000e+00	
   6.3899999999999997e+00	   3.2146356687690059e-09	   8.0000000000000000e+00	
   6.4000000000000004e+00	   3.1904052733011667e-09	   8.0000000000000000e+00	
   6.4100000000000001e+00	   3.1504985287256204e-09	   8.0000000000000000e+00	
   6.4199999999999999e+00	   3.1183695625713881e-09	   8.0000000000000000e+00	
   6.4299999999999997e+00	   3.1167299852086217e-09	   8.0000000000000000e+00	
   6.4399999999999995e+00	   3.0996183397746790e-09	   8.0000000000000000e+00	
   6.4500000000000002e+00	   3.0674192075252904e-09	   8.0000000000000000e+00	
   6.4600000000000000e+00	   3.0206379619812651e-09	   8.0000000000000000e+00	
   6.4699999999999998e+00	   2.9598803408248386e-09	   8.0000000000000000e+00	
   6.4800000000000004e+00	   2.9360558428948025e-09	   8.0000000000000000e+00	
   6.4900000000000002e+00	   2.9123077283088605e-09	   8.0000000000000000e+00	
   6.5099999999999998e+00	   2.8235014326583041e-09	   8.0000000000000000e+00	
   6.5199999999999996e+00	   2.7597248930533169e-09	   8.0000000000000000e+00	
   6.5300000000000002e+00	   2.6972770683642011e-09	   8.0000000000000000e+00	
   6.5400000000000000e+00	   2.6687061449592875e-09	   8.0000000000000000e+00	
   6.5499999999999998e+00	   2.6273951903021953e-09	   8.0000000000000000e+00	
   6.5600000000000005e+00	   2.5740121145645389e-09	   8.0000000000000000e+00	
   6.5700000000000003e+00	   2.5092905531209908e-09	   8.0000000000000000e+00	
   6.5800000000000001e+00	   2.4340476301176750e-09	   8.0000000000000000e+00	
   6.5899999999999999e+00	   2.3841284502168492e-09	   8.0000000000000000e+00	
   6.5999999999999996e+00	   2.3406956373150933e-09	   8.0000000000000000e+00	
   6.6099999999999994e+00	   2.2865398463522979e-09	   8.0000000000000000e+00	
   6.6200000000000001e+00	   2.2224408979809596e-09	   8.0000000000000000e+00	
   6.6299999999999999e+00	   2.1492247981313994e-09	   8.0000000000000000e+00	
   6.6399999999999997e+00	   2.0728645466761009e-09	   8.0000000000000000e+00	
   6.6500000000000004e+00	   2.0283881241311974e-09	   8.0000000000000000e+00	
   6.6600000000000001e+00	   1.9745751700384062e-09	   8.0000000000000000e+00	
   6.6699999999999999e+00	   1.9122143868344210e-09	   8.0000000000000000e+00	
   6.6799999999999997e+00	   1.8421362213416614e-09	   8.0000000000000000e+00	
   6.6899999999999995e+00	   1.7652013184488169e-09	   8.0000000000000000e+00	
   6.7000000000000002e+00	   1.7031451804427888e-09	   8.0000000000000000e+00	
   6.7100000000000000e+00	   1.6504424493746228e-09	   8.0000000000000000e+00	
   6.7199999999999998e+00	   1.5905721184594768e-09	   8.0000000000000000e+00	
   6.7300000000000004e+00	   1.5243486473082157e-09	   8.0000000000000000e+00	
   6.7400000000000002e+00	   1.4526149172411351e-09	   8.0000000000000000e+00	
   6.7500000000000000e+00	   1.3762253558979864e-09	   8.0000000000000000e+00	
   6.7599999999999998e+00	   1.3251177932716018e-09	   8.0000000000000000e+00	
   6.7699999999999996e+00	   1.2681899974609223e-09	   8.0000000000000000e+00	
   6.7800000000000002e+00	   1.2062280063673825e-09	   8.0000000000000000e+00	
   6.7900000000000000e+00	   1.1400373978176503e-09	   8.0000000000000000e+00	
   6.7999999999999998e+00	   1.0704299668873318e-09	   8.0000000000000000e+00	
   6.8100000000000005e+00	   1.0080958290359376e-09	   8.0000000000000000e+00	
   6.8200000000000003e+00	   9.5432817204255116e-10	   8.0000000000000000e+00	
   6.8300000000000001e+00	   8.9678309223018005e-10	   8.0000000000000000e+00	
   6.8399999999999999e+00	   8.3622087032608761e-10	   8.0000000000000000e+00	
   6.8499999999999996e+00	   7.7339912252227805e-10	   8.0000000000000000e+00	
   6.8599999999999994e+00	   7.0906214233446008e-10	   8.0000000000000000e+00	
   6.8700000000000001e+00	   6.5676175609041820e-10	   8.0000000000000000e+00	
   6.8799999999999999e+00	   6.0360427767136571e-10	   8.0000000000000000e+00	
   6.8899999999999997e+00	   5.4855764375361105e-10	   8.0000000000000000e+00	
   6.9000000000000004e+00	   4.9231108079084152e-10	   8.0000000000000000e+00	
   6.9100000000000001e+00	   4.3555026252306561e-10	   8.0000000000000000e+00	
   6.9199999999999999e+00	   3.8174707839289113e-10	   8.0000000000000000e+00	
   6.9299999999999997e+00	   3.3281999378687033e-10	   8.0000000000000000e+00	
   6.9399999999999995e+00	   2.8303048793532071e-10	   8.0000000000000000e+00	
   6.9500000000000002e+00	   2.3301005569464905e-10	   8.0000000000000000e+00	
   6.9600000000000000e+00	   1.8337598106654696e-10	   8.0000000000000000e+00	
   6.9699999999999998e+00	   1.3471801452169530e-10	   8.0000000000000000e+00	
   6.9800000000000004e+00	   8.9118046275871166e-11	   8.0000000000000000e+00	
   6.9900000000000002e+00	   4.4240167085263238e-11	   8.0000000000000000e+00	
   7.0000000000000000e+00	   8.8817841970012523e-16	   1.0000000000000000e+00	
   7.0099999999999998e+00	   9.3569596515408193e-12	   8.0000000000000000e+00	
   7.0199999999999996e+00	   1.8330226225771185e-11	   8.0000000000000000e+00	
   7.0300000000000002e+00	   2.6948221432121500e-11	   8.0000000000000000e+00	
   7.0400000000000000e+00	   3.5678127119354031e-11	   8.0000000000000000e+00	
   7.0499999999999998e+00	   4.4096282181271818e-11	   8.0000000000000000e+00	
   7.0599999999999996e+00	   5.2096993385930546e-11	   8.0000000000000000e+00	
   7.0700000000000003e+00	   5.9582561107163201e-11	   8.0000000000000000e+00	
   7.0800000000000001e+00	   6.6471272930357372e-11	   8.0000000000000000e+00	
   7.0899999999999999e+00	   7.3762329577675700e-11	   8.0000000000000000e+00	
   7.0999999999999996e+00	   8.1093354253880534e-11	   8.0000000000000000e+00	
   7.1100000000000003e+00	   8.7881701915648591e-11	   8.0000000000000000e+00	
   7.1200000000000001e+00	   9.4051877397305361e-11	   8.0000000000000000e+00	
   7.1299999999999999e+00	   9.9531938246855134e-11	   8.0000000000000000e+00	
   7.1399999999999997e+00	   1.0451284282453344e-10	   8.0000000000000000e+00	
   7.1500000000000004e+00	   1.1087131213116663e-10	   8.0000000000000000e+00	
   7.1600000000000001e+00	   1.1659118115403544e-10	   8.0000000000000000e+00	
   7.1699999999999999e+00	   1.2160761286850175e-10	   8.0000000000000000e+00	
   7.1799999999999997e+00	   1.2586198749886535e-10	   8.0000000000000000e+00	
   7.1899999999999995e+00	   1.2930723158888213e-10	   8.0000000000000000e+00	
   7.2000000000000002e+00	   1.3353496086665473e-10	   8.0000000000000000e+00	
   7.2100000000000000e+00	   1.3831691347832020e-10	   8.0000000000000000e+00	
   7.2199999999999998e+00	   1.4233236811378447e-10	   8.0000000000000000e+00	
   7.2300000000000004e+00	   1.4553780403048222e-10	   8.0000000000000000e+00	
   7.2400000000000002e+00	   1.4789591773478605e-10	   8.0000000000000000e+00	
   7.2500000000000000e+00	   1.4938095205252466e-10	   8.0000000000000000e+00	
   7.2599999999999998e+00	   1.5334311598280692e-10	   8.0000000000000000e+00	
   7.2699999999999996e+00	   1.5649792572958177e-10	   8.0000000000000000e+00	
   7.2800000000000002e+00	   1.5880896597764149e-10	   8.0000000000000000e+00	
   7.2900000000000000e+00	   1.6025669680175270e-10	   8.0000000000000000e+00	
   7.2999999999999998e+00	   1.6083046006087898e-10	   8.0000000000000000e+00	
   7.3099999999999996e+00	   1.6211032516366686e-10	   8.0000000000000000e+00	
   7.3200000000000003e+00	   1.6452439410841180e-10	   8.0000000000000000e+00	
   7.3300000000000001e+00	   1.6608314723498552e-10	   8.0000000000000000e+00	
   7.3399999999999999e+00	   1.6678125547286982e-10	   8.0000000000000000e+00	
   7.3499999999999996e+00	   1.6661427792996619e-10	   8.0000000000000000e+00	
   7.3600000000000003e+00	   1.6558221460627465e-10	   8.0000000000000000e+00	
   7.3700000000000001e+00	   1.6695622662155074e-10	   8.0000000000000000e+00	
   7.3799999999999999e+00	   1.6789059031907527e-10	   8.0000000000000000e+00	
   7.3899999999999997e+00	   1.6797763180420588e-10	   8.0000000000000000e+00	
   7.4000000000000004e+00	   1.6721823925536228e-10	   8.0000000000000000e+00	
   7.4100000000000001e+00	   1.6562751170567935e-10	   8.0000000000000000e+00	
   7.4199999999999999e+00	   1.6443557626644179e-10	   8.0000000000000000e+00	
   7.4299999999999997e+00	   1.6484769105318264e-10	   8.0000000000000000e+00	
   7.4399999999999995e+00	   1.6443735262328119e-10	   8.0000000000000000e+00	
   7.4500000000000002e+00	   1.6321699547461321e-10	   8.0000000000000000e+00	
   7.4600000000000000e+00	   1.6121237678135003e-10	   8.0000000000000000e+00	
   7.4699999999999998e+00	   1.5844303646872504e-10	   8.0000000000000000e+00	
   7.4800000000000004e+00	   1.5763834682047673e-10	   8.0000000000000000e+00	
   7.4900000000000002e+00	   1.5682832810171021e-10	   8.0000000000000000e+00	
   7.5099999999999998e+00	   1.5295054112129947e-10	   8.0000000000000000e+00	
   7.5199999999999996e+00	   1.4993961627851604e-10	   8.0000000000000000e+00	
   7.5300000000000002e+00	   1.4697754124881612e-10	   8.0000000000000000e+00	
   7.5400000000000000e+00	   1.4584777829895756e-10	   8.0000000000000000e+00	
   7.5499999999999998e+00	   1.4401368986227681e-10	   8.0000000000000000e+00	
   7.5599999999999996e+00	   1.4150014493452545e-10	   8.0000000000000000e+00	
   7.5700000000000003e+00	   1.3834622336617031e-10	   8.0000000000000000e+00	
   7.5800000000000001e+00	   1.3458745229399938e-10	   8.0000000000000000e+00	
   7.5899999999999999e+00	   1.3221157502130154e-10	   8.0000000000000000e+00	
   7.5999999999999996e+00	   1.3018031097544736e-10	   8.0000000000000000e+00	
   7.6100000000000003e+00	   1.2753709199841978e-10	   8.0000000000000000e+00	
   7.6200000000000001e+00	   1.2431833340542653e-10	   8.0000000000000000e+00	
   7.6299999999999999e+00	   1.2056933229587230e-10	   8.0000000000000000e+00	
   7.6399999999999997e+00	   1.1662137922030524e-10	   8.0000000000000000e+00	
   7.6500000000000004e+00	   1.1444623027045964e-10	   8.0000000000000000e+00	
   7.6600000000000001e+00	   1.1172751612775755e-10	   8.0000000000000000e+00	
   7.6699999999999999e+00	   1.0850698117792490e-10	   8.0000000000000000e+00	
   7.6799999999999997e+00	   1.0482992252036638e-10	   8.0000000000000000e+00	
   7.6900000000000004e+00	   1.0073719636238820e-10	   8.0000000000000000e+00	
   7.7000000000000002e+00	   9.7469587956311443e-11	   8.0000000000000000e+00	
   7.7100000000000000e+00	   9.4718899390500155e-11	   8.0000000000000000e+00	
   7.7199999999999998e+00	   9.1542773361652507e-11	   8.0000000000000000e+00	
   7.7300000000000004e+00	   8.7977625184976205e-11	   8.0000000000000000e+00	
   7.7400000000000002e+00	   8.4073192851974454e-11	   8.0000000000000000e+00	
   7.7500000000000000e+00	   7.9873885283632262e-11	   8.0000000000000000e+00	
   7.7599999999999998e+00	   7.7124973074660375e-11	   8.0000000000000000e+00	
   7.7699999999999996e+00	   7.4018124962549336e-11	   8.0000000000000000e+00	
   7.7800000000000002e+00	   7.0595085333025054e-11	   8.0000000000000000e+00	
   7.7900000000000000e+00	   6.6906480356010434e-11	   8.0000000000000000e+00	
   7.7999999999999998e+00	   6.2995830774070782e-11	   8.0000000000000000e+00	
   7.8099999999999996e+00	   5.9491078729934088e-11	   8.0000000000000000e+00	
   7.8200000000000003e+00	   5.6472160281373363e-11	   8.0000000000000000e+00	
   7.8300000000000001e+00	   5.3212545481073903e-11	   8.0000000000000000e+00	
   7.8399999999999999e+00	   4.9755755071601016e-11	   8.0000000000000000e+00	
   7.8499999999999996e+00	   4.6146197973939707e-11	   8.0000000000000000e+00	
   7.8600000000000003e+00	   4.2421177681717381e-11	   8.0000000000000000e+00	
   7.8700000000000001e+00	   3.9397818341058155e-11	   8.0000000000000000e+00	
   7.8799999999999999e+00	   3.6309621975760820e-11	   8.0000000000000000e+00	
   7.8899999999999997e+00	   3.3088198847508465e-11	   8.0000000000000000e+00	
   7.9000000000000004e+00	   2.9774405163607298e-11	   8.0000000000000000e+00	
   7.9100000000000001e+00	   2.6412649845042324e-11	   8.0000000000000000e+00	
   7.9199999999999999e+00	   2.3212542998862773e-11	   8.0000000000000000e+00	
   7.9299999999999997e+00	   2.0293100533308461e-11	   8.0000000000000000e+00	
   7.9400000000000004e+00	   1.7303491972597840e-11	   8.0000000000000000e+00	
   7.9500000000000002e+00	   1.4282797167197714e-11	   8.0000000000000000e+00	
   7.9600000000000000e+00	   1.1270984145994589e-11	   8.0000000000000000e+00	
   7.9699999999999998e+00	   8.3026918673567707e-12	   8.0000000000000000e+00	
   7.9800000000000004e+00	   5.5075943805604766e-12	   8.0000000000000000e+00	
   7.9900000000000002e+00	   2.7426949600339867e-12	   8.0000000000000000e+00	
   8.0000000000000000e+00	   8.8817841970012523e-16	   1.0000000000000000e+00	
