   5.1000000000000001e-01	   3.3945403532423697e+00	   2.0000000000000000e+00	
   5.2000000000000002e-01	   3.1872228448498996e+00	   5.0000000000000000e+00	
   5.3000000000000003e-01	   3.3700247517148760e+00	   5.0000000000000000e+00	
   5.4000000000000004e-01	   3.3392466528423728e+00	   4.0000000000000000e+00	
   5.5000000000000004e-01	   2.1201138382506164e+00	   1.0000000000000000e+00	
   5.6000000000000005e-01	   2.1089694499661960e+00	   1.0000000000000000e+00	
   5.7000000000000006e-01	   1.8777128044186095e+00	   1.0000000000000000e+00	
   5.7999999999999996e-01	   1.6657560716638824e+00	   1.0000000000000000e+00	
   5.8999999999999997e-01	   1.7573175438731430e+00	   1.0000000000000000e+00	
   5.9999999999999998e-01	   1.9104465250073601e+00	   1.0000000000000000e+00	
   6.0999999999999999e-01	   2.0670994296605167e+00	   1.0000000000000000e+00	
   6.2000000000000000e-01	   1.8921271653495011e+00	   1.0000000000000000e+00	
   6.3000000000000000e-01	   1.6912788049177170e+00	   1.0000000000000000e+00	
   6.4000000000000001e-01	   1.5850062762060784e+00	   1.0000000000000000e+00	
   6.5000000000000002e-01	   1.7215120771766270e+00	   1.0000000000000000e+00	
   6.6000000000000003e-01	   1.8607026781949174e+00	   1.0000000000000000e+00	
   6.7000000000000004e-01	   1.8883262988127059e+00	   1.0000000000000000e+00	
   6.7999999999999994e-01	   1.6985811282068886e+00	   1.0000000000000000e+00	
   6.8999999999999995e-01	   1.5222621676550769e+00	   1.0000000000000000e+00	
   6.9999999999999996e-01	   1.5495058927165801e+00	   1.0000000000000000e+00	
   7.0999999999999996e-01	   1.6741527371010361e+00	   1.0000000000000000e+00	
   7.1999999999999997e-01	   1.8004604432766604e+00	   1.0000000000000000e+00	
   7.2999999999999998e-01	   1.6906957416198773e+00	   1.0000000000000000e+00	
   7.3999999999999999e-01	   1.5237236042847035e+00	   1.0000000000000000e+00	
   7.5000000000000000e-01	   1.3917955404878630e+00	   1.0000000000000000e+00	
   7.6000000000000001e-01	   1.5041117140995950e+00	   1.0000000000000000e+00	
   7.7000000000000002e-01	   1.6176252862010596e+00	   1.0000000000000000e+00	
   7.8000000000000003e-01	   1.6700944531186313e+00	   1.0000000000000000e+00	
   7.9000000000000004e-01	   1.5123775508477184e+00	   1.0000000000000000e+00	
   8.0000000000000004e-01	   1.3644352792205332e+00	   1.0000000000000000e+00	
   8.1000000000000005e-01	   1.3482043279344873e+00	   1.0000000000000000e+00	
   8.2000000000000006e-01	   1.4507245135300397e+00	   1.0000000000000000e+00	
   8.3000000000000007e-01	   1.5538084413384083e+00	   1.0000000000000000e+00	
   8.4000000000000008e-01	   1.4901596033879601e+00	   1.0000000000000000e+00	
   8.5000000000000009e-01	   1.3502576044153807e+00	   1.0000000000000000e+00	
   8.5999999999999999e-01	   1.2185319715396001e+00	   1.0000000000000000e+00	
   8.7000000000000000e-01	   1.2976413936251601e+00	   1.0000000000000000e+00	
   8.8000000000000000e-01	   1.3908827114054985e+00	   1.0000000000000000e+00	
   8.9000000000000001e-01	   1.4586940095364809e+00	   1.0000000000000000e+00	
   9.0000000000000002e-01	   1.3267161269966814e+00	   1.0000000000000000e+00	
   9.1000000000000003e-01	   1.2021111814172767e+00	   1.0000000000000000e+00	
   9.1999999999999993e-01	   1.1568003362616344e+00	   1.0000000000000000e+00	
   9.2999999999999994e-01	   1.2413760257415600e+00	   1.0000000000000000e+00	
   9.3999999999999995e-01	   1.3258419089431628e+00	   1.0000000000000000e+00	
   9.4999999999999996e-01	   1.2951310384877892e+00	   1.0000000000000000e+00	
   9.5999999999999996e-01	   1.1775718213498163e+00	   1.0000000000000000e+00	
   9.6999999999999997e-01	   1.0663063495059857e+00	   1.0000000000000000e+00	
   9.7999999999999998e-01	   1.1038664645291845e+00	   1.0000000000000000e+00	
   9.8999999999999999e-01	   1.1804667877796202e+00	   1.0000000000000000e+00	
   1.0000000000000000e+00	   1.2566370614279370e+00	   1.0000000000000000e+00	
   1.0100000000000000e+00	   3.8037743530129169e+00	   8.0000000000000000e+00	
   1.0200000000000000e+00	   3.8113729446178057e+00	   8.0000000000000000e+00	
   1.0300000000000000e+00	   3.8203462464957614e+00	   8.0000000000000000e+00	
   1.0400000000000000e+00	   3.8307741522879653e+00	   8.0000000000000000e+00	
   1.0500000000000000e+00	   3.8427479660739809e+00	   8.0000000000000000e+00	
   1.0600000000000001e+00	   3.8563714538484963e+00	   8.0000000000000000e+00	
   1.0700000000000001e+00	   3.8717620680122025e+00	   8.0000000000000000e+00	
   1.0800000000000001e+00	   3.8890523658485643e+00	   8.0000000000000000e+00	
   1.0899999999999999e+00	   3.9083916467480355e+00	   8.0000000000000000e+00	
   1.1000000000000001e+00	   3.9299478372302938e+00	   8.0000000000000000e+00	
   1.1099999999999999e+00	   3.9539096576854034e+00	   8.0000000000000000e+00	
   1.1200000000000001e+00	   3.9804891102920350e+00	   8.0000000000000000e+00	
   1.1299999999999999e+00	   4.0099243338623101e+00	   8.0000000000000000e+00	
   1.1400000000000001e+00	   4.0424828784916862e+00	   8.0000000000000000e+00	
   1.1499999999999999e+00	   4.0784654609327813e+00	   8.0000000000000000e+00	
   1.1600000000000001e+00	   4.1182102706132886e+00	   8.0000000000000000e+00	
   1.1699999999999999e+00	   4.1620979061892260e+00	   8.0000000000000000e+00	
   1.1800000000000002e+00	   4.2105570334021909e+00	   8.0000000000000000e+00	
   1.1899999999999999e+00	   4.2640708666156675e+00	   8.0000000000000000e+00	
   1.2000000000000002e+00	   4.3231845883816717e+00	   8.0000000000000000e+00	
   1.2100000000000000e+00	   4.3885138330989717e+00	   8.0000000000000000e+00	
   1.2200000000000000e+00	   4.4607543712112667e+00	   8.0000000000000000e+00	
   1.2300000000000000e+00	   8.0938382032876366e-01	   1.0000000000000000e+00	
   1.2400000000000000e+00	   7.3628441169209025e-01	   1.0000000000000000e+00	
   1.2500000000000000e+00	   6.8148867945780045e-01	   1.0000000000000000e+00	
   1.2600000000000000e+00	   7.0337476480260530e-01	   1.0000000000000000e+00	
   1.2700000000000000e+00	   7.4773596025256983e-01	   1.0000000000000000e+00	
   1.2800000000000000e+00	   7.6595059584654368e-01	   1.0000000000000000e+00	
   1.2900000000000000e+00	   6.9795608913286633e-01	   1.0000000000000000e+00	
   1.3000000000000000e+00	   6.3325329779439865e-01	   1.0000000000000000e+00	
   1.3100000000000001e+00	   6.2206347754220437e-01	   1.0000000000000000e+00	
   1.3200000000000001e+00	   6.4688851255714352e-01	   1.0000000000000000e+00	
   1.3300000000000001e+00	   6.8550377057090683e-01	   1.0000000000000000e+00	
   1.3399999999999999e+00	   6.5647266120082071e-01	   1.0000000000000000e+00	
   1.3500000000000001e+00	   5.9652082693748909e-01	   1.0000000000000000e+00	
   1.3599999999999999e+00	   5.7272821529566609e-01	   1.0000000000000000e+00	
   1.3700000000000001e+00	   5.6135541609913742e-01	   1.0000000000000000e+00	
   1.3799999999999999e+00	   5.8911043714095568e-01	   1.0000000000000000e+00	
   1.3900000000000001e+00	   6.1228810553406809e-01	   1.0000000000000000e+00	
   1.3999999999999999e+00	   5.5698848579613314e-01	   1.0000000000000000e+00	
   1.4100000000000001e+00	   5.2219186073583812e-01	   1.0000000000000000e+00	
   1.4199999999999999e+00	   5.1155359899567698e-01	   1.0000000000000000e+00	
   1.4300000000000002e+00	   5.0137210721261227e-01	   1.0000000000000000e+00	
   1.4399999999999999e+00	   5.3040986679498370e-01	   1.0000000000000000e+00	
   1.4500000000000002e+00	   5.1506277448784066e-01	   1.0000000000000000e+00	
   1.4600000000000000e+00	   4.7102264740453892e-01	   1.0000000000000000e+00	
   1.4700000000000000e+00	   4.6106646143184538e-01	   1.0000000000000000e+00	
   1.4800000000000000e+00	   4.2185142914283524e-01	   1.0000000000000000e+00	
   1.4900000000000000e+00	   4.4706432695844978e-01	   1.0000000000000000e+00	
   1.5100000000000000e+00	   4.2715814612859337e-01	   1.0000000000000000e+00	
   1.5200000000000000e+00	   3.8549798179943373e-01	   1.0000000000000000e+00	
   1.5300000000000000e+00	   3.9992384207849785e-02	   1.0000000000000000e+00	
   1.5400000000000000e+00	   3.9276906884092133e-02	   1.0000000000000000e+00	
   1.5500000000000000e+00	   3.8384227112374436e-02	   1.0000000000000000e+00	
   1.5600000000000001e+00	   3.7325917612702764e-02	   1.0000000000000000e+00	
   1.5700000000000001e+00	   3.6704725421459417e-02	   1.0000000000000000e+00	
   1.5800000000000001e+00	   3.6145129117340025e-02	   1.0000000000000000e+00	
   1.5900000000000001e+00	   3.5416381762186866e-02	   1.0000000000000000e+00	
   1.6000000000000001e+00	   3.4529451829420355e-02	   1.0000000000000000e+00	
   1.6100000000000001e+00	   3.3496223232406752e-02	   1.0000000000000000e+00	
   1.6200000000000001e+00	   3.2445023350100577e-02	   1.0000000000000000e+00	
   1.6300000000000001e+00	   3.1866686593485571e-02	   1.0000000000000000e+00	
   1.6400000000000001e+00	   3.1138180518059277e-02	   1.0000000000000000e+00	
   1.6500000000000001e+00	   3.0270735673906257e-02	   1.0000000000000000e+00	
   1.6599999999999999e+00	   2.9276320788488741e-02	   1.0000000000000000e+00	
   1.6699999999999999e+00	   2.8167515313775260e-02	   1.0000000000000000e+00	
   1.6799999999999999e+00	   2.7320055243683194e-02	   1.0000000000000000e+00	
   1.6899999999999999e+00	   2.6599606670756115e-02	   1.0000000000000000e+00	
   1.7000000000000000e+00	   2.5759438155134484e-02	   1.0000000000000000e+00	
   1.7100000000000000e+00	   2.4811419343182317e-02	   1.0000000000000000e+00	
   1.7200000000000000e+00	   2.3767875508708736e-02	   1.0000000000000000e+00	
   1.7300000000000000e+00	   2.2651113877239060e-02	   1.0000000000000000e+00	
   1.7400000000000000e+00	   2.1942176182759288e-02	   1.0000000000000000e+00	
   1.7500000000000000e+00	   2.1132477437731834e-02	   1.0000000000000000e+00	
   1.7600000000000000e+00	   2.0233640875556458e-02	   1.0000000000000000e+00	
   1.7700000000000000e+00	   1.9257605627278296e-02	   1.0000000000000000e+00	
   1.7800000000000000e+00	   1.8216514611035461e-02	   1.0000000000000000e+00	
   1.7900000000000000e+00	   1.7291229854574097e-02	   1.0000000000000000e+00	
   1.8000000000000000e+00	   1.6511817177568555e-02	   1.0000000000000000e+00	
   1.8100000000000001e+00	   1.5661385108875048e-02	   1.0000000000000000e+00	
   1.8200000000000001e+00	   1.4751384715112947e-02	   1.0000000000000000e+00	
   1.8300000000000001e+00	   1.3793354034092320e-02	   1.0000000000000000e+00	
   1.8400000000000001e+00	   1.2805848675594977e-02	   1.0000000000000000e+00	
   1.8500000000000001e+00	   1.2004206618930091e-02	   1.0000000000000000e+00	
   1.8600000000000001e+00	   1.1198934919437242e-02	   1.0000000000000000e+00	
   1.8700000000000001e+00	   1.0350882936486894e-02	   1.0000000000000000e+00	
   1.8800000000000001e+00	   9.4709205789302864e-03	   1.0000000000000000e+00	
   1.8900000000000001e+00	   8.5718741553701960e-03	   1.0000000000000000e+00	
   1.9000000000000001e+00	   7.7011587015136662e-03	   1.0000000000000000e+00	
   1.9099999999999999e+00	   6.9362929379175320e-03	   1.0000000000000000e+00	
   1.9199999999999999e+00	   6.1444606163685300e-03	   1.0000000000000000e+00	
   1.9299999999999999e+00	   5.3358199836108788e-03	   1.0000000000000000e+00	
   1.9399999999999999e+00	   4.5205929543981060e-03	   1.0000000000000000e+00	
   1.9500000000000000e+00	   3.7088069806798796e-03	   1.0000000000000000e+00	
   1.9600000000000000e+00	   2.9492351784876636e-03	   1.0000000000000000e+00	
   1.9700000000000000e+00	   2.2070818377917245e-03	   1.0000000000000000e+00	
   1.9800000000000000e+00	   1.4621059893757948e-03	   1.0000000000000000e+00	
   1.9900000000000000e+00	   7.2346769623732321e-04	   1.0000000000000000e+00	
   2.0000000000000000e+00	   6.6613381477509392e-16	   1.0000000000000000e+00	
   2.0099999999999998e+00	   7.0050544003263937e-04	   1.0000000000000000e+00	
   2.0200000000000000e+00	   1.3997916085084494e-03	   1.0000000000000000e+00	
   2.0300000000000002e+00	   2.0890584331181294e-03	   1.0000000000000000e+00	
   2.0400000000000000e+00	   2.7597623307376029e-03	   1.0000000000000000e+00	
   2.0499999999999998e+00	   3.4041757399481121e-03	   1.0000000000000000e+00	
   2.0600000000000001e+00	   4.0149351252583010e-03	   1.0000000000000000e+00	
   2.0700000000000003e+00	   4.6294576498637774e-03	   1.0000000000000000e+00	
   2.0800000000000001e+00	   5.2700892675865418e-03	   1.0000000000000000e+00	
   2.0899999999999999e+00	   5.8808230993638855e-03	   1.0000000000000000e+00	
   2.1000000000000001e+00	   6.4551308946569907e-03	   1.0000000000000000e+00	
   2.1100000000000003e+00	   6.9879941927357692e-03	   1.0000000000000000e+00	
   2.1200000000000001e+00	   7.4719058782988235e-03	   1.0000000000000000e+00	
   2.1299999999999999e+00	   8.0442521097472408e-03	   1.0000000000000000e+00	
   2.1400000000000001e+00	   8.6025843601333918e-03	   1.0000000000000000e+00	
   2.1500000000000004e+00	   9.1143120095851238e-03	   1.0000000000000000e+00	
   2.1600000000000001e+00	   9.5797396054015937e-03	   1.0000000000000000e+00	
   2.1699999999999999e+00	   9.9893444793073272e-03	   1.0000000000000000e+00	
   2.1799999999999997e+00	   1.0385757010231034e-02	   1.0000000000000000e+00	
   2.1899999999999999e+00	   1.0898618425797535e-02	   1.0000000000000000e+00	
   2.2000000000000002e+00	   1.1356350933697801e-02	   2.0000000000000000e+00	
   2.2100000000000000e+00	   1.1626668645939753e-02	   2.0000000000000000e+00	
   2.2199999999999998e+00	   1.1970362732470985e-02	   2.0000000000000000e+00	
   2.2300000000000000e+00	   1.2247410318337870e-02	   2.0000000000000000e+00	
   2.2400000000000002e+00	   1.2455204913224938e-02	   2.0000000000000000e+00	
   2.2500000000000000e+00	   1.2591838389038656e-02	   2.0000000000000000e+00	
   2.2599999999999998e+00	   1.2656095495192643e-02	   2.0000000000000000e+00	
   2.2700000000000000e+00	   1.2894084743408474e-02	   2.0000000000000000e+00	
   2.2800000000000002e+00	   1.3101735441352069e-02	   2.0000000000000000e+00	
   2.2900000000000000e+00	   1.3239959884412955e-02	   2.0000000000000000e+00	
   2.2999999999999998e+00	   1.3307739148441300e-02	   2.0000000000000000e+00	
   2.3100000000000001e+00	   1.3304691743724062e-02	   2.0000000000000000e+00	
   2.3200000000000003e+00	   1.3313248571133585e-02	   2.0000000000000000e+00	
   2.3300000000000001e+00	   1.3466432210988089e-02	   2.0000000000000000e+00	
   2.3399999999999999e+00	   1.3551000867677798e-02	   2.0000000000000000e+00	
   2.3500000000000001e+00	   1.3566691524787178e-02	   2.0000000000000000e+00	
   2.3600000000000003e+00	   1.3513824944790587e-02	   2.0000000000000000e+00	
   2.3700000000000001e+00	   1.3393287058531822e-02	   2.0000000000000000e+00	
   2.3799999999999999e+00	   1.3410743001613934e-02	   2.0000000000000000e+00	
   2.3900000000000001e+00	   1.3454015145162090e-02	   2.0000000000000000e+00	
   2.4000000000000004e+00	   1.3430744967956487e-02	   2.0000000000000000e+00	
   2.4100000000000001e+00	   1.3341838771833592e-02	   2.0000000000000000e+00	
   2.4199999999999999e+00	   1.3188713364524096e-02	   2.0000000000000000e+00	
   2.4299999999999997e+00	   1.3001508401573991e-02	   2.0000000000000000e+00	
   2.4399999999999999e+00	   1.3012787836488737e-02	   2.0000000000000000e+00	
   2.4500000000000002e+00	   1.2960539542574923e-02	   2.0000000000000000e+00	
   2.4600000000000000e+00	   1.2846152427834934e-02	   2.0000000000000000e+00	
   2.4699999999999998e+00	   1.2671473647004161e-02	   2.0000000000000000e+00	
   2.4800000000000000e+00	   1.2438781351115535e-02	   2.0000000000000000e+00	
   2.4900000000000002e+00	   1.2288506257322585e-02	   2.0000000000000000e+00	
   2.5100000000000002e+00	   2.1400506712858647e-03	   2.0000000000000000e+00	
   2.5200000000000000e+00	   2.1156774825414892e-03	   2.0000000000000000e+00	
   2.5300000000000002e+00	   2.0814271171525345e-03	   2.0000000000000000e+00	
   2.5400000000000000e+00	   2.0377772827058216e-03	   2.0000000000000000e+00	
   2.5499999999999998e+00	   1.9852664371895479e-03	   2.0000000000000000e+00	
   2.5600000000000001e+00	   1.9582216103628536e-03	   2.0000000000000000e+00	
   2.5699999999999998e+00	   1.9312550096501901e-03	   2.0000000000000000e+00	
   2.5800000000000001e+00	   1.8953056768065135e-03	   2.0000000000000000e+00	
   2.5899999999999999e+00	   1.8508917236961242e-03	   2.0000000000000000e+00	
   2.6000000000000001e+00	   1.7985828985882524e-03	   2.0000000000000000e+00	
   2.6099999999999999e+00	   1.7476679211554380e-03	   2.0000000000000000e+00	
   2.6200000000000001e+00	   1.7188890229302700e-03	   2.0000000000000000e+00	
   2.6299999999999999e+00	   1.6809672770312645e-03	   3.0000000000000000e+00	
   2.6400000000000001e+00	   1.6162076813155402e-03	   3.0000000000000000e+00	
   2.6499999999999999e+00	   1.5513552469308411e-03	   3.0000000000000000e+00	
   2.6600000000000001e+00	   1.5093785989164221e-03	   3.0000000000000000e+00	
   2.6699999999999999e+00	   1.4609856171763358e-03	   3.0000000000000000e+00	
   2.6800000000000002e+00	   1.4068549146240006e-03	   3.0000000000000000e+00	
   2.6899999999999999e+00	   1.3476813072978988e-03	   3.0000000000000000e+00	
   2.7000000000000002e+00	   1.2841696487211340e-03	   3.0000000000000000e+00	
   2.7100000000000000e+00	   1.2328487508638242e-03	   3.0000000000000000e+00	
   2.7200000000000002e+00	   1.1879811100811155e-03	   3.0000000000000000e+00	
   2.7300000000000000e+00	   1.1384480972936872e-03	   3.0000000000000000e+00	
   2.7400000000000002e+00	   1.0849017228747870e-03	   3.0000000000000000e+00	
   2.7500000000000000e+00	   1.0279974075954046e-03	   3.0000000000000000e+00	
   2.7600000000000002e+00	   9.6866591926436652e-04	   3.0000000000000000e+00	
   2.7700000000000000e+00	   9.2728232333960658e-04	   3.0000000000000000e+00	
   2.7800000000000002e+00	   8.8223224528494182e-04	   3.0000000000000000e+00	
   2.7900000000000000e+00	   8.3412098483470754e-04	   3.0000000000000000e+00	
   2.8000000000000003e+00	   7.8355169247001921e-04	   3.0000000000000000e+00	
   2.8100000000000001e+00	   7.3112056244573065e-04	   3.0000000000000000e+00	
   2.8199999999999998e+00	   6.8406436400447745e-04	   3.0000000000000000e+00	
   2.8300000000000001e+00	   6.4322915292791549e-04	   3.0000000000000000e+00	
   2.8399999999999999e+00	   6.0020525960480242e-04	   3.0000000000000000e+00	
   2.8500000000000001e+00	   5.5554225852594286e-04	   3.0000000000000000e+00	
   2.8599999999999999e+00	   5.0977870308654971e-04	   3.0000000000000000e+00	
   2.8700000000000001e+00	   4.6343811872429086e-04	   3.0000000000000000e+00	
   2.8799999999999999e+00	   4.2513890164519452e-04	   3.0000000000000000e+00	
   2.8900000000000001e+00	   3.8676168272067102e-04	   3.0000000000000000e+00	
   2.8999999999999999e+00	   3.4748289684438660e-04	   3.0000000000000000e+00	
   2.9100000000000001e+00	   3.0778416822130339e-04	   3.0000000000000000e+00	
   2.9199999999999999e+00	   2.6812935051490072e-04	   3.0000000000000000e+00	
   2.9300000000000002e+00	   2.3048408021097977e-04	   3.0000000000000000e+00	
   2.9399999999999999e+00	   1.9626934620009528e-04	   3.0000000000000000e+00	
   2.9500000000000002e+00	   1.6180936043963534e-04	   3.0000000000000000e+00	
   2.9600000000000000e+00	   1.2753039388635479e-04	   3.0000000000000000e+00	
   2.9700000000000002e+00	   9.3838857696537659e-05	   3.0000000000000000e+00	
   2.9800000000000000e+00	   6.1118588977171484e-05	   3.0000000000000000e+00	
   2.9900000000000002e+00	   3.0211342816111042e-05	   3.0000000000000000e+00	
   3.0000000000000000e+00	   1.4432899320127035e-15	   1.0000000000000000e+00	
   3.0100000000000002e+00	   2.9507629006442215e-05	   3.0000000000000000e+00	
   3.0200000000000000e+00	   5.7959834688148248e-05	   3.0000000000000000e+00	
   3.0300000000000002e+00	   8.5028416228594139e-05	   3.0000000000000000e+00	
   3.0400000000000000e+00	   1.1079596179008888e-04	   3.0000000000000000e+00	
   3.0500000000000003e+00	   1.3730553246715793e-04	   3.0000000000000000e+00	
   3.0600000000000001e+00	   1.6266473135417847e-04	   3.0000000000000000e+00	
   3.0699999999999998e+00	   1.8657313995662506e-04	   3.0000000000000000e+00	
   3.0800000000000001e+00	   2.0875457764280014e-04	   3.0000000000000000e+00	
   3.0899999999999999e+00	   2.2895869356398535e-04	   3.0000000000000000e+00	
   3.1000000000000001e+00	   2.5018431569012733e-04	   3.0000000000000000e+00	
   3.1099999999999999e+00	   2.7197029318704047e-04	   3.0000000000000000e+00	
   3.1200000000000001e+00	   2.9198024129528655e-04	   3.0000000000000000e+00	
   3.1299999999999999e+00	   3.0998618960542679e-04	   3.0000000000000000e+00	
   3.1400000000000001e+00	   3.2578586947784594e-04	   3.0000000000000000e+00	
   3.1499999999999999e+00	   3.3931476106263680e-04	   3.0000000000000000e+00	
   3.1600000000000001e+00	   3.5804223620838904e-04	   3.0000000000000000e+00	
   3.1699999999999999e+00	   3.7473530948584077e-04	   3.0000000000000000e+00	
   3.1800000000000002e+00	   3.8921032091976393e-04	   3.0000000000000000e+00	
   3.1899999999999999e+00	   4.0130888485578886e-04	   3.0000000000000000e+00	
   3.2000000000000002e+00	   4.1089854414066984e-04	   3.0000000000000000e+00	
   3.2100000000000000e+00	   4.2198568501305989e-04	   3.0000000000000000e+00	
   3.2200000000000002e+00	   4.3587126471289483e-04	   3.0000000000000000e+00	
   3.2300000000000000e+00	   4.4738397989629863e-04	   3.0000000000000000e+00	
   3.2400000000000002e+00	   4.5640517463463315e-04	   3.0000000000000000e+00	
   3.2500000000000000e+00	   4.6284115874384302e-04	   3.0000000000000000e+00	
   3.2600000000000002e+00	   4.6662336049074771e-04	   3.0000000000000000e+00	
   3.2700000000000000e+00	   4.7680711144415522e-04	   3.0000000000000000e+00	
   3.2800000000000002e+00	   4.8584635311266222e-04	   3.0000000000000000e+00	
   3.2900000000000000e+00	   4.9233016845773303e-04	   3.0000000000000000e+00	
   3.3000000000000003e+00	   4.9619941353851171e-04	   3.0000000000000000e+00	
   3.3100000000000001e+00	   4.9741868920427645e-04	   3.0000000000000000e+00	
   3.3199999999999998e+00	   4.9926072617489936e-04	   3.0000000000000000e+00	
   3.3300000000000001e+00	   5.0623557128437469e-04	   3.0000000000000000e+00	
   3.3399999999999999e+00	   5.1063805563966724e-04	   3.0000000000000000e+00	
   3.3500000000000001e+00	   5.1243955402080488e-04	   3.0000000000000000e+00	
   3.3599999999999999e+00	   5.1163370040141487e-04	   3.0000000000000000e+00	
   3.3700000000000001e+00	   5.0823592737048173e-04	   3.0000000000000000e+00	
   3.3799999999999999e+00	   5.1041090329206895e-04	   3.0000000000000000e+00	
   3.3900000000000001e+00	   5.1310715971863985e-04	   3.0000000000000000e+00	
   3.3999999999999999e+00	   5.1325476908870016e-04	   3.0000000000000000e+00	
   3.4100000000000001e+00	   5.1087251157477809e-04	   3.0000000000000000e+00	
   3.4199999999999999e+00	   5.0599924036065502e-04	   3.0000000000000000e+00	
   3.4300000000000002e+00	   5.0038105522554055e-04	   3.0000000000000000e+00	
   3.4399999999999999e+00	   5.0167068235551504e-04	   3.0000000000000000e+00	
   3.4500000000000002e+00	   5.0049842039734393e-04	   3.0000000000000000e+00	
   3.4600000000000000e+00	   4.9690457770057428e-04	   3.0000000000000000e+00	
   3.4700000000000002e+00	   4.9094777838409875e-04	   3.0000000000000000e+00	
   3.4800000000000000e+00	   4.8270407683514982e-04	   3.0000000000000000e+00	
   3.4900000000000002e+00	   4.7835338143631390e-04	   3.0000000000000000e+00	
   3.5100000000000002e+00	   8.0640655175434617e-05	   4.0000000000000000e+00	
   3.5200000000000000e+00	   7.8944148016235616e-05	   4.0000000000000000e+00	
   3.5300000000000002e+00	   7.6907147993798830e-05	   4.0000000000000000e+00	
   3.5400000000000000e+00	   7.5057608877715509e-05	   4.0000000000000000e+00	
   3.5500000000000003e+00	   7.4020900879823159e-05	   4.0000000000000000e+00	
   3.5600000000000001e+00	   7.2640488672615078e-05	   4.0000000000000000e+00	
   3.5700000000000003e+00	   7.0937562125950038e-05	   4.0000000000000000e+00	
   3.5800000000000001e+00	   6.8935143080262051e-05	   4.0000000000000000e+00	
   3.5899999999999999e+00	   6.6657837400008191e-05	   4.0000000000000000e+00	
   3.6000000000000001e+00	   6.5192304583128191e-05	   4.0000000000000000e+00	
   3.6099999999999999e+00	   6.3804074722506599e-05	   4.0000000000000000e+00	
   3.6200000000000001e+00	   6.2133737794622945e-05	   4.0000000000000000e+00	
   3.6299999999999999e+00	   6.0204527051910262e-05	   4.0000000000000000e+00	
   3.6400000000000001e+00	   5.8040890590582705e-05	   4.0000000000000000e+00	
   3.6499999999999999e+00	   5.5887104001728360e-05	   4.0000000000000000e+00	
   3.6600000000000001e+00	   5.4517197982884014e-05	   4.0000000000000000e+00	
   3.6699999999999999e+00	   5.2905144199311138e-05	   4.0000000000000000e+00	
   3.6800000000000002e+00	   5.1073934222989337e-05	   4.0000000000000000e+00	
   3.6899999999999999e+00	   4.9047444119931782e-05	   4.0000000000000000e+00	
   3.7000000000000002e+00	   4.6850209721949199e-05	   4.0000000000000000e+00	
   3.7100000000000000e+00	   4.5116006175183188e-05	   4.0000000000000000e+00	
   3.7200000000000002e+00	   4.3577409185480143e-05	   4.0000000000000000e+00	
   3.7300000000000000e+00	   4.1858006127215575e-05	   4.0000000000000000e+00	
   3.7400000000000002e+00	   3.9980772278180865e-05	   4.0000000000000000e+00	
   3.7500000000000000e+00	   3.7969065058596208e-05	   4.0000000000000000e+00	
   3.7600000000000002e+00	   3.5886108143312612e-05	   4.0000000000000000e+00	
   3.7700000000000000e+00	   3.4428128104391220e-05	   4.0000000000000000e+00	
   3.7800000000000002e+00	   3.2825916330914140e-05	   4.0000000000000000e+00	
   3.7900000000000000e+00	   3.1101293647362027e-05	   4.0000000000000000e+00	
   3.8000000000000003e+00	   2.9276220843810208e-05	   4.0000000000000000e+00	
   3.8100000000000001e+00	   2.7372611392073587e-05	   4.0000000000000000e+00	
   3.8200000000000003e+00	   2.5687076284031107e-05	   4.0000000000000000e+00	
   3.8300000000000001e+00	   2.4201275866664318e-05	   4.0000000000000000e+00	
   3.8399999999999999e+00	   2.2626172593520621e-05	   4.0000000000000000e+00	
   3.8500000000000001e+00	   2.0982175306327733e-05	   4.0000000000000000e+00	
   3.8599999999999999e+00	   1.9289454338489165e-05	   4.0000000000000000e+00	
   3.8700000000000001e+00	   1.7567779674543260e-05	   4.0000000000000000e+00	
   3.8799999999999999e+00	   1.6163199233920622e-05	   4.0000000000000000e+00	
   3.8900000000000001e+00	   1.4730071687507618e-05	   4.0000000000000000e+00	
   3.8999999999999999e+00	   1.3256963305785519e-05	   4.0000000000000000e+00	
   3.9100000000000001e+00	   1.1762230109901850e-05	   4.0000000000000000e+00	
   3.9199999999999999e+00	   1.0263685594313898e-05	   4.0000000000000000e+00	
   3.9300000000000002e+00	   8.8483209645939809e-06	   4.0000000000000000e+00	
   3.9399999999999999e+00	   7.5468561815394963e-06	   4.0000000000000000e+00	
   3.9500000000000002e+00	   6.2315503985832521e-06	   4.0000000000000000e+00	
   3.9600000000000000e+00	   4.9189169717411829e-06	   4.0000000000000000e+00	
   3.9700000000000002e+00	   3.6248117734061225e-06	   4.0000000000000000e+00	
   3.9800000000000000e+00	   2.3643173265863737e-06	   4.0000000000000000e+00	
   3.9900000000000002e+00	   1.1720622890010191e-06	   4.0000000000000000e+00	
   4.0000000000000000e+00	   1.7763568394002505e-15	   1.0000000000000000e+00	
   4.0099999999999998e+00	   1.1479438777328710e-06	   4.0000000000000000e+00	
   4.0199999999999996e+00	   2.2578395157957232e-06	   4.0000000000000000e+00	
   4.0300000000000002e+00	   3.3166031399023410e-06	   4.0000000000000000e+00	
   4.0400000000000000e+00	   4.3340477233755337e-06	   4.0000000000000000e+00	
   4.0500000000000007e+00	   5.3777571706881133e-06	   4.0000000000000000e+00	
   4.0600000000000005e+00	   6.3787639918988503e-06	   4.0000000000000000e+00	
   4.0700000000000003e+00	   7.3250062564422791e-06	   4.0000000000000000e+00	
   4.0800000000000001e+00	   8.2053198686704576e-06	   4.0000000000000000e+00	
   4.0899999999999999e+00	   9.0095105029774913e-06	   4.0000000000000000e+00	
   4.0999999999999996e+00	   9.8726988213559963e-06	   4.0000000000000000e+00	
   4.1099999999999994e+00	   1.0743945866309446e-05	   4.0000000000000000e+00	
   4.1200000000000001e+00	   1.1546469132373005e-05	   4.0000000000000000e+00	
   4.1299999999999999e+00	   1.2270927143287480e-05	   4.0000000000000000e+00	
   4.1400000000000006e+00	   1.2908965777214121e-05	   4.0000000000000000e+00	
   4.1500000000000004e+00	   1.3483182529583360e-05	   4.0000000000000000e+00	
   4.1600000000000001e+00	   1.4240597435488667e-05	   4.0000000000000000e+00	
   4.1699999999999999e+00	   1.4918009010322919e-05	   4.0000000000000000e+00	
   4.1799999999999997e+00	   1.5507788073243489e-05	   4.0000000000000000e+00	
   4.1899999999999995e+00	   1.6003294977418037e-05	   4.0000000000000000e+00	
   4.2000000000000002e+00	   1.6398912658477371e-05	   4.0000000000000000e+00	
   4.2100000000000000e+00	   1.6889041286161088e-05	   4.0000000000000000e+00	
   4.2200000000000006e+00	   1.7458131220782214e-05	   4.0000000000000000e+00	
   4.2300000000000004e+00	   1.7932475677384652e-05	   4.0000000000000000e+00	
   4.2400000000000002e+00	   1.8307016780405583e-05	   4.0000000000000000e+00	
   4.2500000000000000e+00	   1.8577695638288816e-05	   4.0000000000000000e+00	
   4.2599999999999998e+00	   1.8741464066551750e-05	   4.0000000000000000e+00	
   4.2699999999999996e+00	   1.9204666644512258e-05	   4.0000000000000000e+00	
   4.2799999999999994e+00	   1.9580565098098468e-05	   4.0000000000000000e+00	
   4.2900000000000000e+00	   1.9853309609740855e-05	   4.0000000000000000e+00	
   4.2999999999999998e+00	   2.0020252936236993e-05	   4.0000000000000000e+00	
   4.3100000000000005e+00	   2.0079714064702436e-05	   4.0000000000000000e+00	
   4.3200000000000003e+00	   2.0211346665854890e-05	   4.0000000000000000e+00	
   4.3300000000000001e+00	   2.0503373062696895e-05	   4.0000000000000000e+00	
   4.3399999999999999e+00	   2.0690917439836198e-05	   4.0000000000000000e+00	
   4.3499999999999996e+00	   2.0772598760876448e-05	   4.0000000000000000e+00	
   4.3599999999999994e+00	   2.0747950298050100e-05	   4.0000000000000000e+00	
   4.3700000000000001e+00	   2.0617404125733430e-05	   4.0000000000000000e+00	
   4.3799999999999999e+00	   2.0764727607813782e-05	   4.0000000000000000e+00	
   4.3900000000000006e+00	   2.0881059990429662e-05	   4.0000000000000000e+00	
   4.4000000000000004e+00	   2.0893175082692395e-05	   4.0000000000000000e+00	
   4.4100000000000001e+00	   2.0801672230064128e-05	   4.0000000000000000e+00	
   4.4199999999999999e+00	   2.0607984399623192e-05	   4.0000000000000000e+00	
   4.4299999999999997e+00	   2.0437839043596639e-05	   4.0000000000000000e+00	
   4.4399999999999995e+00	   2.0494418699890105e-05	   4.0000000000000000e+00	
   4.4499999999999993e+00	   2.0449955012047383e-05	   4.0000000000000000e+00	
   4.4600000000000000e+00	   2.0305971528911115e-05	   4.0000000000000000e+00	
   4.4699999999999998e+00	   1.9984522526828030e-05	   5.0000000000000000e+00	
   4.4800000000000004e+00	   1.9604125683247986e-05	   5.0000000000000000e+00	
   4.4900000000000002e+00	   1.9473087879084972e-05	   5.0000000000000000e+00	
   4.5099999999999998e+00	   3.0581198953161248e-06	   5.0000000000000000e+00	
   4.5199999999999996e+00	   2.9976856972258048e-06	   5.0000000000000000e+00	
   4.5299999999999994e+00	   2.9240748948833328e-06	   5.0000000000000000e+00	
   4.5400000000000000e+00	   2.8612388121018739e-06	   5.0000000000000000e+00	
   4.5499999999999998e+00	   2.8252425703367834e-06	   5.0000000000000000e+00	
   4.5600000000000005e+00	   2.7759672400762270e-06	   5.0000000000000000e+00	
   4.5700000000000003e+00	   2.7141726079982220e-06	   5.0000000000000000e+00	
   4.5800000000000001e+00	   2.6406942126300237e-06	   5.0000000000000000e+00	
   4.5899999999999999e+00	   2.5564342505113302e-06	   5.0000000000000000e+00	
   4.5999999999999996e+00	   2.5066872224588366e-06	   5.0000000000000000e+00	
   4.6099999999999994e+00	   2.4561022697877632e-06	   5.0000000000000000e+00	
   4.6200000000000001e+00	   2.3944835956246635e-06	   5.0000000000000000e+00	
   4.6299999999999999e+00	   2.3226896399552999e-06	   5.0000000000000000e+00	
   4.6400000000000006e+00	   2.2416312259743165e-06	   5.0000000000000000e+00	
   4.6500000000000004e+00	   2.1639630023440048e-06	   5.0000000000000000e+00	
   4.6600000000000001e+00	   2.1131321095158029e-06	   5.0000000000000000e+00	
   4.6699999999999999e+00	   2.0527629944755432e-06	   5.0000000000000000e+00	
   4.6799999999999997e+00	   1.9837183444781914e-06	   5.0000000000000000e+00	
   4.6899999999999995e+00	   1.9069002326066453e-06	   5.0000000000000000e+00	
   4.6999999999999993e+00	   1.8232414353835935e-06	   5.0000000000000000e+00	
   4.7100000000000000e+00	   1.7601778333764528e-06	   5.0000000000000000e+00	
   4.7199999999999998e+00	   1.7017553314291334e-06	   5.0000000000000000e+00	
   4.7300000000000004e+00	   1.6361262235031759e-06	   5.0000000000000000e+00	
   4.7400000000000002e+00	   1.5641694780521576e-06	   5.0000000000000000e+00	
   4.7500000000000000e+00	   1.4867835195220280e-06	   5.0000000000000000e+00	
   4.7599999999999998e+00	   1.4087292424802556e-06	   5.0000000000000000e+00	
   4.7699999999999996e+00	   1.3526545931119571e-06	   5.0000000000000000e+00	
   4.7799999999999994e+00	   1.2907918279791986e-06	   5.0000000000000000e+00	
   4.7900000000000000e+00	   1.2239852437145871e-06	   5.0000000000000000e+00	
   4.7999999999999998e+00	   1.1530885827282233e-06	   5.0000000000000000e+00	
   4.8100000000000005e+00	   1.0789575107805760e-06	   5.0000000000000000e+00	
   4.8200000000000003e+00	   1.0150172609080244e-06	   5.0000000000000000e+00	
   4.8300000000000001e+00	   9.5703227032117866e-07	   5.0000000000000000e+00	
   4.8399999999999999e+00	   8.9541069225873571e-07	   5.0000000000000000e+00	
   4.8499999999999996e+00	   8.3095369785013418e-07	   5.0000000000000000e+00	
   4.8599999999999994e+00	   7.6445623609089353e-07	   5.0000000000000000e+00	
   4.8700000000000001e+00	   6.9673185532082016e-07	   5.0000000000000000e+00	
   4.8799999999999999e+00	   6.4256443721433243e-07	   5.0000000000000000e+00	
   4.8900000000000006e+00	   5.8597884633471153e-07	   5.0000000000000000e+00	
   4.9000000000000004e+00	   5.2664027783144718e-07	   6.0000000000000000e+00	
   4.9100000000000001e+00	   4.6500325812104393e-07	   6.0000000000000000e+00	
   4.9199999999999999e+00	   4.0378785537420470e-07	   6.0000000000000000e+00	
   4.9299999999999997e+00	   3.4991821373786536e-07	   6.0000000000000000e+00	
   4.9399999999999995e+00	   2.9699819803497007e-07	   6.0000000000000000e+00	
   4.9499999999999993e+00	   2.4404451881565592e-07	   6.0000000000000000e+00	
   4.9600000000000000e+00	   1.9170107523613922e-07	   6.0000000000000000e+00	
   4.9699999999999998e+00	   1.4057668562550418e-07	   6.0000000000000000e+00	
   4.9800000000000004e+00	   9.1753514785963830e-08	   6.0000000000000000e+00	
   4.9900000000000002e+00	   4.5467994258530098e-08	   6.0000000000000000e+00	
   5.0000000000000000e+00	   1.9984014443252818e-15	   1.0000000000000000e+00	
   5.0099999999999998e+00	   4.4096758466949382e-08	   6.0000000000000000e+00	
   5.0199999999999996e+00	   8.6305548929743736e-08	   6.0000000000000000e+00	
   5.0299999999999994e+00	   1.2614977906721947e-07	   6.0000000000000000e+00	
   5.0400000000000000e+00	   1.6571560124134521e-07	   6.0000000000000000e+00	
   5.0499999999999998e+00	   2.0460389515974953e-07	   6.0000000000000000e+00	
   5.0600000000000005e+00	   2.4148826116565658e-07	   6.0000000000000000e+00	
   5.0700000000000003e+00	   2.7593813345383467e-07	   6.0000000000000000e+00	
   5.0800000000000001e+00	   3.0756335944737145e-07	   6.0000000000000000e+00	
   5.0899999999999999e+00	   3.3698899626344314e-07	   6.0000000000000000e+00	
   5.0999999999999996e+00	   3.7015749043689539e-07	   6.0000000000000000e+00	
   5.1099999999999994e+00	   4.0081137653302790e-07	   6.0000000000000000e+00	
   5.1200000000000001e+00	   4.2859974280773372e-07	   6.0000000000000000e+00	
   5.1299999999999999e+00	   4.5321170238921127e-07	   6.0000000000000000e+00	
   5.1400000000000006e+00	   4.7437780370529481e-07	   6.0000000000000000e+00	
   5.1500000000000004e+00	   4.9811236557673055e-07	   6.0000000000000000e+00	
   5.1600000000000001e+00	   5.2343769807450258e-07	   6.0000000000000000e+00	
   5.1699999999999999e+00	   5.4557440387625888e-07	   6.0000000000000000e+00	
   5.1799999999999997e+00	   5.6428345640568978e-07	   6.0000000000000000e+00	
   5.1899999999999995e+00	   5.7936574782146977e-07	   6.0000000000000000e+00	
   5.1999999999999993e+00	   5.9076934599833208e-07	   6.0000000000000000e+00	
   5.2100000000000000e+00	   6.1157085462504313e-07	   6.0000000000000000e+00	
   5.2199999999999998e+00	   6.2896035779580473e-07	   6.0000000000000000e+00	
   5.2300000000000004e+00	   6.4276323807899161e-07	   6.0000000000000000e+00	
   5.2400000000000002e+00	   6.5284288497391429e-07	   6.0000000000000000e+00	
   5.2500000000000000e+00	   6.5910077917674670e-07	   6.0000000000000000e+00	
   5.2599999999999998e+00	   6.6805432530347986e-07	   6.0000000000000000e+00	
   5.2699999999999996e+00	   6.8148654208677328e-07	   6.0000000000000000e+00	
   5.2799999999999994e+00	   6.9125686730231450e-07	   6.0000000000000000e+00	
   5.2900000000000000e+00	   6.9728359441967314e-07	   6.0000000000000000e+00	
   5.2999999999999998e+00	   6.9952050429922252e-07	   6.0000000000000000e+00	
   5.3100000000000005e+00	   6.9795624946245027e-07	   6.0000000000000000e+00	
   5.3200000000000003e+00	   7.0634037840910935e-07	   6.0000000000000000e+00	
   5.3300000000000001e+00	   7.1282636637803876e-07	   6.0000000000000000e+00	
   5.3399999999999999e+00	   7.1561593895097531e-07	   6.0000000000000000e+00	
   5.3499999999999996e+00	   7.1470774276605198e-07	   6.0000000000000000e+00	
   5.3599999999999994e+00	   7.1013226521365880e-07	   6.0000000000000000e+00	
   5.3700000000000001e+00	   7.0700957088831728e-07	   6.0000000000000000e+00	
   5.3799999999999999e+00	   7.1083741759458974e-07	   6.0000000000000000e+00	
   5.3900000000000006e+00	   7.1107499510780769e-07	   6.0000000000000000e+00	
   5.4000000000000004e+00	   7.0775882754503527e-07	   6.0000000000000000e+00	
   5.4100000000000001e+00	   7.0095415116711024e-07	   6.0000000000000000e+00	
   5.4199999999999999e+00	   6.9075366937454419e-07	   6.0000000000000000e+00	
   5.4299999999999997e+00	   6.8882158443805963e-07	   6.0000000000000000e+00	
   5.4399999999999995e+00	   6.8706939648777166e-07	   6.0000000000000000e+00	
   5.4499999999999993e+00	   6.8195136182502836e-07	   6.0000000000000000e+00	
   5.4600000000000000e+00	   6.7356105559746027e-07	   6.0000000000000000e+00	
   5.4699999999999998e+00	   6.6201625825712540e-07	   6.0000000000000000e+00	
   5.4800000000000004e+00	   6.5035454910322699e-07	   6.0000000000000000e+00	
   5.4900000000000002e+00	   6.4706270852532555e-07	   6.0000000000000000e+00	
   5.5099999999999998e+00	   1.1110265640823513e-07	   7.0000000000000000e+00	
   5.5199999999999996e+00	   1.0850388099115094e-07	   7.0000000000000000e+00	
   5.5299999999999994e+00	   1.0544544082335960e-07	   7.0000000000000000e+00	
   5.5400000000000000e+00	   1.0361890234733551e-07	   7.0000000000000000e+00	
   5.5499999999999998e+00	   1.0193379562650762e-07	   7.0000000000000000e+00	
   5.5600000000000005e+00	   9.9783310503198663e-08	   7.0000000000000000e+00	
   5.5700000000000003e+00	   9.7198751936034000e-08	   7.0000000000000000e+00	
   5.5800000000000001e+00	   9.4213833179424000e-08	   7.0000000000000000e+00	
   5.5899999999999999e+00	   9.1202304375315180e-08	   7.0000000000000000e+00	
   5.5999999999999996e+00	   8.9475408637795795e-08	   7.0000000000000000e+00	
   5.6099999999999994e+00	   8.7340789267642549e-08	   7.0000000000000000e+00	
   5.6200000000000001e+00	   8.4830292790272210e-08	   7.0000000000000000e+00	
   5.6299999999999999e+00	   8.1977578503256154e-08	   7.0000000000000000e+00	
   5.6400000000000006e+00	   7.8817786075546792e-08	   7.0000000000000000e+00	
   5.6500000000000004e+00	   7.6410026084161586e-08	   7.0000000000000000e+00	
   5.6600000000000001e+00	   7.4332477284499987e-08	   7.0000000000000000e+00	
   5.6699999999999999e+00	   7.1935997825178788e-08	   7.0000000000000000e+00	
   5.6799999999999997e+00	   6.9253548451442271e-08	   7.0000000000000000e+00	
   5.6899999999999995e+00	   6.6319093550148978e-08	   7.0000000000000000e+00	
   5.6999999999999993e+00	   6.3235783387405320e-08	   7.0000000000000000e+00	
   5.7100000000000000e+00	   6.1241336113404543e-08	   7.0000000000000000e+00	
   5.7199999999999998e+00	   5.8982890904779595e-08	   7.0000000000000000e+00	
   5.7300000000000004e+00	   5.6492169719923879e-08	   7.0000000000000000e+00	
   5.7400000000000002e+00	   5.3801524679819579e-08	   7.0000000000000000e+00	
   5.7500000000000000e+00	   5.0943602003528099e-08	   7.0000000000000000e+00	
   5.7599999999999998e+00	   4.8473839941998165e-08	   7.0000000000000000e+00	
   5.7699999999999996e+00	   4.6365086325828031e-08	   7.0000000000000000e+00	
   5.7799999999999994e+00	   4.4074684235617667e-08	   7.0000000000000000e+00	
   5.7900000000000000e+00	   4.1632982283879016e-08	   7.0000000000000000e+00	
   5.7999999999999998e+00	   3.9070308988087277e-08	   7.0000000000000000e+00	
   5.8100000000000005e+00	   3.6416722193344242e-08	   7.0000000000000000e+00	
   5.8200000000000003e+00	   3.4403873971911025e-08	   7.0000000000000000e+00	
   5.8300000000000001e+00	   3.2312747588747470e-08	   7.0000000000000000e+00	
   5.8399999999999999e+00	   3.0115156146592881e-08	   7.0000000000000000e+00	
   5.8499999999999996e+00	   2.7838930050094746e-08	   7.0000000000000000e+00	
   5.8599999999999994e+00	   2.5511349921458759e-08	   7.0000000000000000e+00	
   5.8700000000000001e+00	   2.3349876254741275e-08	   7.0000000000000000e+00	
   5.8799999999999999e+00	   2.1450211828977217e-08	   7.0000000000000000e+00	
   5.8900000000000006e+00	   1.9484891922161296e-08	   7.0000000000000000e+00	
   5.9000000000000004e+00	   1.7479103497919368e-08	   7.0000000000000000e+00	
   5.9100000000000001e+00	   1.5457296775878149e-08	   7.0000000000000000e+00	
   5.9199999999999999e+00	   1.3443012925051789e-08	   7.0000000000000000e+00	
   5.9299999999999997e+00	   1.1666593247028345e-08	   7.0000000000000000e+00	
   5.9399999999999995e+00	   9.9171588718860448e-09	   7.0000000000000000e+00	
   5.9500000000000002e+00	   8.1611550850624326e-09	   7.0000000000000000e+00	
   5.9600000000000000e+00	   6.4202161365045640e-09	   7.0000000000000000e+00	
   5.9699999999999998e+00	   4.7149193438400516e-09	   7.0000000000000000e+00	
   5.9800000000000004e+00	   3.0817983720510256e-09	   7.0000000000000000e+00	
   5.9900000000000002e+00	   1.5293741828514840e-09	   7.0000000000000000e+00	
   6.0000000000000000e+00	   2.2204460492503131e-15	   1.0000000000000000e+00	
   6.0099999999999998e+00	   1.4874683706977976e-09	   7.0000000000000000e+00	
   6.0199999999999996e+00	   2.9153217617761129e-09	   7.0000000000000000e+00	
   6.0300000000000002e+00	   4.2671151057049883e-09	   7.0000000000000000e+00	
   6.0400000000000000e+00	   5.6132407610931523e-09	   7.0000000000000000e+00	
   6.0499999999999998e+00	   6.9399386237734006e-09	   7.0000000000000000e+00	
   6.0600000000000005e+00	   8.2020539249327840e-09	   7.0000000000000000e+00	
   6.0700000000000003e+00	   9.3846317383849964e-09	   7.0000000000000000e+00	
   6.0800000000000001e+00	   1.0474002554161643e-08	   7.0000000000000000e+00	
   6.0899999999999999e+00	   1.1491665175000776e-08	   7.0000000000000000e+00	
   6.0999999999999996e+00	   1.2639131741210008e-08	   7.0000000000000000e+00	
   6.1099999999999994e+00	   1.3703389978303449e-08	   7.0000000000000000e+00	
   6.1200000000000001e+00	   1.4672068004983885e-08	   7.0000000000000000e+00	
   6.1299999999999999e+00	   1.5534091346580681e-08	   7.0000000000000000e+00	
   6.1399999999999997e+00	   1.6279775305605426e-08	   7.0000000000000000e+00	
   6.1500000000000004e+00	   1.7116882800038979e-08	   7.0000000000000000e+00	
   6.1600000000000001e+00	   1.8009123969875418e-08	   7.0000000000000000e+00	
   6.1699999999999999e+00	   1.8793432143837663e-08	   7.0000000000000000e+00	
   6.1799999999999997e+00	   1.9461131373077478e-08	   7.0000000000000000e+00	
   6.1899999999999995e+00	   2.0004892187230894e-08	   7.0000000000000000e+00	
   6.2000000000000002e+00	   2.0425028890436181e-08	   7.0000000000000000e+00	
   6.2100000000000000e+00	   2.1168757080580747e-08	   7.0000000000000000e+00	
   6.2199999999999998e+00	   2.1795660054557686e-08	   7.0000000000000000e+00	
   6.2300000000000004e+00	   2.2299247892654250e-08	   7.0000000000000000e+00	
   6.2400000000000002e+00	   2.2674334076988600e-08	   7.0000000000000000e+00	
   6.2500000000000000e+00	   2.2917041930803350e-08	   7.0000000000000000e+00	
   6.2599999999999998e+00	   2.3257635706208646e-08	   7.0000000000000000e+00	
   6.2699999999999996e+00	   2.3751085431733543e-08	   7.0000000000000000e+00	
   6.2800000000000002e+00	   2.4117515873278705e-08	   7.0000000000000000e+00	
   6.2900000000000000e+00	   2.4353630112550206e-08	   7.0000000000000000e+00	
   6.2999999999999998e+00	   2.4457397218569099e-08	   7.0000000000000000e+00	
   6.3100000000000005e+00	   2.4427995848341766e-08	   7.0000000000000000e+00	
   6.3200000000000003e+00	   2.4751832139457974e-08	   7.0000000000000000e+00	
   6.3300000000000001e+00	   2.5004530446182116e-08	   7.0000000000000000e+00	
   6.3399999999999999e+00	   2.5127614211584159e-08	   7.0000000000000000e+00	
   6.3499999999999996e+00	   2.5120630464670057e-08	   7.0000000000000000e+00	
   6.3599999999999994e+00	   2.4984261326466140e-08	   7.0000000000000000e+00	
   6.3700000000000001e+00	   2.4904390105717766e-08	   7.0000000000000000e+00	
   6.3799999999999999e+00	   2.5063281228199230e-08	   7.0000000000000000e+00	
   6.3899999999999997e+00	   2.5095448163980905e-08	   7.0000000000000000e+00	
   6.4000000000000004e+00	   2.5001805958879686e-08	   7.0000000000000000e+00	
   6.4100000000000001e+00	   2.4784303942482211e-08	   7.0000000000000000e+00	
   6.4199999999999999e+00	   2.4445882207402292e-08	   7.0000000000000000e+00	
   6.4299999999999997e+00	   2.4406214826910855e-08	   7.0000000000000000e+00	
   6.4399999999999995e+00	   2.4365884643273716e-08	   7.0000000000000000e+00	
   6.4500000000000002e+00	   2.4205694559853441e-08	   7.0000000000000000e+00	
   6.4600000000000000e+00	   2.3928664605321615e-08	   7.0000000000000000e+00	
   6.4699999999999998e+00	   2.3538678561862980e-08	   7.0000000000000000e+00	
   6.4800000000000004e+00	   2.3150783068359715e-08	   7.0000000000000000e+00	
   6.4900000000000002e+00	   2.3052921349631106e-08	   7.0000000000000000e+00	
   6.5099999999999998e+00	   3.7468610436519612e-09	   8.0000000000000000e+00	
   6.5199999999999996e+00	   3.6638752032303046e-09	   8.0000000000000000e+00	
   6.5300000000000002e+00	   3.5650917773466517e-09	   8.0000000000000000e+00	
   6.5400000000000000e+00	   3.5081115790092099e-09	   8.0000000000000000e+00	
   6.5499999999999998e+00	   3.4553562233696766e-09	   8.0000000000000000e+00	
   6.5600000000000005e+00	   3.3866316417885400e-09	   8.0000000000000000e+00	
   6.5700000000000003e+00	   3.3029472490397893e-09	   8.0000000000000000e+00	
   6.5800000000000001e+00	   3.2053975029810999e-09	   8.0000000000000000e+00	
   6.5899999999999999e+00	   3.1070932493548753e-09	   8.0000000000000000e+00	
   6.5999999999999996e+00	   3.0519156091202149e-09	   8.0000000000000000e+00	
   6.6099999999999994e+00	   2.9826334735361115e-09	   8.0000000000000000e+00	
   6.6200000000000001e+00	   2.9003104362601562e-09	   8.0000000000000000e+00	
   6.6299999999999999e+00	   2.8060438417298883e-09	   8.0000000000000000e+00	
   6.6399999999999997e+00	   2.7010029768348431e-09	   8.0000000000000000e+00	
   6.6500000000000004e+00	   2.6219217907907932e-09	   8.0000000000000000e+00	
   6.6600000000000001e+00	   2.5535398240350560e-09	   8.0000000000000000e+00	
   6.6699999999999999e+00	   2.4740074433537984e-09	   8.0000000000000000e+00	
   6.6799999999999997e+00	   2.3844248797644241e-09	   8.0000000000000000e+00	
   6.6899999999999995e+00	   2.2859274473319147e-09	   8.0000000000000000e+00	
   6.7000000000000002e+00	   2.1824478890763999e-09	   8.0000000000000000e+00	
   6.7100000000000000e+00	   2.1159251017976999e-09	   8.0000000000000000e+00	
   6.7199999999999998e+00	   2.0401106359813070e-09	   8.0000000000000000e+00	
   6.7300000000000004e+00	   1.9560605357682448e-09	   8.0000000000000000e+00	
   6.7400000000000002e+00	   1.8648835808932063e-09	   8.0000000000000000e+00	
   6.7500000000000000e+00	   1.7676818897527369e-09	   8.0000000000000000e+00	
   6.7599999999999998e+00	   1.6840965288977827e-09	   8.0000000000000000e+00	
   6.7699999999999996e+00	   1.6125120128052117e-09	   8.0000000000000000e+00	
   6.7800000000000002e+00	   1.5344362447322624e-09	   8.0000000000000000e+00	
   6.7900000000000000e+00	   1.4509052848055148e-09	   8.0000000000000000e+00	
   6.7999999999999998e+00	   1.3629756212552024e-09	   8.0000000000000000e+00	
   6.8100000000000005e+00	   1.2716788733158069e-09	   8.0000000000000000e+00	
   6.8200000000000003e+00	   1.2028675833164471e-09	   8.0000000000000000e+00	
   6.8300000000000001e+00	   1.1308673997234564e-09	   8.0000000000000000e+00	
   6.8399999999999999e+00	   1.0549920936853141e-09	   8.0000000000000000e+00	
   6.8499999999999996e+00	   9.7619645700319779e-10	   8.0000000000000000e+00	
   6.8599999999999994e+00	   8.9544438530708703e-10	   8.0000000000000000e+00	
   6.8700000000000001e+00	   8.2056073047453992e-10	   8.0000000000000000e+00	
   6.8799999999999999e+00	   7.5451200842735489e-10	   8.0000000000000000e+00	
   6.8899999999999997e+00	   6.8603256409005553e-10	   8.0000000000000000e+00	
   6.9000000000000004e+00	   6.1597793532541800e-10	   8.0000000000000000e+00	
   6.9100000000000001e+00	   5.4522941717038975e-10	   8.0000000000000000e+00	
   6.9199999999999999e+00	   4.7461101715384757e-10	   8.0000000000000000e+00	
   6.9299999999999997e+00	   4.1237968595453367e-10	   8.0000000000000000e+00	
   6.9399999999999995e+00	   3.5086000771400450e-10	   8.0000000000000000e+00	
   6.9500000000000002e+00	   2.8898639037322482e-10	   8.0000000000000000e+00	
   6.9600000000000000e+00	   2.2753998685232091e-10	   8.0000000000000000e+00	
   6.9699999999999998e+00	   1.6724954754465671e-10	   8.0000000000000000e+00	
   6.9800000000000004e+00	   1.0945311323951046e-10	   8.0000000000000000e+00	
   6.9900000000000002e+00	   5.4357407464067364e-11	   8.0000000000000000e+00	
   7.0000000000000000e+00	   1.3322676295501878e-15	   2.0000000000000000e+00	
   7.0099999999999998e+00	   5.2963411434348018e-11	   8.0000000000000000e+00	
   7.0199999999999996e+00	   1.0389111793074335e-10	   8.0000000000000000e+00	
   7.0300000000000002e+00	   1.5217804794076528e-10	   8.0000000000000000e+00	
   7.0400000000000000e+00	   2.0040746839811163e-10	   8.0000000000000000e+00	
   7.0499999999999998e+00	   2.4797097708528781e-10	   8.0000000000000000e+00	
   7.0599999999999996e+00	   2.9330338158217728e-10	   8.0000000000000000e+00	
   7.0700000000000003e+00	   3.3585845216066446e-10	   8.0000000000000000e+00	
   7.0800000000000001e+00	   3.7513259165677937e-10	   8.0000000000000000e+00	
   7.0899999999999999e+00	   4.1204128997662792e-10	   8.0000000000000000e+00	
   7.0999999999999996e+00	   4.5353165667449957e-10	   8.0000000000000000e+00	
   7.1100000000000003e+00	   4.9209858410392826e-10	   8.0000000000000000e+00	
   7.1200000000000001e+00	   5.2727311405931232e-10	   8.0000000000000000e+00	
   7.1299999999999999e+00	   5.5866755666045265e-10	   8.0000000000000000e+00	
   7.1399999999999997e+00	   5.8591220764014906e-10	   8.0000000000000000e+00	
   7.1500000000000004e+00	   6.1671379114613956e-10	   8.0000000000000000e+00	
   7.1600000000000001e+00	   6.4932415000384935e-10	   8.0000000000000000e+00	
   7.1699999999999999e+00	   6.7808691994741821e-10	   8.0000000000000000e+00	
   7.1799999999999997e+00	   7.0267192064932260e-10	   8.0000000000000000e+00	
   7.1899999999999995e+00	   7.2280759155773922e-10	   8.0000000000000000e+00	
   7.2000000000000002e+00	   7.3878503314972477e-10	   8.0000000000000000e+00	
   7.2100000000000000e+00	   7.6620121358672577e-10	   8.0000000000000000e+00	
   7.2199999999999998e+00	   7.8943240833240225e-10	   8.0000000000000000e+00	
   7.2300000000000004e+00	   8.0820772296874566e-10	   8.0000000000000000e+00	
   7.2400000000000002e+00	   8.2233819753696480e-10	   8.0000000000000000e+00	
   7.2500000000000000e+00	   8.3167939202155594e-10	   8.0000000000000000e+00	
   7.2599999999999998e+00	   8.4493356755643845e-10	   8.0000000000000000e+00	
   7.2699999999999996e+00	   8.6340901095383060e-10	   8.0000000000000000e+00	
   7.2800000000000002e+00	   8.7728091457961455e-10	   8.0000000000000000e+00	
   7.2900000000000000e+00	   8.8641438633629832e-10	   8.0000000000000000e+00	
   7.2999999999999998e+00	   8.9073559639274436e-10	   8.0000000000000000e+00	
   7.3099999999999996e+00	   8.9020446569776368e-10	   8.0000000000000000e+00	
   7.3200000000000003e+00	   9.0293994503554131e-10	   8.0000000000000000e+00	
   7.3300000000000001e+00	   9.1269747315436689e-10	   8.0000000000000000e+00	
   7.3399999999999999e+00	   9.1772411892065975e-10	   8.0000000000000000e+00	
   7.3499999999999996e+00	   9.1799901014155694e-10	   8.0000000000000000e+00	
   7.3600000000000003e+00	   9.1353391518111948e-10	   8.0000000000000000e+00	
   7.3700000000000001e+00	   9.1153817827205330e-10	   8.0000000000000000e+00	
   7.3799999999999999e+00	   9.1786178657571327e-10	   8.0000000000000000e+00	
   7.3899999999999997e+00	   9.1954843739472381e-10	   8.0000000000000000e+00	
   7.4000000000000004e+00	   9.1661478407445429e-10	   8.0000000000000000e+00	
   7.4100000000000001e+00	   9.0912011252441971e-10	   8.0000000000000000e+00	
   7.4199999999999999e+00	   8.9717300255642840e-10	   8.0000000000000000e+00	
   7.4299999999999997e+00	   8.9661855717793060e-10	   8.0000000000000000e+00	
   7.4399999999999995e+00	   8.9559426541541143e-10	   8.0000000000000000e+00	
   7.4500000000000002e+00	   8.9015439463935309e-10	   8.0000000000000000e+00	
   7.4600000000000000e+00	   8.8040263968025556e-10	   8.0000000000000000e+00	
   7.4699999999999998e+00	   8.6648799246802355e-10	   8.0000000000000000e+00	
   7.4800000000000004e+00	   8.5304896479954095e-10	   8.0000000000000000e+00	
   7.4900000000000002e+00	   8.4983864390153485e-10	   8.0000000000000000e+00	
   7.5099999999999998e+00	   1.8653878441909910e-10	   8.0000000000000000e+00	
   7.5199999999999996e+00	   1.8308532467870009e-10	   8.0000000000000000e+00	
   7.5300000000000002e+00	   1.7880719127560951e-10	   8.0000000000000000e+00	
   7.5400000000000000e+00	   1.7590351397700488e-10	   8.0000000000000000e+00	
   7.5499999999999998e+00	   1.7390089368518602e-10	   8.0000000000000000e+00	
   7.5599999999999996e+00	   1.7106493999108352e-10	   8.0000000000000000e+00	
   7.5700000000000003e+00	   1.6745338449197789e-10	   8.0000000000000000e+00	
   7.5800000000000001e+00	   1.6309709138795370e-10	   8.0000000000000000e+00	
   7.5899999999999999e+00	   1.5806533859574756e-10	   8.0000000000000000e+00	
   7.5999999999999996e+00	   1.5581735901548655e-10	   8.0000000000000000e+00	
   7.6100000000000003e+00	   1.5283485588213352e-10	   8.0000000000000000e+00	
   7.6200000000000001e+00	   1.4915224610945188e-10	   8.0000000000000000e+00	
   7.6299999999999999e+00	   1.4482726129472212e-10	   8.0000000000000000e+00	
   7.6399999999999997e+00	   1.3990542058195388e-10	   8.0000000000000000e+00	
   7.6500000000000004e+00	   1.3577938773323694e-10	   8.0000000000000000e+00	
   7.6600000000000001e+00	   1.3271028720396316e-10	   8.0000000000000000e+00	
   7.6699999999999999e+00	   1.2904144419678687e-10	   8.0000000000000000e+00	
   7.6799999999999997e+00	   1.2480927402691577e-10	   8.0000000000000000e+00	
   7.6900000000000004e+00	   1.2008372074490126e-10	   8.0000000000000000e+00	
   7.7000000000000002e+00	   1.1490697282567908e-10	   8.0000000000000000e+00	
   7.7100000000000000e+00	   1.1151335410630736e-10	   8.0000000000000000e+00	
   7.7199999999999998e+00	   1.0790246474101650e-10	   8.0000000000000000e+00	
   7.7300000000000004e+00	   1.0382472659387076e-10	   8.0000000000000000e+00	
   7.7400000000000002e+00	   9.9333652414657081e-11	   8.0000000000000000e+00	
   7.7500000000000000e+00	   9.4488306068285510e-11	   8.0000000000000000e+00	
   7.7599999999999998e+00	   8.9993013041578251e-11	   8.0000000000000000e+00	
   7.7699999999999996e+00	   8.6472273785886955e-11	   8.0000000000000000e+00	
   7.7800000000000002e+00	   8.2575390969452656e-11	   8.0000000000000000e+00	
   7.7900000000000000e+00	   7.8349438048519460e-11	   8.0000000000000000e+00	
   7.7999999999999998e+00	   7.3860140226145177e-11	   8.0000000000000000e+00	
   7.8099999999999996e+00	   6.9150130066475413e-11	   8.0000000000000000e+00	
   7.8200000000000003e+00	   6.5387917302928145e-11	   8.0000000000000000e+00	
   7.8300000000000001e+00	   6.1689764407901748e-11	   8.0000000000000000e+00	
   7.8399999999999999e+00	   5.7748916759692293e-11	   8.0000000000000000e+00	
   7.8499999999999996e+00	   5.3619331197296560e-11	   8.0000000000000000e+00	
   7.8600000000000003e+00	   4.9359405451809835e-11	   8.0000000000000000e+00	
   7.8700000000000001e+00	   4.5209835874970850e-11	   8.0000000000000000e+00	
   7.8799999999999999e+00	   4.1717296284105032e-11	   8.0000000000000000e+00	
   7.8899999999999997e+00	   3.8061997997829167e-11	   8.0000000000000000e+00	
   7.9000000000000004e+00	   3.4285685401869159e-11	   8.0000000000000000e+00	
   7.9100000000000001e+00	   3.0456526189936994e-11	   8.0000000000000000e+00	
   7.9199999999999999e+00	   2.6601831848438451e-11	   8.0000000000000000e+00	
   7.9299999999999997e+00	   2.3108404079152933e-11	   8.0000000000000000e+00	
   7.9400000000000004e+00	   1.9730217459823507e-11	   8.0000000000000000e+00	
   7.9500000000000002e+00	   1.6303625116620424e-11	   8.0000000000000000e+00	
   7.9600000000000000e+00	   1.2881473665515841e-11	   8.0000000000000000e+00	
   7.9699999999999998e+00	   9.5028429569765649e-12	   8.0000000000000000e+00	
   7.9800000000000004e+00	   6.2241323206535526e-12	   8.0000000000000000e+00	
   7.9900000000000002e+00	   3.0984104171238869e-12	   8.0000000000000000e+00	
   8.0000000000000000e+00	   2.8865798640254070e-15	   1.0000000000000000e+00	
