   5.1000000000000001e-01	   6.6719351873492956e+00	   1.0000000000000000e+00	
   5.2000000000000002e-01	   3.2402256043851647e+00	   6.0000000000000000e+00	
   5.3000000000000003e-01	   3.7978651771675653e-01	   1.0000000000000000e+00	
   5.4000000000000004e-01	   3.7878492147588849e-01	   1.0000000000000000e+00	
   5.5000000000000004e-01	   3.7822002750430417e-01	   1.0000000000000000e+00	
   5.6000000000000005e-01	   3.7589493662326912e-01	   1.0000000000000000e+00	
   5.7000000000000006e-01	   3.7036943704777658e-01	   1.0000000000000000e+00	
   5.7999999999999996e-01	   3.6443611260265452e-01	   1.0000000000000000e+00	
   5.8999999999999997e-01	   3.6234551690408945e-01	   1.0000000000000000e+00	
   5.9999999999999998e-01	   3.6274385858493319e-01	   1.0000000000000000e+00	
   6.0999999999999999e-01	   3.6345566533894180e-01	   1.0000000000000000e+00	
   6.2000000000000000e-01	   3.5809239942654347e-01	   1.0000000000000000e+00	
   6.3000000000000000e-01	   3.5154206718261882e-01	   1.0000000000000000e+00	
   6.4000000000000001e-01	   3.4548720148333656e-01	   1.0000000000000000e+00	
   6.5000000000000002e-01	   3.4662336622805623e-01	   1.0000000000000000e+00	
   6.6000000000000003e-01	   3.4798433976252197e-01	   1.0000000000000000e+00	
   6.7000000000000004e-01	   3.4682169865875601e-01	   1.0000000000000000e+00	
   6.7999999999999994e-01	   3.3979395384651667e-01	   1.0000000000000000e+00	
   6.8999999999999995e-01	   3.3256482791357689e-01	   1.0000000000000000e+00	
   6.9999999999999996e-01	   3.3015350032663793e-01	   1.0000000000000000e+00	
   7.0999999999999996e-01	   3.3200494093385713e-01	   1.0000000000000000e+00	
   7.1999999999999997e-01	   3.3400913196937887e-01	   1.0000000000000000e+00	
   7.2999999999999998e-01	   3.2881086331411191e-01	   1.0000000000000000e+00	
   7.3999999999999999e-01	   3.2128628376837687e-01	   1.0000000000000000e+00	
   7.5000000000000000e-01	   3.1363305000444608e-01	   1.0000000000000000e+00	
   7.6000000000000001e-01	   3.1575817992581057e-01	   1.0000000000000000e+00	
   7.7000000000000002e-01	   3.1807112809314619e-01	   1.0000000000000000e+00	
   7.8000000000000003e-01	   3.1831100749727292e-01	   1.0000000000000000e+00	
   7.9000000000000004e-01	   3.1057810046306311e-01	   1.0000000000000000e+00	
   8.0000000000000004e-01	   3.0276459461104210e-01	   1.0000000000000000e+00	
   8.1000000000000005e-01	   2.9942210923135781e-01	   1.0000000000000000e+00	
   8.2000000000000006e-01	   3.0194747429142632e-01	   1.0000000000000000e+00	
   8.3000000000000007e-01	   3.0452812751118929e-01	   1.0000000000000000e+00	
   8.4000000000000008e-01	   3.0021656157501808e-01	   1.0000000000000000e+00	
   8.5000000000000009e-01	   2.9230834178079967e-01	   1.0000000000000000e+00	
   8.5999999999999999e-01	   2.8436538660117083e-01	   1.0000000000000000e+00	
   8.7000000000000000e-01	   2.8578720464360385e-01	   1.0000000000000000e+00	
   8.8000000000000000e-01	   2.8846717813935308e-01	   1.0000000000000000e+00	
   8.9000000000000001e-01	   2.9002970749959034e-01	   1.0000000000000000e+00	
   9.0000000000000002e-01	   2.8208433279115863e-01	   1.0000000000000000e+00	
   9.1000000000000003e-01	   2.7413403245081258e-01	   1.0000000000000000e+00	
   9.1999999999999993e-01	   2.6970451051937006e-01	   1.0000000000000000e+00	
   9.2999999999999994e-01	   2.7242146593855998e-01	   1.0000000000000000e+00	
   9.3999999999999995e-01	   2.7513082525548826e-01	   1.0000000000000000e+00	
   9.4999999999999996e-01	   2.7195172696249514e-01	   1.0000000000000000e+00	
   9.5999999999999996e-01	   2.6403880493170395e-01	   1.0000000000000000e+00	
   9.6999999999999997e-01	   2.5615148897965101e-01	   1.0000000000000000e+00	
   9.7999999999999998e-01	   2.5648812692694545e-01	   1.0000000000000000e+00	
   9.8999999999999999e-01	   2.5916045533109977e-01	   1.0000000000000000e+00	
   1.0000000000000000e+00	   2.6179938779914935e-01	   1.0000000000000000e+00	
   1.0100000000000000e+00	   4.8277823749952056e+00	   8.0000000000000000e+00	
   1.0200000000000000e+00	   4.8505780943784078e+00	   8.0000000000000000e+00	
   1.0300000000000000e+00	   4.8731609694541511e+00	   8.0000000000000000e+00	
   1.0400000000000000e+00	   4.8955156601848167e+00	   8.0000000000000000e+00	
   1.0500000000000000e+00	   4.9176263745965940e+00	   8.0000000000000000e+00	
   1.0600000000000001e+00	   4.9394768031274676e+00	   8.0000000000000000e+00	
   1.0700000000000001e+00	   4.9610500517757217e+00	   8.0000000000000000e+00	
   1.0800000000000001e+00	   4.9823285736195366e+00	   8.0000000000000000e+00	
   1.0899999999999999e+00	   5.0032940983025753e+00	   8.0000000000000000e+00	
   1.1000000000000001e+00	   5.0239275591050818e+00	   8.0000000000000000e+00	
   1.1099999999999999e+00	   5.0442090172482938e+00	   8.0000000000000000e+00	
   1.1200000000000001e+00	   5.0641175831153422e+00	   8.0000000000000000e+00	
   1.1299999999999999e+00	   5.0836313341192012e+00	   8.0000000000000000e+00	
   1.1400000000000001e+00	   5.1020275108060451e+00	   7.0000000000000000e+00	
   1.1499999999999999e+00	   5.1196647125772063e+00	   7.0000000000000000e+00	
   1.1600000000000001e+00	   5.1358300498853531e+00	   6.0000000000000000e+00	
   1.1699999999999999e+00	   5.1513871544947687e+00	   6.0000000000000000e+00	
   1.1800000000000002e+00	   5.1664299125238866e+00	   6.0000000000000000e+00	
   1.1899999999999999e+00	   8.3915873627628579e-01	   1.0000000000000000e+00	
   1.2000000000000002e+00	   8.2499048167617639e-01	   1.0000000000000000e+00	
   1.2100000000000000e+00	   8.1093066747177778e-01	   1.0000000000000000e+00	
   1.2200000000000000e+00	   7.9697502427589795e-01	   1.0000000000000000e+00	
   1.2300000000000000e+00	   8.0349817719201899e-01	   1.0000000000000000e+00	
   1.2400000000000000e+00	   7.8946672985081878e-01	   1.0000000000000000e+00	
   1.2500000000000000e+00	   7.7554071802531011e-01	   1.0000000000000000e+00	
   1.2600000000000000e+00	   7.6171626182563468e-01	   1.0000000000000000e+00	
   1.2700000000000000e+00	   7.4798964842389226e-01	   1.0000000000000000e+00	
   1.2800000000000000e+00	   7.5322942392288861e-01	   1.0000000000000000e+00	
   1.2900000000000000e+00	   7.3943222491451899e-01	   1.0000000000000000e+00	
   1.3000000000000000e+00	   7.2573458609535801e-01	   1.0000000000000000e+00	
   1.3100000000000001e+00	   7.1213312545191110e-01	   1.0000000000000000e+00	
   1.3200000000000001e+00	   6.9862465267524143e-01	   1.0000000000000000e+00	
   1.3300000000000001e+00	   6.8520619410376093e-01	   1.0000000000000000e+00	
   1.3399999999999999e+00	   6.8909178328483334e-01	   1.0000000000000000e+00	
   1.3500000000000001e+00	   6.7561078701102240e-01	   1.0000000000000000e+00	
   1.3599999999999999e+00	   6.6222187755087192e-01	   1.0000000000000000e+00	
   1.3700000000000001e+00	   6.4892235850076108e-01	   1.0000000000000000e+00	
   1.3799999999999999e+00	   6.3570976343066565e-01	   1.0000000000000000e+00	
   1.3900000000000001e+00	   6.3847357092557566e-01	   1.0000000000000000e+00	
   1.3999999999999999e+00	   6.2519961448258554e-01	   1.0000000000000000e+00	
   1.4100000000000001e+00	   6.1201475386999604e-01	   1.0000000000000000e+00	
   1.4199999999999999e+00	   5.9891676269945671e-01	   1.0000000000000000e+00	
   1.4300000000000002e+00	   5.8590365283774792e-01	   1.0000000000000000e+00	
   1.4399999999999999e+00	   5.7297368687198180e-01	   1.0000000000000000e+00	
   1.4500000000000002e+00	   5.7452371733775631e-01	   1.0000000000000000e+00	
   1.4600000000000000e+00	   5.6153634383688500e-01	   1.0000000000000000e+00	
   1.4700000000000000e+00	   5.4863424778845782e-01	   1.0000000000000000e+00	
   1.4800000000000000e+00	   5.3581589504463289e-01	   1.0000000000000000e+00	
   1.4900000000000000e+00	   5.2308000194696402e-01	   1.0000000000000000e+00	
   1.5100000000000000e+00	   7.8906590271821120e-04	   1.0000000000000000e+00	
   1.5200000000000000e+00	   7.8886087518326153e-04	   1.0000000000000000e+00	
   1.5300000000000000e+00	   7.8197760344844713e-04	   1.0000000000000000e+00	
   1.5400000000000000e+00	   7.6866670591180242e-04	   1.0000000000000000e+00	
   1.5500000000000000e+00	   7.6500227715292635e-04	   1.0000000000000000e+00	
   1.5600000000000001e+00	   7.6412089193700350e-04	   1.0000000000000000e+00	
   1.5700000000000001e+00	   7.5729810418978527e-04	   1.0000000000000000e+00	
   1.5800000000000001e+00	   7.4474839112192992e-04	   1.0000000000000000e+00	
   1.5900000000000001e+00	   7.2676262767890076e-04	   1.0000000000000000e+00	
   1.6000000000000001e+00	   7.2195692088561358e-04	   1.0000000000000000e+00	
   1.6100000000000001e+00	   7.1483877443778709e-04	   1.0000000000000000e+00	
   1.6200000000000001e+00	   7.0267838407156447e-04	   1.0000000000000000e+00	
   1.6300000000000001e+00	   6.8573386260428748e-04	   1.0000000000000000e+00	
   1.6400000000000001e+00	   6.6438408506641622e-04	   1.0000000000000000e+00	
   1.6500000000000001e+00	   6.5675902200323932e-04	   1.0000000000000000e+00	
   1.6599999999999999e+00	   6.4473468393799749e-04	   1.0000000000000000e+00	
   1.6699999999999999e+00	   6.2854685488211715e-04	   1.0000000000000000e+00	
   1.6799999999999999e+00	   6.0848556777370888e-04	   1.0000000000000000e+00	
   1.6899999999999999e+00	   5.8580873394942223e-04	   1.0000000000000000e+00	
   1.7000000000000000e+00	   5.7378068963642725e-04	   1.0000000000000000e+00	
   1.7100000000000000e+00	   5.5816281937759449e-04	   1.0000000000000000e+00	
   1.7200000000000000e+00	   5.3922498612801739e-04	   1.0000000000000000e+00	
   1.7300000000000000e+00	   5.1727797827783029e-04	   1.0000000000000000e+00	
   1.7400000000000000e+00	   4.9319674987069462e-04	   1.0000000000000000e+00	
   1.7500000000000000e+00	   4.7804898118908312e-04	   1.0000000000000000e+00	
   1.7600000000000000e+00	   4.6008908185868336e-04	   1.0000000000000000e+00	
   1.7700000000000000e+00	   4.3960899366668471e-04	   1.0000000000000000e+00	
   1.7800000000000000e+00	   4.1692945737015208e-04	   1.0000000000000000e+00	
   1.7900000000000000e+00	   3.9239390405332308e-04	   1.0000000000000000e+00	
   1.8000000000000000e+00	   3.7500021322078858e-04	   1.0000000000000000e+00	
   1.8100000000000001e+00	   3.5586895428019183e-04	   1.0000000000000000e+00	
   1.8200000000000001e+00	   3.3496879203243068e-04	   1.0000000000000000e+00	
   1.8300000000000001e+00	   3.1261995578257817e-04	   1.0000000000000000e+00	
   1.8400000000000001e+00	   2.8915485684399833e-04	   1.0000000000000000e+00	
   1.8500000000000001e+00	   2.7024667656716517e-04	   1.0000000000000000e+00	
   1.8600000000000001e+00	   2.5103224454081641e-04	   1.0000000000000000e+00	
   1.8700000000000001e+00	   2.3074910991827124e-04	   1.0000000000000000e+00	
   1.8800000000000001e+00	   2.0970692400146262e-04	   1.0000000000000000e+00	
   1.8900000000000001e+00	   1.8821807243352140e-04	   1.0000000000000000e+00	
   1.9000000000000001e+00	   1.6935673067219881e-04	   1.0000000000000000e+00	
   1.9099999999999999e+00	   1.5107596906549503e-04	   1.0000000000000000e+00	
   1.9199999999999999e+00	   1.3237416131595126e-04	   1.0000000000000000e+00	
   1.9299999999999999e+00	   1.1354079804126727e-04	   1.0000000000000000e+00	
   1.9399999999999999e+00	   9.4859600601626681e-05	   1.0000000000000000e+00	
   1.9500000000000000e+00	   7.7648858274104171e-05	   1.0000000000000000e+00	
   1.9600000000000000e+00	   6.1266302024964858e-05	   1.0000000000000000e+00	
   1.9700000000000000e+00	   4.5056969094625643e-05	   1.0000000000000000e+00	
   1.9800000000000000e+00	   2.9281179661500012e-05	   1.0000000000000000e+00	
   1.9900000000000000e+00	   1.4185792293397448e-05	   1.0000000000000000e+00	
   2.0000000000000000e+00	   5.5511151231257827e-16	   1.0000000000000000e+00	
   2.0099999999999998e+00	   1.3549750575547748e-05	   1.0000000000000000e+00	
   2.0200000000000000e+00	   2.6385816199625545e-05	   1.0000000000000000e+00	
   2.0300000000000002e+00	   3.8285401014137577e-05	   1.0000000000000000e+00	
   2.0400000000000000e+00	   4.9046191227031244e-05	   1.0000000000000000e+00	
   2.0499999999999998e+00	   5.9331608349255660e-05	   1.0000000000000000e+00	
   2.0600000000000001e+00	   6.9122423789091947e-05	   1.0000000000000000e+00	
   2.0700000000000003e+00	   7.7712908889027155e-05	   1.0000000000000000e+00	
   2.0800000000000001e+00	   8.4925410958613945e-05	   1.0000000000000000e+00	
   2.0899999999999999e+00	   9.0609245929962334e-05	   1.0000000000000000e+00	
   2.1000000000000001e+00	   9.6868798721283511e-05	   1.0000000000000000e+00	
   2.1100000000000003e+00	   1.0196645884752442e-04	   1.0000000000000000e+00	
   2.1200000000000001e+00	   1.0543050735045689e-04	   1.0000000000000000e+00	
   2.1299999999999999e+00	   1.0713523559002791e-04	   1.0000000000000000e+00	
   2.1400000000000001e+00	   1.0869741301555713e-04	   1.0000000000000000e+00	
   2.1500000000000004e+00	   1.1006250093203995e-04	   1.0000000000000000e+00	
   2.1600000000000001e+00	   1.0951681677462410e-04	   1.0000000000000000e+00	
   2.1699999999999999e+00	   1.0695670520699530e-04	   1.0000000000000000e+00	
   2.1799999999999997e+00	   1.0491783867827564e-04	   1.0000000000000000e+00	
   2.1899999999999999e+00	   1.0227616203950518e-04	   1.0000000000000000e+00	
   2.2000000000000002e+00	   9.7422528182455892e-05	   1.0000000000000000e+00	
   2.2100000000000000e+00	   9.1598648964019702e-05	   1.0000000000000000e+00	
   2.2199999999999998e+00	   8.7097215364151381e-05	   1.0000000000000000e+00	
   2.2300000000000000e+00	   8.0167908299566548e-05	   1.0000000000000000e+00	
   2.2400000000000002e+00	   7.2739765163198911e-05	   1.0000000000000000e+00	
   2.2500000000000000e+00	   6.6684563915231365e-05	   1.0000000000000000e+00	
   2.2599999999999998e+00	   5.7987870380804551e-05	   1.0000000000000000e+00	
   2.2700000000000000e+00	   5.1816817919547731e-05	   1.0000000000000000e+00	
   2.2800000000000002e+00	   6.0742601384999872e-05	   1.0000000000000000e+00	
   2.2900000000000000e+00	   7.9172304051633446e-05	   1.0000000000000000e+00	
   2.2999999999999998e+00	   9.8918980980799986e-05	   1.0000000000000000e+00	
   2.3100000000000001e+00	   1.1976189463469566e-04	   1.0000000000000000e+00	
   2.3200000000000003e+00	   1.4230325428710167e-04	   1.0000000000000000e+00	
   2.3300000000000001e+00	   1.5528683201204707e-04	   2.0000000000000000e+00	
   2.3399999999999999e+00	   1.5029661572740771e-04	   2.0000000000000000e+00	
   2.3500000000000001e+00	   1.4586817981632194e-04	   2.0000000000000000e+00	
   2.3600000000000003e+00	   1.4059138646049796e-04	   2.0000000000000000e+00	
   2.3700000000000001e+00	   1.3455282915653122e-04	   2.0000000000000000e+00	
   2.3799999999999999e+00	   1.2784577932811736e-04	   2.0000000000000000e+00	
   2.3900000000000001e+00	   1.2056887070621691e-04	   2.0000000000000000e+00	
   2.4000000000000004e+00	   1.1517656259751874e-04	   2.0000000000000000e+00	
   2.4100000000000001e+00	   1.0925124333960312e-04	   2.0000000000000000e+00	
   2.4199999999999999e+00	   1.0276222050142891e-04	   2.0000000000000000e+00	
   2.4299999999999997e+00	   9.5806802942188796e-05	   2.0000000000000000e+00	
   2.4399999999999999e+00	   8.8485214148725788e-05	   2.0000000000000000e+00	
   2.4500000000000002e+00	   8.1412380733780765e-05	   2.0000000000000000e+00	
   2.4600000000000000e+00	   7.5187359740880311e-05	   2.0000000000000000e+00	
   2.4699999999999998e+00	   6.8593315896703366e-05	   2.0000000000000000e+00	
   2.4800000000000000e+00	   6.1727769031905133e-05	   2.0000000000000000e+00	
   2.4900000000000002e+00	   5.4688926947710215e-05	   2.0000000000000000e+00	
   2.5100000000000002e+00	   3.4063480484070041e-06	   3.0000000000000000e+00	
   2.5200000000000000e+00	   3.5713354445965351e-06	   3.0000000000000000e+00	
   2.5300000000000002e+00	   3.7102284949908082e-06	   3.0000000000000000e+00	
   2.5400000000000000e+00	   3.8214452654505848e-06	   3.0000000000000000e+00	
   2.5499999999999998e+00	   3.3465107458496846e-06	   2.0000000000000000e+00	
   2.5600000000000001e+00	   2.8672200746981957e-06	   2.0000000000000000e+00	
   2.5699999999999998e+00	   2.7355241978277434e-06	   2.0000000000000000e+00	
   2.5800000000000001e+00	   2.9858356116463369e-06	   2.0000000000000000e+00	
   2.5899999999999999e+00	   3.4841805500729350e-06	   2.0000000000000000e+00	
   2.6000000000000001e+00	   4.0118188102677976e-06	   2.0000000000000000e+00	
   2.6099999999999999e+00	   4.2428380069292615e-06	   3.0000000000000000e+00	
   2.6200000000000001e+00	   4.2695428321692930e-06	   3.0000000000000000e+00	
   2.6299999999999999e+00	   4.3041979984614898e-06	   3.0000000000000000e+00	
   2.6400000000000001e+00	   4.3110578382687947e-06	   3.0000000000000000e+00	
   2.6499999999999999e+00	   4.2903691301887648e-06	   3.0000000000000000e+00	
   2.6600000000000001e+00	   4.2427102480147028e-06	   3.0000000000000000e+00	
   2.6699999999999999e+00	   4.1772862744426931e-06	   3.0000000000000000e+00	
   2.6800000000000002e+00	   4.1690024510376844e-06	   3.0000000000000000e+00	
   2.6899999999999999e+00	   4.1345768952982809e-06	   3.0000000000000000e+00	
   2.7000000000000002e+00	   4.0748124170431055e-06	   3.0000000000000000e+00	
   2.7100000000000000e+00	   3.9907976023823011e-06	   3.0000000000000000e+00	
   2.7200000000000002e+00	   3.8838860645373785e-06	   3.0000000000000000e+00	
   2.7300000000000000e+00	   3.8015630043908288e-06	   3.0000000000000000e+00	
   2.7400000000000002e+00	   3.7333326727839733e-06	   3.0000000000000000e+00	
   2.7500000000000000e+00	   3.6426965963620717e-06	   3.0000000000000000e+00	
   2.7600000000000002e+00	   3.5311424713135864e-06	   3.0000000000000000e+00	
   2.7700000000000000e+00	   3.4003709501462254e-06	   3.0000000000000000e+00	
   2.7800000000000002e+00	   3.2529633282596393e-06	   3.0000000000000000e+00	
   2.7900000000000000e+00	   3.1580301744771333e-06	   3.0000000000000000e+00	
   2.8000000000000003e+00	   3.0441435290295971e-06	   3.0000000000000000e+00	
   2.8100000000000001e+00	   2.9130840941693492e-06	   3.0000000000000000e+00	
   2.8199999999999998e+00	   2.7667933391040123e-06	   3.0000000000000000e+00	
   2.8300000000000001e+00	   2.5678528670081135e-06	   4.0000000000000000e+00	
   2.8399999999999999e+00	   2.2747888550611606e-06	   4.0000000000000000e+00	
   2.8500000000000001e+00	   2.0122249480003518e-06	   4.0000000000000000e+00	
   2.8599999999999999e+00	   1.7628575610384445e-06	   4.0000000000000000e+00	
   2.8700000000000001e+00	   1.5284514431890273e-06	   4.0000000000000000e+00	
   2.8799999999999999e+00	   1.3103350069432196e-06	   4.0000000000000000e+00	
   2.8900000000000001e+00	   1.1117420088968544e-06	   4.0000000000000000e+00	
   2.8999999999999999e+00	   9.4901262537305797e-07	   4.0000000000000000e+00	
   2.9100000000000001e+00	   7.9743748804261827e-07	   4.0000000000000000e+00	
   2.9199999999999999e+00	   6.5797203840922691e-07	   4.0000000000000000e+00	
   2.9300000000000002e+00	   5.3124992671627069e-07	   4.0000000000000000e+00	
   2.9399999999999999e+00	   4.1761160818332144e-07	   4.0000000000000000e+00	
   2.9500000000000002e+00	   3.2086238144213297e-07	   4.0000000000000000e+00	
   2.9600000000000000e+00	   2.3756462541602019e-07	   4.0000000000000000e+00	
   2.9700000000000002e+00	   1.6378084077839361e-07	   4.0000000000000000e+00	
   2.9800000000000000e+00	   9.9660170893578481e-08	   4.0000000000000000e+00	
   2.9900000000000002e+00	   4.5145894023157496e-08	   4.0000000000000000e+00	
   3.0000000000000000e+00	   8.8817841970012523e-16	   1.0000000000000000e+00	
   3.0100000000000002e+00	   3.6942452985577745e-08	   4.0000000000000000e+00	
   3.0200000000000000e+00	   6.6721252189871905e-08	   4.0000000000000000e+00	
   3.0300000000000002e+00	   8.9507717571102319e-08	   4.0000000000000000e+00	
   3.0400000000000000e+00	   1.0561044450074775e-07	   4.0000000000000000e+00	
   3.0500000000000003e+00	   1.1545480538277531e-07	   4.0000000000000000e+00	
   3.0600000000000001e+00	   1.2050801734275751e-07	   4.0000000000000000e+00	
   3.0699999999999998e+00	   1.2210074795682146e-07	   4.0000000000000000e+00	
   3.0800000000000001e+00	   1.1900122087737941e-07	   4.0000000000000000e+00	
   3.0899999999999999e+00	   1.1165935398516069e-07	   4.0000000000000000e+00	
   3.1000000000000001e+00	   1.0059233646053656e-07	   4.0000000000000000e+00	
   3.1099999999999999e+00	   8.6368401319703025e-08	   4.0000000000000000e+00	
   3.1200000000000001e+00	   7.0487317538336924e-08	   4.0000000000000000e+00	
   3.1299999999999999e+00	   5.2500676694933190e-08	   4.0000000000000000e+00	
   3.1400000000000001e+00	   3.2288046236672585e-08	   4.0000000000000000e+00	
   3.1499999999999999e+00	   1.0388530036209431e-08	   4.0000000000000000e+00	
   3.1600000000000001e+00	   1.6526924606630189e-08	   4.0000000000000000e+00	
   3.1699999999999999e+00	   4.0873102347127599e-08	   4.0000000000000000e+00	
   3.1800000000000002e+00	   6.6316838909230569e-08	   4.0000000000000000e+00	
   3.1899999999999999e+00	   9.2348798941266352e-08	   4.0000000000000000e+00	
   3.2000000000000002e+00	   1.1845700420565208e-07	   4.0000000000000000e+00	
   3.2100000000000000e+00	   1.4413667503987426e-07	   4.0000000000000000e+00	
   3.2200000000000002e+00	   1.6890079390652346e-07	   4.0000000000000000e+00	
   3.2300000000000000e+00	   1.9644753757042110e-07	   4.0000000000000000e+00	
   3.2400000000000002e+00	   2.2328817139705137e-07	   4.0000000000000000e+00	
   3.2500000000000000e+00	   2.4897053085837229e-07	   4.0000000000000000e+00	
   3.2600000000000002e+00	   2.7306636107837789e-07	   4.0000000000000000e+00	
   3.2700000000000000e+00	   2.9517775834708715e-07	   4.0000000000000000e+00	
   3.2800000000000002e+00	   3.1750900464366794e-07	   4.0000000000000000e+00	
   3.2900000000000000e+00	   3.4216357680527665e-07	   4.0000000000000000e+00	
   3.3000000000000003e+00	   3.6475347431341731e-07	   4.0000000000000000e+00	
   3.3100000000000001e+00	   3.8494041043612981e-07	   4.0000000000000000e+00	
   3.3199999999999998e+00	   4.0242485765951130e-07	   4.0000000000000000e+00	
   3.3300000000000001e+00	   4.1694952401805097e-07	   4.0000000000000000e+00	
   3.3399999999999999e+00	   4.3584575715183149e-07	   4.0000000000000000e+00	
   3.3500000000000001e+00	   4.5392658432064081e-07	   4.0000000000000000e+00	
   3.3599999999999999e+00	   4.6907901940507202e-07	   4.0000000000000000e+00	
   3.3700000000000001e+00	   4.8110207906404412e-07	   4.0000000000000000e+00	
   3.3799999999999999e+00	   4.8983919798128994e-07	   4.0000000000000000e+00	
   3.3900000000000001e+00	   4.9773599197777685e-07	   4.0000000000000000e+00	
   3.3999999999999999e+00	   5.1075825868718283e-07	   4.0000000000000000e+00	
   3.4100000000000001e+00	   5.2057275168326811e-07	   4.0000000000000000e+00	
   3.4199999999999999e+00	   5.2707161191101193e-07	   4.0000000000000000e+00	
   3.4300000000000002e+00	   5.3019050838543080e-07	   4.0000000000000000e+00	
   3.4399999999999999e+00	   5.2990831045374165e-07	   4.0000000000000000e+00	
   3.4500000000000002e+00	   5.3420526391345646e-07	   4.0000000000000000e+00	
   3.4600000000000000e+00	   5.3891956397489338e-07	   4.0000000000000000e+00	
   3.4700000000000002e+00	   5.4032788665558940e-07	   4.0000000000000000e+00	
   3.4800000000000000e+00	   5.3844652625478773e-07	   4.0000000000000000e+00	
   3.4900000000000002e+00	   5.3333079097495073e-07	   4.0000000000000000e+00	
   3.5100000000000002e+00	   1.1746830619330240e-08	   4.0000000000000000e+00	
   3.5200000000000000e+00	   1.4210846832618529e-08	   4.0000000000000000e+00	
   3.5300000000000002e+00	   1.4718646190736706e-08	   5.0000000000000000e+00	
   3.5400000000000000e+00	   1.3865814607605387e-08	   5.0000000000000000e+00	
   3.5500000000000003e+00	   1.2964819773308989e-08	   5.0000000000000000e+00	
   3.5600000000000001e+00	   1.2078099187462499e-08	   5.0000000000000000e+00	
   3.5700000000000003e+00	   1.1357420115487571e-08	   5.0000000000000000e+00	
   3.5800000000000001e+00	   1.0590757382189508e-08	   5.0000000000000000e+00	
   3.5899999999999999e+00	   9.7902745910261046e-09	   5.0000000000000000e+00	
   3.6000000000000001e+00	   8.9679492720762255e-09	   5.0000000000000000e+00	
   3.6099999999999999e+00	   8.1354227798868806e-09	   5.0000000000000000e+00	
   3.6200000000000001e+00	   7.3836812219951753e-09	   5.0000000000000000e+00	
   3.6299999999999999e+00	   6.6928271813537776e-09	   5.0000000000000000e+00	
   3.6400000000000001e+00	   5.9916707151330684e-09	   5.0000000000000000e+00	
   3.6499999999999999e+00	   5.2905280156778645e-09	   5.0000000000000000e+00	
   3.6600000000000001e+00	   4.5991113140075868e-09	   5.0000000000000000e+00	
   3.6699999999999999e+00	   3.9264231865843158e-09	   5.0000000000000000e+00	
   3.6800000000000002e+00	   3.3197291582354183e-09	   5.0000000000000000e+00	
   3.6899999999999999e+00	   2.7492161880360300e-09	   5.0000000000000000e+00	
   3.7000000000000002e+00	   2.1956785278831603e-09	   5.0000000000000000e+00	
   3.7100000000000000e+00	   1.6666279467614231e-09	   5.0000000000000000e+00	
   3.7200000000000002e+00	   1.1687213419264708e-09	   5.0000000000000000e+00	
   3.7300000000000000e+00	   7.0770522775376321e-10	   5.0000000000000000e+00	
   3.7400000000000002e+00	   3.0928370975402686e-10	   5.0000000000000000e+00	
   3.7500000000000000e+00	   4.2289216573010435e-10	   5.0000000000000000e+00	
   3.7600000000000002e+00	   7.6350370470379403e-10	   5.0000000000000000e+00	
   3.7700000000000000e+00	   1.0817424733744474e-09	   5.0000000000000000e+00	
   3.7800000000000002e+00	   1.3721199731975275e-09	   5.0000000000000000e+00	
   3.7900000000000000e+00	   1.6299699368005349e-09	   5.0000000000000000e+00	
   3.8000000000000003e+00	   1.8515013966435845e-09	   5.0000000000000000e+00	
   3.8100000000000001e+00	   2.0338160044985898e-09	   5.0000000000000000e+00	
   3.8200000000000003e+00	   2.1749293477313358e-09	   5.0000000000000000e+00	
   3.8300000000000001e+00	   2.2881301298127710e-09	   5.0000000000000000e+00	
   3.8399999999999999e+00	   2.3926804981755367e-09	   5.0000000000000000e+00	
   3.8500000000000001e+00	   2.4581159330239188e-09	   5.0000000000000000e+00	
   3.8599999999999999e+00	   2.4836985801357514e-09	   5.0000000000000000e+00	
   3.8700000000000001e+00	   2.4695416822595462e-09	   5.0000000000000000e+00	
   3.8799999999999999e+00	   2.4165920375907035e-09	   5.0000000000000000e+00	
   3.8900000000000001e+00	   2.3522561676259102e-09	   5.0000000000000000e+00	
   3.8999999999999999e+00	   2.2742125960206749e-09	   5.0000000000000000e+00	
   3.9100000000000001e+00	   2.1593593579893877e-09	   5.0000000000000000e+00	
   3.9199999999999999e+00	   1.9576049670178008e-09	   6.0000000000000000e+00	
   3.9300000000000002e+00	   1.5298575739564058e-09	   6.0000000000000000e+00	
   3.9399999999999999e+00	   1.1623435547392091e-09	   6.0000000000000000e+00	
   3.9500000000000002e+00	   8.6178719715945817e-10	   6.0000000000000000e+00	
   3.9600000000000000e+00	   6.1454452637832446e-10	   6.0000000000000000e+00	
   3.9700000000000002e+00	   4.0718661775684950e-10	   6.0000000000000000e+00	
   3.9800000000000000e+00	   2.3753654598834828e-10	   6.0000000000000000e+00	
   3.9900000000000002e+00	   1.0285428064804591e-10	   6.0000000000000000e+00	
   4.0000000000000000e+00	   8.8817841970012523e-16	   5.0000000000000000e+00	
   4.0099999999999998e+00	   7.6013528804708130e-11	   6.0000000000000000e+00	
   4.0199999999999996e+00	   1.2949941119444475e-10	   6.0000000000000000e+00	
   4.0300000000000002e+00	   1.6275547576327654e-10	   6.0000000000000000e+00	
   4.0400000000000000e+00	   1.7829837606342380e-10	   6.0000000000000000e+00	
   4.0500000000000007e+00	   1.7878110103453082e-10	   6.0000000000000000e+00	
   4.0600000000000005e+00	   1.6794854396096071e-10	   6.0000000000000000e+00	
   4.0700000000000003e+00	   1.4929590896883838e-10	   6.0000000000000000e+00	
   4.0800000000000001e+00	   1.2219070200103488e-10	   6.0000000000000000e+00	
   4.0899999999999999e+00	   8.8685947474687055e-11	   6.0000000000000000e+00	
   4.0999999999999996e+00	   5.0793591555020612e-11	   6.0000000000000000e+00	
   4.1099999999999994e+00	   1.0620282431261785e-11	   6.0000000000000000e+00	
   4.1200000000000001e+00	   3.9092173942378849e-11	   6.0000000000000000e+00	
   4.1299999999999999e+00	   8.2377438204161990e-11	   6.0000000000000000e+00	
   4.1400000000000006e+00	   1.2512701985656349e-10	   6.0000000000000000e+00	
   4.1500000000000004e+00	   1.6600143482037311e-10	   6.0000000000000000e+00	
   4.1600000000000001e+00	   2.0380908072326065e-10	   6.0000000000000000e+00	
   4.1699999999999999e+00	   2.4088531169752514e-10	   6.0000000000000000e+00	
   4.1799999999999997e+00	   2.7596680496344561e-10	   6.0000000000000000e+00	
   4.1899999999999995e+00	   3.0676028384135634e-10	   6.0000000000000000e+00	
   4.2000000000000002e+00	   3.3253944042854755e-10	   6.0000000000000000e+00	
   4.2100000000000000e+00	   3.5275893317532336e-10	   6.0000000000000000e+00	
   4.2200000000000006e+00	   3.6731162555980745e-10	   6.0000000000000000e+00	
   4.2300000000000004e+00	   3.8377478972506651e-10	   6.0000000000000000e+00	
   4.2400000000000002e+00	   3.9444003618882562e-10	   6.0000000000000000e+00	
   4.2500000000000000e+00	   3.9911751681387386e-10	   6.0000000000000000e+00	
   4.2599999999999998e+00	   3.9777470206558974e-10	   6.0000000000000000e+00	
   4.2699999999999996e+00	   3.9052960865149089e-10	   6.0000000000000000e+00	
   4.2799999999999994e+00	   3.8200675955835095e-10	   6.0000000000000000e+00	
   4.2900000000000000e+00	   3.7184300083481503e-10	   6.0000000000000000e+00	
   4.2999999999999998e+00	   3.5613711979465279e-10	   6.0000000000000000e+00	
   4.3100000000000005e+00	   3.3523783748989899e-10	   6.0000000000000000e+00	
   4.3200000000000003e+00	   3.0961444519306269e-10	   6.0000000000000000e+00	
   4.3300000000000001e+00	   2.8070246127498422e-10	   6.0000000000000000e+00	
   4.3399999999999999e+00	   2.5305624262728088e-10	   6.0000000000000000e+00	
   4.3499999999999996e+00	   2.2117641051977444e-10	   6.0000000000000000e+00	
   4.3599999999999994e+00	   1.8567081205844715e-10	   6.0000000000000000e+00	
   4.3700000000000001e+00	   1.4721401875306128e-10	   6.0000000000000000e+00	
   4.3799999999999999e+00	   1.0780965009615784e-10	   6.0000000000000000e+00	
   4.3900000000000006e+00	   6.7835292938411840e-11	   6.0000000000000000e+00	
   4.4000000000000004e+00	   2.7122859513895037e-11	   6.0000000000000000e+00	
   4.4100000000000001e+00	   4.0071501672400700e-11	   6.0000000000000000e+00	
   4.4199999999999999e+00	   8.3491880076280722e-11	   6.0000000000000000e+00	
   4.4299999999999997e+00	   1.2904832757953955e-10	   6.0000000000000000e+00	
   4.4399999999999995e+00	   1.7395240803352863e-10	   6.0000000000000000e+00	
   4.4499999999999993e+00	   2.1740920175261635e-10	   6.0000000000000000e+00	
   4.4600000000000000e+00	   2.6375823747315508e-10	   6.0000000000000000e+00	
   4.4699999999999998e+00	   3.1008340339866436e-10	   6.0000000000000000e+00	
   4.4800000000000004e+00	   3.5464442493804427e-10	   6.0000000000000000e+00	
   4.4900000000000002e+00	   3.9669745266479595e-10	   6.0000000000000000e+00	
   4.5099999999999998e+00	   4.4835135604159859e-11	   7.0000000000000000e+00	
   4.5199999999999996e+00	   4.5407566595656590e-11	   7.0000000000000000e+00	
   4.5299999999999994e+00	   4.5687342797862129e-11	   7.0000000000000000e+00	
   4.5400000000000000e+00	   4.5675352389196178e-11	   7.0000000000000000e+00	
   4.5499999999999998e+00	   4.5370263102029185e-11	   7.0000000000000000e+00	
   4.5600000000000005e+00	   4.5390358138774900e-11	   7.0000000000000000e+00	
   4.5700000000000003e+00	   4.5492942746250264e-11	   7.0000000000000000e+00	
   4.5800000000000001e+00	   4.5310866170211739e-11	   7.0000000000000000e+00	
   4.5899999999999999e+00	   4.4846792945918423e-11	   7.0000000000000000e+00	
   4.5999999999999996e+00	   4.4109160768357469e-11	   7.0000000000000000e+00	
   4.6099999999999994e+00	   4.3165471197426086e-11	   7.0000000000000000e+00	
   4.6200000000000001e+00	   4.2850167858432542e-11	   7.0000000000000000e+00	
   4.6299999999999999e+00	   4.2268855082738810e-11	   7.0000000000000000e+00	
   4.6400000000000006e+00	   4.1433523279010842e-11	   7.0000000000000000e+00	
   4.6500000000000004e+00	   4.0357495123544140e-11	   7.0000000000000000e+00	
   4.6600000000000001e+00	   3.9064751433670608e-11	   7.0000000000000000e+00	
   4.6699999999999999e+00	   3.7992053947277782e-11	   7.0000000000000000e+00	
   4.6799999999999997e+00	   3.7109648687305707e-11	   7.0000000000000000e+00	
   4.6899999999999995e+00	   3.6011416071346503e-11	   7.0000000000000000e+00	
   4.6999999999999993e+00	   3.4722669184361621e-11	   7.0000000000000000e+00	
   4.7100000000000000e+00	   3.3261615683954915e-11	   7.0000000000000000e+00	
   4.7199999999999998e+00	   3.1650904119828738e-11	   7.0000000000000000e+00	
   4.7300000000000004e+00	   3.0549562879400582e-11	   7.0000000000000000e+00	
   4.7400000000000002e+00	   2.9312108296153383e-11	   7.0000000000000000e+00	
   4.7500000000000000e+00	   2.7930102675099988e-11	   7.0000000000000000e+00	
   4.7599999999999998e+00	   2.6427304788967376e-11	   7.0000000000000000e+00	
   4.7699999999999996e+00	   2.4825475009038200e-11	   7.0000000000000000e+00	
   4.7799999999999994e+00	   2.3362867196397019e-11	   7.0000000000000000e+00	
   4.7900000000000000e+00	   1.9709123222355629e-11	   6.0000000000000000e+00	
   4.7999999999999998e+00	   1.4357848243662374e-11	   6.0000000000000000e+00	
   4.8100000000000005e+00	   1.0518252935298733e-11	   6.0000000000000000e+00	
   4.8200000000000003e+00	   1.0667133842900967e-11	   6.0000000000000000e+00	
   4.8300000000000001e+00	   1.3354650718611083e-11	   6.0000000000000000e+00	
   4.8399999999999999e+00	   1.5085710458606627e-11	   7.0000000000000000e+00	
   4.8499999999999996e+00	   1.3849144053779128e-11	   7.0000000000000000e+00	
   4.8599999999999994e+00	   1.2581713448867049e-11	   7.0000000000000000e+00	
   4.8700000000000001e+00	   1.1307843550412144e-11	   7.0000000000000000e+00	
   4.8799999999999999e+00	   1.0042411346944391e-11	   7.0000000000000000e+00	
   4.8900000000000006e+00	   8.8786755725323019e-12	   7.0000000000000000e+00	
   4.9000000000000004e+00	   7.8395068214831554e-12	   7.0000000000000000e+00	
   4.9100000000000001e+00	   6.8118843898901105e-12	   7.0000000000000000e+00	
   4.9199999999999999e+00	   5.8086868648388190e-12	   7.0000000000000000e+00	
   4.9299999999999997e+00	   4.8443471456494080e-12	   7.0000000000000000e+00	
   4.9399999999999995e+00	   3.9288572395435040e-12	   7.0000000000000000e+00	
   4.9499999999999993e+00	   2.9672930779156559e-12	   8.0000000000000000e+00	
   4.9600000000000000e+00	   2.1102009029050350e-12	   8.0000000000000000e+00	
   4.9699999999999998e+00	   1.3976597657006096e-12	   8.0000000000000000e+00	
   4.9800000000000004e+00	   8.1479267777240239e-13	   8.0000000000000000e+00	
   4.9900000000000002e+00	   3.5471625636773751e-13	   8.0000000000000000e+00	
   5.0000000000000000e+00	   1.3322676295501878e-15	   1.0000000000000000e+00	
   5.0099999999999998e+00	   2.7067237340361316e-13	   8.0000000000000000e+00	
   5.0199999999999996e+00	   4.7084558474352889e-13	   8.0000000000000000e+00	
   5.0299999999999994e+00	   6.1339822110539899e-13	   8.0000000000000000e+00	
   5.0400000000000000e+00	   7.0288219689018661e-13	   8.0000000000000000e+00	
   5.0499999999999998e+00	   7.5017769773921827e-13	   8.0000000000000000e+00	
   5.0600000000000005e+00	   7.7138295750955876e-13	   8.0000000000000000e+00	
   5.0700000000000003e+00	   7.8048678631148505e-13	   8.0000000000000000e+00	
   5.0800000000000001e+00	   7.6560979778150795e-13	   8.0000000000000000e+00	
   5.0899999999999999e+00	   7.3763217756095401e-13	   8.0000000000000000e+00	
   5.0999999999999996e+00	   6.9966255011877365e-13	   8.0000000000000000e+00	
   5.1099999999999994e+00	   6.5991656583719305e-13	   8.0000000000000000e+00	
   5.1200000000000001e+00	   6.2350125062948791e-13	   8.0000000000000000e+00	
   5.1299999999999999e+00	   5.9174887212520844e-13	   8.0000000000000000e+00	
   5.1400000000000006e+00	   4.2921222132008552e-13	   7.0000000000000000e+00	
   5.1500000000000004e+00	   5.3912430075797602e-13	   8.0000000000000000e+00	
   5.1600000000000001e+00	   5.1847415249994810e-13	   8.0000000000000000e+00	
   5.1699999999999999e+00	   5.0426329778474610e-13	   8.0000000000000000e+00	
   5.1799999999999997e+00	   5.0692783304384648e-13	   8.0000000000000000e+00	
   5.1899999999999995e+00	   5.1914028631472320e-13	   8.0000000000000000e+00	
   5.1999999999999993e+00	   5.3490545326440042e-13	   8.0000000000000000e+00	
   5.2100000000000000e+00	   5.5688786915197852e-13	   8.0000000000000000e+00	
   5.2199999999999998e+00	   5.8419935555775737e-13	   8.0000000000000000e+00	
   5.2300000000000004e+00	   6.2394533983933798e-13	   8.0000000000000000e+00	
   5.2400000000000002e+00	   6.7368333134254499e-13	   8.0000000000000000e+00	
   5.2500000000000000e+00	   7.2697403652455250e-13	   8.0000000000000000e+00	
   5.2599999999999998e+00	   7.8292927696566039e-13	   8.0000000000000000e+00	
   5.2699999999999996e+00	   8.3955065122154338e-13	   8.0000000000000000e+00	
   5.2799999999999994e+00	   8.9861451613160170e-13	   8.0000000000000000e+00	
   5.2900000000000000e+00	   9.7055696812731185e-13	   8.0000000000000000e+00	
   5.2999999999999998e+00	   1.0440537323574972e-12	   8.0000000000000000e+00	
   5.3100000000000005e+00	   1.1153300505384323e-12	   8.0000000000000000e+00	
   5.3200000000000003e+00	   1.1846079672750420e-12	   8.0000000000000000e+00	
   5.3300000000000001e+00	   1.2454481890245006e-12	   8.0000000000000000e+00	
   5.3399999999999999e+00	   1.3105072582675348e-12	   8.0000000000000000e+00	
   5.3499999999999996e+00	   1.3851142455223453e-12	   8.0000000000000000e+00	
   5.3599999999999994e+00	   1.4557244298885053e-12	   8.0000000000000000e+00	
   5.3700000000000001e+00	   1.5139001163788635e-12	   8.0000000000000000e+00	
   5.3799999999999999e+00	   1.5620837956475953e-12	   8.0000000000000000e+00	
   5.3900000000000006e+00	   1.5989432000651504e-12	   8.0000000000000000e+00	
   5.4000000000000004e+00	   1.6591172879998339e-12	   8.0000000000000000e+00	
   5.4100000000000001e+00	   1.7088552795030409e-12	   8.0000000000000000e+00	
   5.4199999999999999e+00	   1.7461587731304462e-12	   8.0000000000000000e+00	
   5.4299999999999997e+00	   1.7714718580918998e-12	   8.0000000000000000e+00	
   5.4399999999999995e+00	   1.7865708912268019e-12	   8.0000000000000000e+00	
   5.4499999999999993e+00	   1.7983392552878286e-12	   8.0000000000000000e+00	
   5.4600000000000000e+00	   1.8227641618295820e-12	   8.0000000000000000e+00	
   5.4699999999999998e+00	   1.8339774143782961e-12	   8.0000000000000000e+00	
   5.4800000000000004e+00	   1.8348655927979962e-12	   8.0000000000000000e+00	
   5.4900000000000002e+00	   1.8191004258483190e-12	   8.0000000000000000e+00	
   5.5099999999999998e+00	   1.5688561560978087e-12	   8.0000000000000000e+00	
   5.5199999999999996e+00	   1.5577539258515571e-12	   8.0000000000000000e+00	
   5.5299999999999994e+00	   1.5359935545689041e-12	   8.0000000000000000e+00	
   5.5400000000000000e+00	   1.5097922911877504e-12	   8.0000000000000000e+00	
   5.5499999999999998e+00	   1.4755974220292956e-12	   8.0000000000000000e+00	
   5.5600000000000005e+00	   1.4561685190983553e-12	   8.0000000000000000e+00	
   5.5700000000000003e+00	   1.4370726830748026e-12	   8.0000000000000000e+00	
   5.5800000000000001e+00	   1.4113155089034990e-12	   8.0000000000000000e+00	
   5.5899999999999999e+00	   1.3811174426336947e-12	   8.0000000000000000e+00	
   5.5999999999999996e+00	   1.3420375921668892e-12	   8.0000000000000000e+00	
   5.6099999999999994e+00	   1.2994050280212832e-12	   8.0000000000000000e+00	
   5.6200000000000001e+00	   1.2772005675287801e-12	   8.0000000000000000e+00	
   5.6299999999999999e+00	   1.2483347688885260e-12	   8.0000000000000000e+00	
   5.6400000000000006e+00	   1.2141398997300712e-12	   8.0000000000000000e+00	
   5.6500000000000004e+00	   1.1710632463746151e-12	   8.0000000000000000e+00	
   5.6600000000000001e+00	   1.1248779685502086e-12	   8.0000000000000000e+00	
   5.6699999999999999e+00	   1.0895728763671286e-12	   8.0000000000000000e+00	
   5.6799999999999997e+00	   1.0575984532579241e-12	   8.0000000000000000e+00	
   5.6899999999999995e+00	   1.0185186027911186e-12	   8.0000000000000000e+00	
   5.6999999999999993e+00	   9.7855057390461297e-13	   8.0000000000000000e+00	
   5.7100000000000000e+00	   9.3280938529005653e-13	   8.0000000000000000e+00	
   5.7199999999999998e+00	   8.8817841970012523e-13	   8.0000000000000000e+00	
   5.7300000000000004e+00	   8.5265128291212022e-13	   8.0000000000000000e+00	
   5.7400000000000002e+00	   8.1668005691426515e-13	   8.0000000000000000e+00	
   5.7500000000000000e+00	   7.7671202802775952e-13	   8.0000000000000000e+00	
   5.7599999999999998e+00	   7.3452355309200357e-13	   8.0000000000000000e+00	
   5.7699999999999996e+00	   6.8989258750207227e-13	   8.0000000000000000e+00	
   5.7799999999999994e+00	   6.4992455861556664e-13	   8.0000000000000000e+00	
   5.7900000000000000e+00	   6.1528560024726175e-13	   8.0000000000000000e+00	
   5.7999999999999998e+00	   5.7887028503955662e-13	   8.0000000000000000e+00	
   5.8100000000000005e+00	   5.4067861299245124e-13	   8.0000000000000000e+00	
   5.8200000000000003e+00	   4.9804604884684522e-13	   8.0000000000000000e+00	
   5.8300000000000001e+00	   4.5785597535541456e-13	   8.0000000000000000e+00	
   5.8399999999999999e+00	   4.2588155224621005e-13	   8.0000000000000000e+00	
   5.8499999999999996e+00	   3.9346303992715548e-13	   8.0000000000000000e+00	
   5.8599999999999994e+00	   3.5704772471945034e-13	   8.0000000000000000e+00	
   5.8700000000000001e+00	   3.2329694477084558e-13	   8.0000000000000000e+00	
   5.8799999999999999e+00	   2.8954616482224083e-13	   8.0000000000000000e+00	
   5.8900000000000006e+00	   2.5957014315736160e-13	   8.0000000000000000e+00	
   5.9000000000000004e+00	   2.2915003228263231e-13	   8.0000000000000000e+00	
   5.9100000000000001e+00	   2.0161650127192843e-13	   8.0000000000000000e+00	
   5.9199999999999999e+00	   1.7430501486614958e-13	   8.0000000000000000e+00	
   5.9299999999999997e+00	   1.4743761767022079e-13	   8.0000000000000000e+00	
   5.9399999999999995e+00	   1.1990408665951691e-13	   8.0000000000000000e+00	
   5.9500000000000002e+00	   9.7699626167013776e-14	   8.0000000000000000e+00	
   5.9600000000000000e+00	   7.6605388699135801e-14	   8.0000000000000000e+00	
   5.9699999999999998e+00	   5.6066262743570405e-14	   8.0000000000000000e+00	
   5.9800000000000004e+00	   3.4972025275692431e-14	   8.0000000000000000e+00	
   5.9900000000000002e+00	   1.7208456881689926e-14	   8.0000000000000000e+00	
   6.0000000000000000e+00	   1.7763568394002505e-15	   1.0000000000000000e+00	
   6.0099999999999998e+00	   1.4765966227514582e-14	   8.0000000000000000e+00	
   6.0199999999999996e+00	   2.7644553313166398e-14	   8.0000000000000000e+00	
   6.0300000000000002e+00	   4.0079051188968151e-14	   8.0000000000000000e+00	
   6.0400000000000000e+00	   5.0071058410594560e-14	   8.0000000000000000e+00	
   6.0499999999999998e+00	   5.8397731095283234e-14	   8.0000000000000000e+00	
   6.0600000000000005e+00	   6.5836225360271783e-14	   8.0000000000000000e+00	
   6.0700000000000003e+00	   7.4718009557273035e-14	   8.0000000000000000e+00	
   6.0800000000000001e+00	   7.8825834748386114e-14	   8.0000000000000000e+00	
   6.0899999999999999e+00	   8.1490370007486490e-14	   8.0000000000000000e+00	
   6.0999999999999996e+00	   8.2822637637036678e-14	   8.0000000000000000e+00	
   6.1099999999999994e+00	   8.6042284408449632e-14	   8.0000000000000000e+00	
   6.1200000000000001e+00	   8.5376150593674538e-14	   8.0000000000000000e+00	
   6.1299999999999999e+00	   8.3266726846886741e-14	   8.0000000000000000e+00	
   6.1399999999999997e+00	   7.8936857050848630e-14	   8.0000000000000000e+00	
   6.1500000000000004e+00	   7.7049477908985864e-14	   8.0000000000000000e+00	
   6.1600000000000001e+00	   7.1720407390785113e-14	   8.0000000000000000e+00	
   6.1699999999999999e+00	   6.4614980033184111e-14	   8.0000000000000000e+00	
   6.1799999999999997e+00	   5.6843418860808015e-14	   8.0000000000000000e+00	
   6.1899999999999995e+00	   5.0848214527832170e-14	   8.0000000000000000e+00	
   6.2000000000000002e+00	   4.1300296516055823e-14	   8.0000000000000000e+00	
   6.2100000000000000e+00	   3.3084646133829665e-14	   8.0000000000000000e+00	
   6.2199999999999998e+00	   2.8643754035329039e-14	   8.0000000000000000e+00	
   6.2300000000000004e+00	   3.5749181392930041e-14	   8.0000000000000000e+00	
   6.2400000000000002e+00	   4.6185277824406512e-14	   8.0000000000000000e+00	
   6.2500000000000000e+00	   5.9729998724833422e-14	   8.0000000000000000e+00	
   6.2599999999999998e+00	   7.4384942649885488e-14	   8.0000000000000000e+00	
   6.2699999999999996e+00	   8.8595797365087492e-14	   8.0000000000000000e+00	
   6.2800000000000002e+00	   1.0791367799356522e-13	   8.0000000000000000e+00	
   6.2900000000000000e+00	   1.2390088954816747e-13	   8.0000000000000000e+00	
   6.2999999999999998e+00	   1.4011014570769476e-13	   8.0000000000000000e+00	
   6.3100000000000005e+00	   1.5654144647214707e-13	   8.0000000000000000e+00	
   6.3200000000000003e+00	   1.7785772854495008e-13	   8.0000000000000000e+00	
   6.3300000000000001e+00	   1.9650947535865271e-13	   8.0000000000000000e+00	
   6.3399999999999999e+00	   2.1338486533295509e-13	   8.0000000000000000e+00	
   6.3499999999999996e+00	   2.3003821070233244e-13	   8.0000000000000000e+00	
   6.3599999999999994e+00	   2.5335289421946072e-13	   8.0000000000000000e+00	
   6.3700000000000001e+00	   2.7311486405778851e-13	   8.0000000000000000e+00	
   6.3799999999999999e+00	   2.9132252166164108e-13	   8.0000000000000000e+00	
   6.3899999999999997e+00	   3.0819791163594346e-13	   8.0000000000000000e+00	
   6.4000000000000004e+00	   3.2684965844964609e-13	   8.0000000000000000e+00	
   6.4100000000000001e+00	   3.4683367289289890e-13	   8.0000000000000000e+00	
   6.4199999999999999e+00	   3.6592950891645160e-13	   8.0000000000000000e+00	
   6.4299999999999997e+00	   3.8413716652030416e-13	   8.0000000000000000e+00	
   6.4399999999999995e+00	   4.0301095793893182e-13	   8.0000000000000000e+00	
   6.4500000000000002e+00	   4.1633363423443370e-13	   8.0000000000000000e+00	
   6.4600000000000000e+00	   4.3309800190627357e-13	   8.0000000000000000e+00	
   6.4699999999999998e+00	   4.5174974871997620e-13	   8.0000000000000000e+00	
   6.4800000000000004e+00	   4.7117865165091644e-13	   8.0000000000000000e+00	
   6.4900000000000002e+00	   4.8461235024888083e-13	   8.0000000000000000e+00	
   6.5099999999999998e+00	   5.5278004396086544e-13	   8.0000000000000000e+00	
   6.5199999999999996e+00	   5.5411231159041563e-13	   8.0000000000000000e+00	
   6.5300000000000002e+00	   5.4878324107221488e-13	   8.0000000000000000e+00	
   6.5400000000000000e+00	   5.4434234897371425e-13	   8.0000000000000000e+00	
   6.5499999999999998e+00	   5.3679283240626319e-13	   8.0000000000000000e+00	
   6.5600000000000005e+00	   5.2746695899941187e-13	   8.0000000000000000e+00	
   6.5700000000000003e+00	   5.1980642012949829e-13	   8.0000000000000000e+00	
   6.5800000000000001e+00	   5.1625370645069779e-13	   8.0000000000000000e+00	
   6.5899999999999999e+00	   5.1048054672264698e-13	   8.0000000000000000e+00	
   6.5999999999999996e+00	   5.0115467331579566e-13	   8.0000000000000000e+00	
   6.6099999999999994e+00	   4.8738790781044372e-13	   8.0000000000000000e+00	
   6.6200000000000001e+00	   4.7561954374941706e-13	   8.0000000000000000e+00	
   6.6299999999999999e+00	   4.7029047323121631e-13	   8.0000000000000000e+00	
   6.6399999999999997e+00	   4.6362913508346537e-13	   8.0000000000000000e+00	
   6.6500000000000004e+00	   4.5075054799781356e-13	   8.0000000000000000e+00	
   6.6600000000000001e+00	   4.3920422854171193e-13	   8.0000000000000000e+00	
   6.6699999999999999e+00	   4.2588155224621005e-13	   8.0000000000000000e+00	
   6.6799999999999997e+00	   4.1500136660488351e-13	   8.0000000000000000e+00	
   6.6899999999999995e+00	   4.0301095793893182e-13	   8.0000000000000000e+00	
   6.7000000000000002e+00	   3.9279690611238038e-13	   8.0000000000000000e+00	
   6.7100000000000000e+00	   3.8036240823657863e-13	   8.0000000000000000e+00	
   6.7199999999999998e+00	   3.6659564273122669e-13	   8.0000000000000000e+00	
   6.7300000000000004e+00	   3.4838798512737412e-13	   8.0000000000000000e+00	
   6.7400000000000002e+00	   3.3884006711559778e-13	   8.0000000000000000e+00	
   6.7500000000000000e+00	   3.2729374765949615e-13	   8.0000000000000000e+00	
   6.7599999999999998e+00	   3.1574742820339452e-13	   8.0000000000000000e+00	
   6.7699999999999996e+00	   3.0153657348819252e-13	   8.0000000000000000e+00	
   6.7800000000000002e+00	   2.8377300509419001e-13	   8.0000000000000000e+00	
   6.7900000000000000e+00	   2.6978419498391304e-13	   8.0000000000000000e+00	
   6.7999999999999998e+00	   2.5868196473766147e-13	   8.0000000000000000e+00	
   6.8100000000000005e+00	   2.4713564528155985e-13	   8.0000000000000000e+00	
   6.8200000000000003e+00	   2.3026025530725747e-13	   8.0000000000000000e+00	
   6.8300000000000001e+00	   2.1604940059205546e-13	   8.0000000000000000e+00	
   6.8399999999999999e+00	   2.0139445666700340e-13	   8.0000000000000000e+00	
   6.8499999999999996e+00	   1.8918200339612667e-13	   8.0000000000000000e+00	
   6.8599999999999994e+00	   1.7408297026122455e-13	   8.0000000000000000e+00	
   6.8700000000000001e+00	   1.6187051699034782e-13	   8.0000000000000000e+00	
   6.8799999999999999e+00	   1.4788170688007085e-13	   8.0000000000000000e+00	
   6.8899999999999997e+00	   1.3455903058456897e-13	   8.0000000000000000e+00	
   6.9000000000000004e+00	   1.1879386363489175e-13	   8.0000000000000000e+00	
   6.9100000000000001e+00	   1.0724754417879012e-13	   8.0000000000000000e+00	
   6.9199999999999999e+00	   9.5257135512838431e-14	   8.0000000000000000e+00	
   6.9299999999999997e+00	   8.3488771451811772e-14	   8.0000000000000000e+00	
   6.9399999999999995e+00	   6.8167693711984612e-14	   8.0000000000000000e+00	
   6.9500000000000002e+00	   5.6621374255882984e-14	   8.0000000000000000e+00	
   6.9600000000000000e+00	   4.5186077102243871e-14	   8.0000000000000000e+00	
   6.9699999999999998e+00	   3.4305891460917337e-14	   8.0000000000000000e+00	
   6.9800000000000004e+00	   2.0761170560490427e-14	   8.0000000000000000e+00	
   6.9900000000000002e+00	   1.0103029524088925e-14	   8.0000000000000000e+00	
   7.0000000000000000e+00	   2.2204460492503131e-15	   1.0000000000000000e+00	
   7.0099999999999998e+00	   1.1879386363489175e-14	   8.0000000000000000e+00	
   7.0199999999999996e+00	   2.0539125955565396e-14	   8.0000000000000000e+00	
   7.0300000000000002e+00	   3.1197266991966899e-14	   8.0000000000000000e+00	
   7.0400000000000000e+00	   4.0301095793893182e-14	   8.0000000000000000e+00	
   7.0499999999999998e+00	   4.8516746176119341e-14	   8.0000000000000000e+00	
   7.0599999999999996e+00	   5.6510351953420468e-14	   8.0000000000000000e+00	
   7.0700000000000003e+00	   6.6835426082434424e-14	   8.0000000000000000e+00	
   7.0800000000000001e+00	   7.4606987254810520e-14	   8.0000000000000000e+00	
   7.0899999999999999e+00	   8.1712414612411521e-14	   8.0000000000000000e+00	
   7.0999999999999996e+00	   8.8595797365087492e-14	   8.0000000000000000e+00	
   7.1100000000000003e+00	   9.7255536957163713e-14	   8.0000000000000000e+00	
   7.1200000000000001e+00	   1.0169642905566434e-13	   8.0000000000000000e+00	
   7.1299999999999999e+00	   1.0724754417879012e-13	   8.0000000000000000e+00	
   7.1399999999999997e+00	   1.1279865930191590e-13	   8.0000000000000000e+00	
   7.1500000000000004e+00	   1.2079226507921703e-13	   8.0000000000000000e+00	
   7.1600000000000001e+00	   1.2456702336294256e-13	   8.0000000000000000e+00	
   7.1699999999999999e+00	   1.2745360322696797e-13	   8.0000000000000000e+00	
   7.1799999999999997e+00	   1.3011813848606835e-13	   8.0000000000000000e+00	
   7.1899999999999995e+00	   1.3633538742396922e-13	   8.0000000000000000e+00	
   7.2000000000000002e+00	   1.3922196728799463e-13	   8.0000000000000000e+00	
   7.2100000000000000e+00	   1.4122036873231991e-13	   8.0000000000000000e+00	
   7.2199999999999998e+00	   1.4277468096679513e-13	   8.0000000000000000e+00	
   7.2300000000000004e+00	   1.4632739464559563e-13	   8.0000000000000000e+00	
   7.2400000000000002e+00	   1.4632739464559563e-13	   8.0000000000000000e+00	
   7.2500000000000000e+00	   1.4610535004067060e-13	   8.0000000000000000e+00	
   7.2599999999999998e+00	   1.4699352846037073e-13	   8.0000000000000000e+00	
   7.2699999999999996e+00	   1.4721557306529576e-13	   8.0000000000000000e+00	
   7.2800000000000002e+00	   1.4876988529977098e-13	   8.0000000000000000e+00	
   7.2900000000000000e+00	   1.4699352846037073e-13	   8.0000000000000000e+00	
   7.2999999999999998e+00	   1.4455103780619538e-13	   8.0000000000000000e+00	
   7.3099999999999996e+00	   1.4144241333724494e-13	   8.0000000000000000e+00	
   7.3200000000000003e+00	   1.4344081478157023e-13	   8.0000000000000000e+00	
   7.3300000000000001e+00	   1.4122036873231991e-13	   8.0000000000000000e+00	
   7.3399999999999999e+00	   1.3788969965844444e-13	   8.0000000000000000e+00	
   7.3499999999999996e+00	   1.3455903058456897e-13	   8.0000000000000000e+00	
   7.3600000000000003e+00	   1.3344880755994382e-13	   8.0000000000000000e+00	
   7.3700000000000001e+00	   1.3011813848606835e-13	   8.0000000000000000e+00	
   7.3799999999999999e+00	   1.2700951401711791e-13	   8.0000000000000000e+00	
   7.3899999999999997e+00	   1.2301271112846734e-13	   8.0000000000000000e+00	
   7.4000000000000004e+00	   1.2190248810384219e-13	   8.0000000000000000e+00	
   7.4100000000000001e+00	   1.1723955140041653e-13	   8.0000000000000000e+00	
   7.4199999999999999e+00	   1.1191048088221578e-13	   8.0000000000000000e+00	
   7.4299999999999997e+00	   1.0680345496894006e-13	   8.0000000000000000e+00	
   7.4399999999999995e+00	   1.0480505352461478e-13	   8.0000000000000000e+00	
   7.4500000000000002e+00	   9.9698027611339057e-14	   8.0000000000000000e+00	
   7.4600000000000000e+00	   9.5035090907913400e-14	   8.0000000000000000e+00	
   7.4699999999999998e+00	   8.9706020389712648e-14	   8.0000000000000000e+00	
   7.4800000000000004e+00	   8.7707618945387367e-14	   8.0000000000000000e+00	
   7.4900000000000002e+00	   8.2156503822261584e-14	   8.0000000000000000e+00	
   7.5099999999999998e+00	   6.4837024638109142e-14	   8.0000000000000000e+00	
   7.5199999999999996e+00	   6.7945649107059580e-14	   8.0000000000000000e+00	
   7.5300000000000002e+00	   6.7945649107059580e-14	   8.0000000000000000e+00	
   7.5400000000000000e+00	   6.9722005946459831e-14	   8.0000000000000000e+00	
   7.5499999999999998e+00	   7.2386541205560206e-14	   8.0000000000000000e+00	
   7.5599999999999996e+00	   7.5051076464660582e-14	   8.0000000000000000e+00	
   7.5700000000000003e+00	   7.4606987254810520e-14	   8.0000000000000000e+00	
   7.5800000000000001e+00	   7.6383344094210770e-14	   8.0000000000000000e+00	
   7.5899999999999999e+00	   7.8603790143461083e-14	   8.0000000000000000e+00	
   7.5999999999999996e+00	   8.0380146982861334e-14	   8.0000000000000000e+00	
   7.6100000000000003e+00	   7.9047879353311146e-14	   8.0000000000000000e+00	
   7.6200000000000001e+00	   8.1046280797636427e-14	   8.0000000000000000e+00	
   7.6299999999999999e+00	   8.3266726846886741e-14	   8.0000000000000000e+00	
   7.6399999999999997e+00	   8.4598994476436928e-14	   8.0000000000000000e+00	
   7.6500000000000004e+00	   8.3710816056736803e-14	   8.0000000000000000e+00	
   7.6600000000000001e+00	   8.4376949871511897e-14	   8.0000000000000000e+00	
   7.6699999999999999e+00	   8.6153306710912148e-14	   8.0000000000000000e+00	
   7.6799999999999997e+00	   8.7041485130612273e-14	   8.0000000000000000e+00	
   7.6900000000000004e+00	   8.5709217501062085e-14	   8.0000000000000000e+00	
   7.7000000000000002e+00	   8.7041485130612273e-14	   8.0000000000000000e+00	
   7.7100000000000000e+00	   8.6597395920762210e-14	   8.0000000000000000e+00	
   7.7199999999999998e+00	   8.6153306710912148e-14	   8.0000000000000000e+00	
   7.7300000000000004e+00	   8.3266726846886741e-14	   8.0000000000000000e+00	
   7.7400000000000002e+00	   8.4598994476436928e-14	   8.0000000000000000e+00	
   7.7500000000000000e+00	   8.4154905266586866e-14	   8.0000000000000000e+00	
   7.7599999999999998e+00	   8.4154905266586866e-14	   8.0000000000000000e+00	
   7.7699999999999996e+00	   8.3266726846886741e-14	   8.0000000000000000e+00	
   7.7800000000000002e+00	   7.9714013168086240e-14	   8.0000000000000000e+00	
   7.7900000000000000e+00	   7.7493567118835927e-14	   8.0000000000000000e+00	
   7.7999999999999998e+00	   7.5939254884360707e-14	   8.0000000000000000e+00	
   7.8099999999999996e+00	   7.5051076464660582e-14	   8.0000000000000000e+00	
   7.8200000000000003e+00	   7.0610184366159956e-14	   8.0000000000000000e+00	
   7.8300000000000001e+00	   6.8611782921834674e-14	   8.0000000000000000e+00	
   7.8399999999999999e+00	   6.6391336872584361e-14	   8.0000000000000000e+00	
   7.8499999999999996e+00	   6.3948846218409017e-14	   8.0000000000000000e+00	
   7.8600000000000003e+00	   5.8619775700208265e-14	   8.0000000000000000e+00	
   7.8700000000000001e+00	   5.6843418860808015e-14	   8.0000000000000000e+00	
   7.8799999999999999e+00	   5.4178883601707639e-14	   8.0000000000000000e+00	
   7.8899999999999997e+00	   5.1292303737682232e-14	   8.0000000000000000e+00	
   7.9000000000000004e+00	   4.5741188614556449e-14	   8.0000000000000000e+00	
   7.9100000000000001e+00	   4.2188474935755949e-14	   8.0000000000000000e+00	
   7.9199999999999999e+00	   3.8191672047105385e-14	   8.0000000000000000e+00	
   7.9299999999999997e+00	   3.4638958368304884e-14	   8.0000000000000000e+00	
   7.9400000000000004e+00	   2.8865798640254070e-14	   8.0000000000000000e+00	
   7.9500000000000002e+00	   2.4980018054066022e-14	   8.0000000000000000e+00	
   7.9600000000000000e+00	   2.1205259770340490e-14	   8.0000000000000000e+00	
   7.9699999999999998e+00	   1.6875389974302379e-14	   8.0000000000000000e+00	
   7.9800000000000004e+00	   1.0436096431476471e-14	   8.0000000000000000e+00	
   7.9900000000000002e+00	   5.8841820305133297e-15	   8.0000000000000000e+00	
   8.0000000000000000e+00	   2.2204460492503131e-15	   3.0000000000000000e+00	
