   5.1000000000000001e-01	   3.1960992721519261e+00	   2.0000000000000000e+00	
   5.2000000000000002e-01	   3.1599193673638961e+00	   5.0000000000000000e+00	
   5.3000000000000003e-01	   3.4077657475123750e+00	   5.0000000000000000e+00	
   5.4000000000000004e-01	   3.3031237645766742e+00	   7.0000000000000000e+00	
   5.5000000000000004e-01	   2.3183332674860817e+00	   1.0000000000000000e+00	
   5.6000000000000005e-01	   1.9122671388562897e+00	   1.0000000000000000e+00	
   5.7000000000000006e-01	   1.6795834495729316e+00	   1.0000000000000000e+00	
   5.7999999999999996e-01	   1.8195732807125127e+00	   1.0000000000000000e+00	
   5.8999999999999997e-01	   1.9629716223498261e+00	   1.0000000000000000e+00	
   5.9999999999999998e-01	   2.1092694690241616e+00	   1.0000000000000000e+00	
   6.0999999999999999e-01	   2.2579416597847586e+00	   1.0000000000000000e+00	
   6.2000000000000000e-01	   1.6962634162823977e+00	   1.0000000000000000e+00	
   6.3000000000000000e-01	   1.6611132393160273e+00	   1.0000000000000000e+00	
   6.4000000000000001e-01	   1.7894629028920854e+00	   1.0000000000000000e+00	
   6.5000000000000002e-01	   1.9199305448904433e+00	   1.0000000000000000e+00	
   6.6000000000000003e-01	   2.0520953503299491e+00	   1.0000000000000000e+00	
   6.7000000000000004e-01	   1.6999783557607959e+00	   1.0000000000000000e+00	
   6.7999999999999994e-01	   1.5137346847480448e+00	   1.0000000000000000e+00	
   6.8999999999999995e-01	   1.6294473910197831e+00	   1.0000000000000000e+00	
   6.9999999999999996e-01	   1.7466724177112756e+00	   1.0000000000000000e+00	
   7.0999999999999996e-01	   1.8650654408789333e+00	   1.0000000000000000e+00	
   7.1999999999999997e-01	   1.9842778549568587e+00	   1.0000000000000000e+00	
   7.2999999999999998e-01	   1.5041078839248754e+00	   1.0000000000000000e+00	
   7.3999999999999999e-01	   1.4810178232901348e+00	   1.0000000000000000e+00	
   7.5000000000000000e-01	   1.5869662847021653e+00	   1.0000000000000000e+00	
   7.6000000000000001e-01	   1.6936659620135845e+00	   1.0000000000000000e+00	
   7.7000000000000002e-01	   1.8008275975067698e+00	   1.0000000000000000e+00	
   7.8000000000000003e-01	   1.4911023042120459e+00	   1.0000000000000000e+00	
   7.9000000000000004e-01	   1.3428151010059974e+00	   1.0000000000000000e+00	
   8.0000000000000004e-01	   1.4390094230398978e+00	   1.0000000000000000e+00	
   8.1000000000000005e-01	   1.5356244869402038e+00	   1.0000000000000000e+00	
   8.2000000000000006e-01	   1.6324168613414576e+00	   1.0000000000000000e+00	
   8.3000000000000007e-01	   1.7291428660212478e+00	   1.0000000000000000e+00	
   8.4000000000000008e-01	   1.3138662589732606e+00	   1.0000000000000000e+00	
   8.5000000000000009e-01	   1.3014866245992549e+00	   1.0000000000000000e+00	
   8.5999999999999999e-01	   1.3892824765757277e+00	   1.0000000000000000e+00	
   8.7000000000000000e-01	   1.4770283103083046e+00	   1.0000000000000000e+00	
   8.8000000000000000e-01	   1.5645170441511485e+00	   1.0000000000000000e+00	
   8.9000000000000001e-01	   1.2901155272287981e+00	   1.0000000000000000e+00	
   9.0000000000000002e-01	   1.1734184360111162e+00	   1.0000000000000000e+00	
   9.1000000000000003e-01	   1.2534046390362137e+00	   1.0000000000000000e+00	
   9.1999999999999993e-01	   1.3331589633044676e+00	   1.0000000000000000e+00	
   9.2999999999999994e-01	   1.4125036633887340e+00	   1.0000000000000000e+00	
   9.3999999999999995e-01	   1.4912621226053611e+00	   1.0000000000000000e+00	
   9.4999999999999996e-01	   1.1301953912635416e+00	   1.0000000000000000e+00	
   9.5999999999999996e-01	   1.1270537194939512e+00	   1.0000000000000000e+00	
   9.6999999999999997e-01	   1.1996686185488386e+00	   1.0000000000000000e+00	
   9.7999999999999998e-01	   1.2717522426792800e+00	   1.0000000000000000e+00	
   9.8999999999999999e-01	   1.3431519539585763e+00	   1.0000000000000000e+00	
   1.0000000000000000e+00	   1.0995574287477825e+00	   1.0000000000000000e+00	
   1.0100000000000000e+00	   2.4752133089914201e+00	   5.0000000000000000e+00	
   1.0200000000000000e+00	   2.4882886019090291e+00	   5.0000000000000000e+00	
   1.0300000000000000e+00	   2.5033944170427240e+00	   5.0000000000000000e+00	
   1.0400000000000000e+00	   2.5206317291501961e+00	   5.0000000000000000e+00	
   1.0500000000000000e+00	   2.5401140625309289e+00	   5.0000000000000000e+00	
   1.0600000000000001e+00	   2.5619682722305974e+00	   5.0000000000000000e+00	
   1.0700000000000001e+00	   2.5863354307434792e+00	   5.0000000000000000e+00	
   1.0800000000000001e+00	   2.6133718240000774e+00	   5.0000000000000000e+00	
   1.0899999999999999e+00	   2.6432500606599554e+00	   5.0000000000000000e+00	
   1.1000000000000001e+00	   2.6761602986979769e+00	   5.0000000000000000e+00	
   1.1099999999999999e+00	   2.7123115929038653e+00	   5.0000000000000000e+00	
   1.1200000000000001e+00	   2.7519333661144527e+00	   5.0000000000000000e+00	
   1.1299999999999999e+00	   2.7952770056371206e+00	   5.0000000000000000e+00	
   1.1400000000000001e+00	   2.8426175842360903e+00	   5.0000000000000000e+00	
   1.1499999999999999e+00	   2.8942557020256379e+00	   5.0000000000000000e+00	
   1.1600000000000001e+00	   2.9147110647106196e+00	   8.0000000000000000e+00	
   1.1699999999999999e+00	   3.0117664211900728e+00	   5.0000000000000000e+00	
   1.1800000000000002e+00	   3.0783859567172058e+00	   5.0000000000000000e+00	
   1.1899999999999999e+00	   2.9988561061147720e+00	   7.0000000000000000e+00	
   1.2000000000000002e+00	   3.1615671871155255e+00	   7.0000000000000000e+00	
   1.2100000000000000e+00	   3.0659365881541096e+00	   8.0000000000000000e+00	
   1.2200000000000000e+00	   3.0805741130241522e+00	   8.0000000000000000e+00	
   1.2300000000000000e+00	   1.7371911653818728e+00	   1.0000000000000000e+00	
   1.2400000000000000e+00	   1.7076421355350337e+00	   1.0000000000000000e+00	
   1.2500000000000000e+00	   1.6766494522597100e+00	   1.0000000000000000e+00	
   1.2600000000000000e+00	   1.6442842793944803e+00	   1.0000000000000000e+00	
   1.2700000000000000e+00	   1.6106190213008373e+00	   1.0000000000000000e+00	
   1.2800000000000000e+00	   1.6223712755974815e+00	   1.0000000000000000e+00	
   1.2900000000000000e+00	   1.5938192632292703e+00	   1.0000000000000000e+00	
   1.3000000000000000e+00	   1.5639283848983827e+00	   1.0000000000000000e+00	
   1.3100000000000001e+00	   1.5327724464996533e+00	   1.0000000000000000e+00	
   1.3200000000000001e+00	   1.5004260678666688e+00	   1.0000000000000000e+00	
   1.3300000000000001e+00	   1.4669646146513653e+00	   1.0000000000000000e+00	
   1.3399999999999999e+00	   1.4774722262307323e+00	   1.0000000000000000e+00	
   1.3500000000000001e+00	   1.4486664857544198e+00	   1.0000000000000000e+00	
   1.3599999999999999e+00	   1.4187046265987810e+00	   1.0000000000000000e+00	
   1.3700000000000001e+00	   1.3876624835502651e+00	   1.0000000000000000e+00	
   1.3799999999999999e+00	   1.3556162176572653e+00	   1.0000000000000000e+00	
   1.3900000000000001e+00	   1.3593466310805855e+00	   1.0000000000000000e+00	
   1.3999999999999999e+00	   1.3315944866177194e+00	   1.0000000000000000e+00	
   1.4100000000000001e+00	   1.3027959003032246e+00	   1.0000000000000000e+00	
   1.4199999999999999e+00	   1.2730270259429752e+00	   1.0000000000000000e+00	
   1.4300000000000002e+00	   1.2423639628243570e+00	   1.0000000000000000e+00	
   1.4399999999999999e+00	   1.2108826489582989e+00	   1.0000000000000000e+00	
   1.4500000000000002e+00	   1.2134152089481174e+00	   1.0000000000000000e+00	
   1.4600000000000000e+00	   1.1857370140513468e+00	   1.0000000000000000e+00	
   1.4700000000000000e+00	   1.1571976755627809e+00	   1.0000000000000000e+00	
   1.4800000000000000e+00	   9.9668811558924841e-01	   1.0000000000000000e+00	
   1.4900000000000000e+00	   8.4245345049475573e-01	   1.0000000000000000e+00	
   1.5100000000000000e+00	   4.3505725770990145e-01	   1.0000000000000000e+00	
   1.5200000000000000e+00	   2.9396369799025668e-01	   1.0000000000000000e+00	
   1.5300000000000000e+00	   3.8947802001702447e-02	   1.0000000000000000e+00	
   1.5400000000000000e+00	   3.8400450881820758e-02	   1.0000000000000000e+00	
   1.5500000000000000e+00	   3.7672881850594253e-02	   1.0000000000000000e+00	
   1.5600000000000001e+00	   3.6775397568366008e-02	   1.0000000000000000e+00	
   1.5700000000000001e+00	   3.5719381593793509e-02	   1.0000000000000000e+00	
   1.5800000000000001e+00	   3.5131471564932681e-02	   1.0000000000000000e+00	
   1.5900000000000001e+00	   3.4556902450908922e-02	   1.0000000000000000e+00	
   1.6000000000000001e+00	   3.3820193329764603e-02	   1.0000000000000000e+00	
   1.6100000000000001e+00	   3.2932143907206779e-02	   1.0000000000000000e+00	
   1.6200000000000001e+00	   3.1904450031443599e-02	   1.0000000000000000e+00	
   1.6300000000000001e+00	   3.0911945448223177e-02	   1.0000000000000000e+00	
   1.6400000000000001e+00	   3.0321288244038014e-02	   1.0000000000000000e+00	
   1.6500000000000001e+00	   2.9587122283407430e-02	   1.0000000000000000e+00	
   1.6599999999999999e+00	   2.8720517244845256e-02	   1.0000000000000000e+00	
   1.6699999999999999e+00	   2.7733266910178189e-02	   1.0000000000000000e+00	
   1.6799999999999999e+00	   2.6637764707675649e-02	   1.0000000000000000e+00	
   1.6899999999999999e+00	   2.5850725356423632e-02	   1.0000000000000000e+00	
   1.7000000000000000e+00	   2.5125783716503869e-02	   1.0000000000000000e+00	
   1.7100000000000000e+00	   2.4287368739866921e-02	   1.0000000000000000e+00	
   1.7200000000000000e+00	   2.3347194669802396e-02	   1.0000000000000000e+00	
   1.7300000000000000e+00	   2.2317420972295943e-02	   1.0000000000000000e+00	
   1.7400000000000000e+00	   2.1284584167016507e-02	   1.0000000000000000e+00	
   1.7500000000000000e+00	   2.0571821733918916e-02	   1.0000000000000000e+00	
   1.7600000000000000e+00	   1.9764367616230571e-02	   1.0000000000000000e+00	
   1.7700000000000000e+00	   1.8873711062164289e-02	   1.0000000000000000e+00	
   1.7800000000000000e+00	   1.7911645243520069e-02	   1.0000000000000000e+00	
   1.7900000000000000e+00	   1.6890154869582452e-02	   1.0000000000000000e+00	
   1.8000000000000000e+00	   1.6044133028206176e-02	   1.0000000000000000e+00	
   1.8100000000000001e+00	   1.5267577521204556e-02	   1.0000000000000000e+00	
   1.8200000000000001e+00	   1.4425843816470385e-02	   1.0000000000000000e+00	
   1.8300000000000001e+00	   1.3530253388028823e-02	   1.0000000000000000e+00	
   1.8400000000000001e+00	   1.2592198418194034e-02	   1.0000000000000000e+00	
   1.8500000000000001e+00	   1.1644943544030673e-02	   1.0000000000000000e+00	
   1.8600000000000001e+00	   1.0897378863486962e-02	   1.0000000000000000e+00	
   1.8700000000000001e+00	   1.0101943166861860e-02	   1.0000000000000000e+00	
   1.8800000000000001e+00	   9.2694034952698345e-03	   1.0000000000000000e+00	
   1.8900000000000001e+00	   8.4104893712706463e-03	   1.0000000000000000e+00	
   1.9000000000000001e+00	   7.5358000086374055e-03	   1.0000000000000000e+00	
   1.9099999999999999e+00	   6.7386850946267174e-03	   1.0000000000000000e+00	
   1.9199999999999999e+00	   5.9857467755444205e-03	   1.0000000000000000e+00	
   1.9299999999999999e+00	   5.2115133159487126e-03	   1.0000000000000000e+00	
   1.9399999999999999e+00	   4.4259997191902212e-03	   1.0000000000000000e+00	
   1.9500000000000000e+00	   3.6390034861775167e-03	   1.0000000000000000e+00	
   1.9600000000000000e+00	   2.8614046352619660e-03	   1.0000000000000000e+00	
   1.9700000000000000e+00	   2.1466937891871929e-03	   1.0000000000000000e+00	
   1.9800000000000000e+00	   1.4254292238313759e-03	   1.0000000000000000e+00	
   1.9900000000000000e+00	   7.0687451266016055e-04	   1.0000000000000000e+00	
   2.0000000000000000e+00	   6.6613381477509392e-16	   1.0000000000000000e+00	
   2.0099999999999998e+00	   6.8664518042327316e-04	   1.0000000000000000e+00	
   2.0200000000000000e+00	   1.3598917444550551e-03	   1.0000000000000000e+00	
   2.0300000000000002e+00	   2.0339802043982669e-03	   1.0000000000000000e+00	
   2.0400000000000000e+00	   2.6926744814073089e-03	   1.0000000000000000e+00	
   2.0499999999999998e+00	   3.3276974260592063e-03	   1.0000000000000000e+00	
   2.0600000000000001e+00	   3.9311229941683123e-03	   1.0000000000000000e+00	
   2.0700000000000003e+00	   4.4954391817166872e-03	   1.0000000000000000e+00	
   2.0800000000000001e+00	   5.1261740741879169e-03	   1.0000000000000000e+00	
   2.0899999999999999e+00	   5.7313659577942211e-03	   1.0000000000000000e+00	
   2.1000000000000001e+00	   6.3017980993840261e-03	   1.0000000000000000e+00	
   2.1100000000000003e+00	   6.8302903591321851e-03	   1.0000000000000000e+00	
   2.1200000000000001e+00	   7.3101282425156455e-03	   1.0000000000000000e+00	
   2.1299999999999999e+00	   7.8184339091202926e-03	   1.0000000000000000e+00	
   2.1400000000000001e+00	   8.3759122010149678e-03	   1.0000000000000000e+00	
   2.1500000000000004e+00	   8.8887073253103299e-03	   1.0000000000000000e+00	
   2.1600000000000001e+00	   9.3503820657339087e-03	   1.0000000000000000e+00	
   2.1699999999999999e+00	   9.7550102266252825e-03	   1.0000000000000000e+00	
   2.1799999999999997e+00	   1.0097226286353456e-02	   1.0000000000000000e+00	
   2.1899999999999999e+00	   1.0603427733768878e-02	   1.0000000000000000e+00	
   2.2000000000000002e+00	   1.1064987538240145e-02	   1.0000000000000000e+00	
   2.2100000000000000e+00	   1.1467446000173465e-02	   1.0000000000000000e+00	
   2.2199999999999998e+00	   1.1805651038000575e-02	   1.0000000000000000e+00	
   2.2300000000000000e+00	   1.2075045780751803e-02	   1.0000000000000000e+00	
   2.2400000000000002e+00	   1.2317356490885945e-02	   2.0000000000000000e+00	
   2.2500000000000000e+00	   1.2610979219625285e-02	   2.0000000000000000e+00	
   2.2599999999999998e+00	   1.2836135070407262e-02	   2.0000000000000000e+00	
   2.2700000000000000e+00	   1.2990821483977122e-02	   2.0000000000000000e+00	
   2.2800000000000002e+00	   1.3073714652873547e-02	   2.0000000000000000e+00	
   2.2900000000000000e+00	   1.3084161215488832e-02	   2.0000000000000000e+00	
   2.2999999999999998e+00	   1.3231682136622736e-02	   2.0000000000000000e+00	
   2.3100000000000001e+00	   1.3394786678562642e-02	   2.0000000000000000e+00	
   2.3200000000000003e+00	   1.3487865118389175e-02	   2.0000000000000000e+00	
   2.3300000000000001e+00	   1.3510420831559067e-02	   2.0000000000000000e+00	
   2.3399999999999999e+00	   1.3462572771445802e-02	   2.0000000000000000e+00	
   2.3500000000000001e+00	   1.3393617505434829e-02	   2.0000000000000000e+00	
   2.3600000000000003e+00	   1.3507581132345070e-02	   2.0000000000000000e+00	
   2.3700000000000001e+00	   1.3552922535726875e-02	   2.0000000000000000e+00	
   2.3799999999999999e+00	   1.3529846297960391e-02	   2.0000000000000000e+00	
   2.3900000000000001e+00	   1.3439119234342656e-02	   2.0000000000000000e+00	
   2.4000000000000004e+00	   1.3282049623078884e-02	   2.0000000000000000e+00	
   2.4100000000000001e+00	   1.3242052649987568e-02	   2.0000000000000000e+00	
   2.4199999999999999e+00	   1.3250347204728785e-02	   2.0000000000000000e+00	
   2.4299999999999997e+00	   1.3193072311498244e-02	   2.0000000000000000e+00	
   2.4399999999999999e+00	   1.3071532267138919e-02	   2.0000000000000000e+00	
   2.4500000000000002e+00	   1.2887518414134491e-02	   2.0000000000000000e+00	
   2.4600000000000000e+00	   1.2662680890769995e-02	   2.0000000000000000e+00	
   2.4699999999999998e+00	   1.2641917281309645e-02	   2.0000000000000000e+00	
   2.4800000000000000e+00	   1.2559078750529862e-02	   2.0000000000000000e+00	
   2.4900000000000002e+00	   1.2415910610432845e-02	   2.0000000000000000e+00	
   2.5100000000000002e+00	   2.1133456904609549e-03	   2.0000000000000000e+00	
   2.5200000000000000e+00	   2.0631384032179234e-03	   2.0000000000000000e+00	
   2.5300000000000002e+00	   2.0469355648866649e-03	   2.0000000000000000e+00	
   2.5400000000000000e+00	   2.0230598964412483e-03	   2.0000000000000000e+00	
   2.5499999999999998e+00	   1.9896782477577535e-03	   2.0000000000000000e+00	
   2.5600000000000001e+00	   1.9472735231849114e-03	   2.0000000000000000e+00	
   2.5699999999999998e+00	   1.8963864362167016e-03	   2.0000000000000000e+00	
   2.5800000000000001e+00	   1.8543109665332125e-03	   2.0000000000000000e+00	
   2.5899999999999999e+00	   1.8280143897615453e-03	   2.0000000000000000e+00	
   2.6000000000000001e+00	   1.7931153400989608e-03	   2.0000000000000000e+00	
   2.6099999999999999e+00	   1.7501336815488600e-03	   2.0000000000000000e+00	
   2.6200000000000001e+00	   1.6996379258877869e-03	   2.0000000000000000e+00	
   2.6299999999999999e+00	   1.6422393610271424e-03	   2.0000000000000000e+00	
   2.6400000000000001e+00	   1.6092050623233156e-03	   2.0000000000000000e+00	
   2.6499999999999999e+00	   1.5699454406050695e-03	   3.0000000000000000e+00	
   2.6600000000000001e+00	   1.5165733019941730e-03	   3.0000000000000000e+00	
   2.6699999999999999e+00	   1.4575136957903911e-03	   3.0000000000000000e+00	
   2.6800000000000002e+00	   1.3934854355575066e-03	   3.0000000000000000e+00	
   2.6899999999999999e+00	   1.3369530245991301e-03	   3.0000000000000000e+00	
   2.7000000000000002e+00	   1.2929809143168436e-03	   3.0000000000000000e+00	
   2.7100000000000000e+00	   1.2437346958412698e-03	   3.0000000000000000e+00	
   2.7200000000000002e+00	   1.1898799964199513e-03	   3.0000000000000000e+00	
   2.7300000000000000e+00	   1.1320901703389952e-03	   3.0000000000000000e+00	
   2.7400000000000002e+00	   1.0710405904285070e-03	   3.0000000000000000e+00	
   2.7500000000000000e+00	   1.0263748648385862e-03	   3.0000000000000000e+00	
   2.7600000000000002e+00	   9.8125087757050533e-04	   3.0000000000000000e+00	
   2.7700000000000000e+00	   9.3252210187688700e-04	   3.0000000000000000e+00	
   2.7800000000000002e+00	   8.8081246473092900e-04	   3.0000000000000000e+00	
   2.7900000000000000e+00	   8.2674230603074772e-04	   3.0000000000000000e+00	
   2.8000000000000003e+00	   7.7580638664631607e-04	   3.0000000000000000e+00	
   2.8100000000000001e+00	   7.3462555303915877e-04	   3.0000000000000000e+00	
   2.8199999999999998e+00	   6.9076498519793361e-04	   3.0000000000000000e+00	
   2.8300000000000001e+00	   6.4479693027008622e-04	   3.0000000000000000e+00	
   2.8399999999999999e+00	   5.9728541154324688e-04	   3.0000000000000000e+00	
   2.8500000000000001e+00	   5.4878191133211907e-04	   3.0000000000000000e+00	
   2.8599999999999999e+00	   5.0797278013425817e-04	   3.0000000000000000e+00	
   2.8700000000000001e+00	   4.6861049168533953e-04	   3.0000000000000000e+00	
   2.8799999999999999e+00	   4.2793205843372206e-04	   3.0000000000000000e+00	
   2.8900000000000001e+00	   3.8644517136576795e-04	   3.0000000000000000e+00	
   2.8999999999999999e+00	   3.4464173979187329e-04	   3.0000000000000000e+00	
   2.9100000000000001e+00	   3.0416836200752861e-04	   3.0000000000000000e+00	
   2.9199999999999999e+00	   2.6887496410932243e-04	   3.0000000000000000e+00	
   2.9300000000000002e+00	   2.3297424605650541e-04	   3.0000000000000000e+00	
   2.9399999999999999e+00	   1.9691855043246775e-04	   3.0000000000000000e+00	
   2.9500000000000002e+00	   1.6114190683569340e-04	   3.0000000000000000e+00	
   2.9600000000000000e+00	   1.2605703693235881e-04	   3.0000000000000000e+00	
   2.9700000000000002e+00	   9.3327449391500394e-05	   3.0000000000000000e+00	
   2.9800000000000000e+00	   6.1674120699573010e-05	   3.0000000000000000e+00	
   2.9900000000000002e+00	   3.0438797254062067e-05	   3.0000000000000000e+00	
   3.0000000000000000e+00	   1.3322676295501878e-15	   1.0000000000000000e+00	
   3.0100000000000002e+00	   2.9286583113297127e-05	   3.0000000000000000e+00	
   3.0200000000000000e+00	   5.7174417518179865e-05	   3.0000000000000000e+00	
   3.0300000000000002e+00	   8.5098272599726243e-05	   3.0000000000000000e+00	
   3.0400000000000000e+00	   1.1211014740397651e-04	   3.0000000000000000e+00	
   3.0500000000000003e+00	   1.3788410080972646e-04	   3.0000000000000000e+00	
   3.0600000000000001e+00	   1.6211784345876445e-04	   3.0000000000000000e+00	
   3.0699999999999998e+00	   1.8453456401967827e-04	   3.0000000000000000e+00	
   3.0800000000000001e+00	   2.0723063136851572e-04	   3.0000000000000000e+00	
   3.0899999999999999e+00	   2.3057791062619515e-04	   3.0000000000000000e+00	
   3.1000000000000001e+00	   2.5231896045863067e-04	   3.0000000000000000e+00	
   3.1099999999999999e+00	   2.7220138874772815e-04	   3.0000000000000000e+00	
   3.1200000000000001e+00	   2.8999841092569589e-04	   3.0000000000000000e+00	
   3.1299999999999999e+00	   3.0551002848144826e-04	   3.0000000000000000e+00	
   3.1400000000000001e+00	   3.2543274620855378e-04	   3.0000000000000000e+00	
   3.1499999999999999e+00	   3.4371651113307422e-04	   3.0000000000000000e+00	
   3.1600000000000001e+00	   3.5988967580569131e-04	   3.0000000000000000e+00	
   3.1699999999999999e+00	   3.7377138378436037e-04	   3.0000000000000000e+00	
   3.1800000000000002e+00	   3.8520701541644442e-04	   3.0000000000000000e+00	
   3.1899999999999999e+00	   3.9765866600183220e-04	   3.0000000000000000e+00	
   3.2000000000000002e+00	   4.1299441392761427e-04	   3.0000000000000000e+00	
   3.2100000000000000e+00	   4.2603036525712401e-04	   3.0000000000000000e+00	
   3.2200000000000002e+00	   4.3662748672246288e-04	   3.0000000000000000e+00	
   3.2300000000000000e+00	   4.4467218114974116e-04	   3.0000000000000000e+00	
   3.2400000000000002e+00	   4.5007659258189392e-04	   3.0000000000000000e+00	
   3.2500000000000000e+00	   4.6148040390325828e-04	   3.0000000000000000e+00	
   3.2600000000000002e+00	   4.7187581981344984e-04	   3.0000000000000000e+00	
   3.2700000000000000e+00	   4.7973974778681150e-04	   3.0000000000000000e+00	
   3.2800000000000002e+00	   4.8499536631418927e-04	   3.0000000000000000e+00	
   3.2900000000000000e+00	   4.8759033124134987e-04	   3.0000000000000000e+00	
   3.3000000000000003e+00	   4.9082241475595367e-04	   3.0000000000000000e+00	
   3.3100000000000001e+00	   4.9899742585246543e-04	   3.0000000000000000e+00	
   3.3199999999999998e+00	   5.0459875975938928e-04	   3.0000000000000000e+00	
   3.3300000000000001e+00	   5.0758228469627298e-04	   3.0000000000000000e+00	
   3.3399999999999999e+00	   5.0792694356172063e-04	   3.0000000000000000e+00	
   3.3500000000000001e+00	   5.0563439398154664e-04	   3.0000000000000000e+00	
   3.3599999999999999e+00	   5.0920562153633497e-04	   3.0000000000000000e+00	
   3.3700000000000001e+00	   5.1293608245961408e-04	   3.0000000000000000e+00	
   3.3799999999999999e+00	   5.1408132643615545e-04	   3.0000000000000000e+00	
   3.3900000000000001e+00	   5.1264758845093183e-04	   3.0000000000000000e+00	
   3.3999999999999999e+00	   5.0866213290623463e-04	   3.0000000000000000e+00	
   3.4100000000000001e+00	   5.0447628561411939e-04	   3.0000000000000000e+00	
   3.4199999999999999e+00	   5.0665324707499515e-04	   3.0000000000000000e+00	
   3.4300000000000002e+00	   5.0631521938426793e-04	   3.0000000000000000e+00	
   3.4399999999999999e+00	   5.0349198660470940e-04	   3.0000000000000000e+00	
   3.4500000000000002e+00	   4.9823262416959224e-04	   3.0000000000000000e+00	
   3.4600000000000000e+00	   4.9060467294670396e-04	   3.0000000000000000e+00	
   3.4700000000000002e+00	   4.8775689860813820e-04	   3.0000000000000000e+00	
   3.4800000000000000e+00	   4.8621816220628666e-04	   3.0000000000000000e+00	
   3.4900000000000002e+00	   4.8231759670813723e-04	   3.0000000000000000e+00	
   3.5100000000000002e+00	   8.0152585835158163e-05	   4.0000000000000000e+00	
   3.5200000000000000e+00	   7.7987333534368375e-05	   4.0000000000000000e+00	
   3.5300000000000002e+00	   7.6929160247596329e-05	   4.0000000000000000e+00	
   3.5400000000000000e+00	   7.5774228542435651e-05	   4.0000000000000000e+00	
   3.5500000000000003e+00	   7.4271920859514395e-05	   4.0000000000000000e+00	
   3.5600000000000001e+00	   7.2443972928715183e-05	   4.0000000000000000e+00	
   3.5700000000000003e+00	   7.0313976100688791e-05	   4.0000000000000000e+00	
   3.5800000000000001e+00	   6.8342200114868135e-05	   4.0000000000000000e+00	
   3.5899999999999999e+00	   6.7143767954913613e-05	   4.0000000000000000e+00	
   3.6000000000000001e+00	   6.5638093051934021e-05	   4.0000000000000000e+00	
   3.6099999999999999e+00	   6.3847517472348514e-05	   4.0000000000000000e+00	
   3.6200000000000001e+00	   6.1795850339274594e-05	   4.0000000000000000e+00	
   3.6299999999999999e+00	   5.9508125074048124e-05	   4.0000000000000000e+00	
   3.6400000000000001e+00	   5.7945018709482099e-05	   4.0000000000000000e+00	
   3.6499999999999999e+00	   5.6465638254676875e-05	   4.0000000000000000e+00	
   3.6600000000000001e+00	   5.4741639127886543e-05	   4.0000000000000000e+00	
   3.6699999999999999e+00	   5.2796579768532581e-05	   4.0000000000000000e+00	
   3.6800000000000002e+00	   5.0654905309865939e-05	   4.0000000000000000e+00	
   3.6899999999999999e+00	   4.8533453105625846e-05	   4.0000000000000000e+00	
   3.7000000000000002e+00	   4.7099151232132819e-05	   4.0000000000000000e+00	
   3.7100000000000000e+00	   4.5459509999346004e-05	   4.0000000000000000e+00	
   3.7200000000000002e+00	   4.3637458839396182e-05	   4.0000000000000000e+00	
   3.7300000000000000e+00	   4.1656514214172269e-05	   4.0000000000000000e+00	
   3.7400000000000002e+00	   3.9540566345919181e-05	   4.0000000000000000e+00	
   3.7500000000000000e+00	   3.7833763335437531e-05	   4.0000000000000000e+00	
   3.7600000000000002e+00	   3.6287428801906607e-05	   4.0000000000000000e+00	
   3.7700000000000000e+00	   3.4595553170313487e-05	   4.0000000000000000e+00	
   3.7800000000000002e+00	   3.2780461331483046e-05	   4.0000000000000000e+00	
   3.7900000000000000e+00	   3.0864605189306893e-05	   4.0000000000000000e+00	
   3.8000000000000003e+00	   2.8915261953477156e-05	   4.0000000000000000e+00	
   3.8100000000000001e+00	   2.7464638138408048e-05	   4.0000000000000000e+00	
   3.8200000000000003e+00	   2.5903217590661498e-05	   4.0000000000000000e+00	
   3.8300000000000001e+00	   2.4251938250063887e-05	   4.0000000000000000e+00	
   3.8399999999999999e+00	   2.2531652155821646e-05	   4.0000000000000000e+00	
   3.8500000000000001e+00	   2.0762953120812000e-05	   4.0000000000000000e+00	
   3.8599999999999999e+00	   1.9184353544643429e-05	   4.0000000000000000e+00	
   3.8700000000000001e+00	   1.7748813813778241e-05	   4.0000000000000000e+00	
   3.8799999999999999e+00	   1.6254227234613339e-05	   4.0000000000000000e+00	
   3.8900000000000001e+00	   1.4719740211388554e-05	   4.0000000000000000e+00	
   3.8999999999999999e+00	   1.3164077787397588e-05	   4.0000000000000000e+00	
   3.9100000000000001e+00	   1.1605398054337357e-05	   4.0000000000000000e+00	
   3.9199999999999999e+00	   1.0278418678622003e-05	   4.0000000000000000e+00	
   3.9300000000000002e+00	   8.9300992411889268e-06	   4.0000000000000000e+00	
   3.9399999999999999e+00	   7.5682070856952777e-06	   4.0000000000000000e+00	
   3.9500000000000002e+00	   6.2095683581731009e-06	   4.0000000000000000e+00	
   3.9600000000000000e+00	   4.8703262109928147e-06	   4.0000000000000000e+00	
   3.9700000000000002e+00	   3.5983259496497055e-06	   4.0000000000000000e+00	
   3.9800000000000000e+00	   2.3840133129837682e-06	   4.0000000000000000e+00	
   3.9900000000000002e+00	   1.1795933791969304e-06	   4.0000000000000000e+00	
   4.0000000000000000e+00	   1.7763568394002505e-15	   1.0000000000000000e+00	
   4.0099999999999998e+00	   1.1406068260999547e-06	   4.0000000000000000e+00	
   4.0199999999999996e+00	   2.2289403072139891e-06	   4.0000000000000000e+00	
   4.0300000000000002e+00	   3.3150588873986919e-06	   4.0000000000000000e+00	
   4.0400000000000000e+00	   4.3778208560496523e-06	   4.0000000000000000e+00	
   4.0500000000000007e+00	   5.3970495001998131e-06	   4.0000000000000000e+00	
   4.0600000000000005e+00	   6.3605084310580651e-06	   4.0000000000000000e+00	
   4.0700000000000003e+00	   7.2568856492871703e-06	   4.0000000000000000e+00	
   4.0800000000000001e+00	   8.1303443892899452e-06	   4.0000000000000000e+00	
   4.0899999999999999e+00	   9.0669930326026105e-06	   4.0000000000000000e+00	
   4.0999999999999996e+00	   9.9442421170881090e-06	   4.0000000000000000e+00	
   4.1099999999999994e+00	   1.0751698362954087e-05	   4.0000000000000000e+00	
   4.1200000000000001e+00	   1.1479924748369896e-05	   4.0000000000000000e+00	
   4.1299999999999999e+00	   1.2120497318912626e-05	   4.0000000000000000e+00	
   4.1400000000000006e+00	   1.2878751340483774e-05	   4.0000000000000000e+00	
   4.1500000000000004e+00	   1.3631360944899029e-05	   4.0000000000000000e+00	
   4.1600000000000001e+00	   1.4302838641899740e-05	   4.0000000000000000e+00	
   4.1699999999999999e+00	   1.4885508652140444e-05	   4.0000000000000000e+00	
   4.1799999999999997e+00	   1.5372708749961106e-05	   4.0000000000000000e+00	
   4.1899999999999995e+00	   1.5828224371294830e-05	   4.0000000000000000e+00	
   4.2000000000000002e+00	   1.6471958750874371e-05	   4.0000000000000000e+00	
   4.2100000000000000e+00	   1.7025802443226823e-05	   4.0000000000000000e+00	
   4.2200000000000006e+00	   1.7483717560273782e-05	   4.0000000000000000e+00	
   4.2300000000000004e+00	   1.7840666601376398e-05	   4.0000000000000000e+00	
   4.2400000000000002e+00	   1.8092632468214020e-05	   4.0000000000000000e+00	
   4.2500000000000000e+00	   1.8499878321809327e-05	   4.0000000000000000e+00	
   4.2599999999999998e+00	   1.8952389774340439e-05	   4.0000000000000000e+00	
   4.2699999999999996e+00	   1.9304173587531004e-05	   4.0000000000000000e+00	
   4.2799999999999994e+00	   1.9551676102236293e-05	   4.0000000000000000e+00	
   4.2900000000000000e+00	   1.9692327767883988e-05	   4.0000000000000000e+00	
   4.2999999999999998e+00	   1.9765745942312840e-05	   4.0000000000000000e+00	
   4.3100000000000005e+00	   2.0130989650590791e-05	   4.0000000000000000e+00	
   4.3200000000000003e+00	   2.0392873830044067e-05	   4.0000000000000000e+00	
   4.3300000000000001e+00	   2.0549186865781444e-05	   4.0000000000000000e+00	
   4.3399999999999999e+00	   2.0598656237824642e-05	   4.0000000000000000e+00	
   4.3499999999999996e+00	   2.0540939244861889e-05	   4.0000000000000000e+00	
   4.3599999999999994e+00	   2.0623273617237370e-05	   4.0000000000000000e+00	
   4.3700000000000001e+00	   2.0809028506318938e-05	   4.0000000000000000e+00	
   4.3799999999999999e+00	   2.0889777944788079e-05	   4.0000000000000000e+00	
   4.3900000000000006e+00	   2.0865398978497929e-05	   4.0000000000000000e+00	
   4.4000000000000004e+00	   2.0736638044693834e-05	   4.0000000000000000e+00	
   4.4100000000000001e+00	   2.0505086605171474e-05	   4.0000000000000000e+00	
   4.4199999999999999e+00	   2.0621977068480124e-05	   4.0000000000000000e+00	
   4.4299999999999997e+00	   2.0640195585064358e-05	   4.0000000000000000e+00	
   4.4399999999999995e+00	   2.0556532363574798e-05	   4.0000000000000000e+00	
   4.4499999999999993e+00	   2.0372675825858222e-05	   4.0000000000000000e+00	
   4.4600000000000000e+00	   2.0091088138218804e-05	   4.0000000000000000e+00	
   4.4699999999999998e+00	   1.9908243040267504e-05	   4.0000000000000000e+00	
   4.4800000000000004e+00	   1.9791860974782693e-05	   5.0000000000000000e+00	
   4.4900000000000002e+00	   1.9565883510930249e-05	   5.0000000000000000e+00	
   4.5099999999999998e+00	   3.0418877696725133e-06	   5.0000000000000000e+00	
   4.5199999999999996e+00	   2.9658200282334235e-06	   5.0000000000000000e+00	
   4.5299999999999994e+00	   2.9232222462649560e-06	   5.0000000000000000e+00	
   4.5400000000000000e+00	   2.8851699036547274e-06	   5.0000000000000000e+00	
   4.5499999999999998e+00	   2.8336363830927525e-06	   5.0000000000000000e+00	
   4.5600000000000005e+00	   2.7693873676515324e-06	   5.0000000000000000e+00	
   4.5700000000000003e+00	   2.6932662768874849e-06	   5.0000000000000000e+00	
   4.5800000000000001e+00	   2.6154515015974766e-06	   5.0000000000000000e+00	
   4.5899999999999999e+00	   2.5745861469417264e-06	   5.0000000000000000e+00	
   4.5999999999999996e+00	   2.5216891437196409e-06	   5.0000000000000000e+00	
   4.6099999999999994e+00	   2.4575660146908263e-06	   5.0000000000000000e+00	
   4.6200000000000001e+00	   2.3830852375894551e-06	   5.0000000000000000e+00	
   4.6299999999999999e+00	   2.2991692367746452e-06	   5.0000000000000000e+00	
   4.6400000000000006e+00	   2.2366328893408394e-06	   5.0000000000000000e+00	
   4.6500000000000004e+00	   2.1835478409837350e-06	   5.0000000000000000e+00	
   4.6600000000000001e+00	   2.1207386133870187e-06	   5.0000000000000000e+00	
   4.6699999999999999e+00	   2.0490795484828794e-06	   5.0000000000000000e+00	
   4.6799999999999997e+00	   1.9694856387975079e-06	   5.0000000000000000e+00	
   4.6899999999999995e+00	   1.8850637905076795e-06	   5.0000000000000000e+00	
   4.6999999999999993e+00	   1.8325906211424936e-06	   5.0000000000000000e+00	
   4.7100000000000000e+00	   1.7718825399137828e-06	   5.0000000000000000e+00	
   4.7199999999999998e+00	   1.7038035978744759e-06	   5.0000000000000000e+00	
   4.7300000000000004e+00	   1.6292464618539171e-06	   5.0000000000000000e+00	
   4.7400000000000002e+00	   1.5491240642484527e-06	   5.0000000000000000e+00	
   4.7500000000000000e+00	   1.4806106348741466e-06	   5.0000000000000000e+00	
   4.7599999999999998e+00	   1.4224722891809094e-06	   5.0000000000000000e+00	
   4.7699999999999996e+00	   1.3583934158623023e-06	   5.0000000000000000e+00	
   4.7799999999999994e+00	   1.2892323194568789e-06	   5.0000000000000000e+00	
   4.7900000000000000e+00	   1.2158573173826071e-06	   5.0000000000000000e+00	
   4.7999999999999998e+00	   1.1391391735449119e-06	   5.0000000000000000e+00	
   4.8100000000000005e+00	   1.0823786671387836e-06	   5.0000000000000000e+00	
   4.8200000000000003e+00	   1.0224592306151692e-06	   5.0000000000000000e+00	
   4.8300000000000001e+00	   9.5877810979416722e-07	   5.0000000000000000e+00	
   4.8399999999999999e+00	   8.9215078036275486e-07	   5.0000000000000000e+00	
   4.8499999999999996e+00	   8.2338677676041527e-07	   5.0000000000000000e+00	
   4.8599999999999994e+00	   7.5982565617138675e-07	   5.0000000000000000e+00	
   4.8700000000000001e+00	   7.0403424223819400e-07	   5.0000000000000000e+00	
   4.8799999999999999e+00	   6.4571386948486520e-07	   5.0000000000000000e+00	
   4.8900000000000006e+00	   5.8562112337234851e-07	   5.0000000000000000e+00	
   4.9000000000000004e+00	   5.2427680796718334e-07	   6.0000000000000000e+00	
   4.9100000000000001e+00	   4.6102565387506900e-07	   6.0000000000000000e+00	
   4.9199999999999999e+00	   4.0616260399417570e-07	   6.0000000000000000e+00	
   4.9299999999999997e+00	   3.5197876013803864e-07	   6.0000000000000000e+00	
   4.9399999999999995e+00	   2.9753440666802078e-07	   6.0000000000000000e+00	
   4.9499999999999993e+00	   2.4349427540926172e-07	   6.0000000000000000e+00	
   4.9600000000000000e+00	   1.9048878674432501e-07	   6.0000000000000000e+00	
   4.9699999999999998e+00	   1.3998863734876466e-07	   6.0000000000000000e+00	
   4.9800000000000004e+00	   9.2508137150559833e-08	   6.0000000000000000e+00	
   4.9900000000000002e+00	   4.5654023894670104e-08	   6.0000000000000000e+00	
   5.0000000000000000e+00	   1.9984014443252818e-15	   1.0000000000000000e+00	
   5.0099999999999998e+00	   4.3916729586257475e-08	   6.0000000000000000e+00	
   5.0199999999999996e+00	   8.5598828691857420e-08	   6.0000000000000000e+00	
   5.0299999999999994e+00	   1.2662133519469876e-07	   6.0000000000000000e+00	
   5.0400000000000000e+00	   1.6677886427451938e-07	   6.0000000000000000e+00	
   5.0499999999999998e+00	   2.0507092779453728e-07	   6.0000000000000000e+00	
   5.0600000000000005e+00	   2.4104782414546833e-07	   6.0000000000000000e+00	
   5.0700000000000003e+00	   2.7430022719876490e-07	   6.0000000000000000e+00	
   5.0800000000000001e+00	   3.0563340569500497e-07	   6.0000000000000000e+00	
   5.0899999999999999e+00	   3.3994999859565667e-07	   6.0000000000000000e+00	
   5.0999999999999996e+00	   3.7186012336043461e-07	   6.0000000000000000e+00	
   5.1099999999999994e+00	   4.0099524167835909e-07	   6.0000000000000000e+00	
   5.1200000000000001e+00	   4.2702695135510282e-07	   6.0000000000000000e+00	
   5.1299999999999999e+00	   4.4966853685046715e-07	   6.0000000000000000e+00	
   5.1400000000000006e+00	   4.7514387402358693e-07	   6.0000000000000000e+00	
   5.1500000000000004e+00	   5.0157834374786603e-07	   6.0000000000000000e+00	
   5.1600000000000001e+00	   5.2488848800713583e-07	   6.0000000000000000e+00	
   5.1699999999999999e+00	   5.4481949240958727e-07	   6.0000000000000000e+00	
   5.1799999999999997e+00	   5.6115684166080371e-07	   6.0000000000000000e+00	
   5.1899999999999995e+00	   5.7452967927584808e-07	   6.0000000000000000e+00	
   5.1999999999999993e+00	   5.9630201365568070e-07	   6.0000000000000000e+00	
   5.2100000000000000e+00	   6.1470310230848924e-07	   6.0000000000000000e+00	
   5.2199999999999998e+00	   6.2954429003170276e-07	   6.0000000000000000e+00	
   5.2300000000000004e+00	   6.4067539984336008e-07	   6.0000000000000000e+00	
   5.2400000000000002e+00	   6.4798489074480159e-07	   6.0000000000000000e+00	
   5.2500000000000000e+00	   6.5877878407949453e-07	   6.0000000000000000e+00	
   5.2599999999999998e+00	   6.7307520545956123e-07	   6.0000000000000000e+00	
   5.2699999999999996e+00	   6.8371729111671442e-07	   6.0000000000000000e+00	
   5.2799999999999994e+00	   6.9061156104943677e-07	   6.0000000000000000e+00	
   5.2900000000000000e+00	   6.9370063193741061e-07	   6.0000000000000000e+00	
   5.2999999999999998e+00	   6.9296269877838768e-07	   6.0000000000000000e+00	
   5.3100000000000005e+00	   7.0312689004481399e-07	   6.0000000000000000e+00	
   5.3200000000000003e+00	   7.1033685744570363e-07	   6.0000000000000000e+00	
   5.3300000000000001e+00	   7.1383132260738336e-07	   6.0000000000000000e+00	
   5.3399999999999999e+00	   7.1359951947513878e-07	   6.0000000000000000e+00	
   5.3499999999999996e+00	   7.0966323884036342e-07	   6.0000000000000000e+00	
   5.3599999999999994e+00	   7.0830560561230271e-07	   6.0000000000000000e+00	
   5.3700000000000001e+00	   7.1272893675811133e-07	   6.0000000000000000e+00	
   5.3799999999999999e+00	   7.1353048503031147e-07	   6.0000000000000000e+00	
   5.3900000000000006e+00	   7.1073897012219334e-07	   6.0000000000000000e+00	
   5.4000000000000004e+00	   7.0441261101894526e-07	   6.0000000000000000e+00	
   5.4100000000000001e+00	   6.9463777740974564e-07	   6.0000000000000000e+00	
   5.4199999999999999e+00	   6.9440684202781711e-07	   6.0000000000000000e+00	
   5.4299999999999997e+00	   6.9309902087089093e-07	   6.0000000000000000e+00	
   5.4399999999999995e+00	   6.8837743710803423e-07	   6.0000000000000000e+00	
   5.4499999999999993e+00	   6.8033007449841421e-07	   6.0000000000000000e+00	
   5.4600000000000000e+00	   6.6906988682724489e-07	   6.0000000000000000e+00	
   5.4699999999999998e+00	   6.5894693648815839e-07	   6.0000000000000000e+00	
   5.4800000000000004e+00	   6.5600013265942891e-07	   6.0000000000000000e+00	
   5.4900000000000002e+00	   6.4985688469354486e-07	   6.0000000000000000e+00	
   5.5099999999999998e+00	   1.1070178329575242e-07	   7.0000000000000000e+00	
   5.5199999999999996e+00	   1.0771875880166704e-07	   7.0000000000000000e+00	
   5.5299999999999994e+00	   1.0579184195336211e-07	   7.0000000000000000e+00	
   5.5400000000000000e+00	   1.0420576113112645e-07	   7.0000000000000000e+00	
   5.5499999999999998e+00	   1.0213915002665885e-07	   7.0000000000000000e+00	
   5.5600000000000005e+00	   9.9622715188374400e-08	   7.0000000000000000e+00	
   5.5700000000000003e+00	   9.6689700024299441e-08	   7.0000000000000000e+00	
   5.5800000000000001e+00	   9.3556110192238862e-08	   7.0000000000000000e+00	
   5.5899999999999999e+00	   9.1908576305144152e-08	   7.0000000000000000e+00	
   5.5999999999999996e+00	   8.9838083638937860e-08	   7.0000000000000000e+00	
   5.6099999999999994e+00	   8.7376090807111950e-08	   7.0000000000000000e+00	
   5.6200000000000001e+00	   8.4556057711182575e-08	   7.0000000000000000e+00	
   5.6299999999999999e+00	   8.1413062069657371e-08	   7.0000000000000000e+00	
   5.6400000000000006e+00	   7.8907789857751709e-08	   7.0000000000000000e+00	
   5.6500000000000004e+00	   7.6877810117892409e-08	   7.0000000000000000e+00	
   5.6600000000000001e+00	   7.4513716752377945e-08	   7.0000000000000000e+00	
   5.6699999999999999e+00	   7.1848446747679873e-08	   7.0000000000000000e+00	
   5.6799999999999997e+00	   6.8916082618386554e-08	   7.0000000000000000e+00	
   5.6899999999999995e+00	   6.5751516453715908e-08	   7.0000000000000000e+00	
   5.6999999999999993e+00	   6.3755995705072621e-08	   7.0000000000000000e+00	
   5.7100000000000000e+00	   6.1516818861129252e-08	   7.0000000000000000e+00	
   5.7199999999999998e+00	   5.9030979771002023e-08	   7.0000000000000000e+00	
   5.7300000000000004e+00	   5.6331047937341339e-08	   7.0000000000000000e+00	
   5.7400000000000002e+00	   5.3450042059033365e-08	   7.0000000000000000e+00	
   5.7500000000000000e+00	   5.0893340541868781e-08	   7.0000000000000000e+00	
   5.7599999999999998e+00	   4.8793296403282227e-08	   7.0000000000000000e+00	
   5.7699999999999996e+00	   4.6498150774176850e-08	   7.0000000000000000e+00	
   5.7799999999999994e+00	   4.4038614865904435e-08	   7.0000000000000000e+00	
   5.7900000000000000e+00	   4.1445470500001136e-08	   7.0000000000000000e+00	
   5.7999999999999998e+00	   3.8749307429419844e-08	   7.0000000000000000e+00	
   5.8100000000000005e+00	   3.6677497039505624e-08	   7.0000000000000000e+00	
   5.8200000000000003e+00	   3.4574259899500248e-08	   7.0000000000000000e+00	
   5.8300000000000001e+00	   3.2352617473918599e-08	   7.0000000000000000e+00	
   5.8399999999999999e+00	   3.0040899545724642e-08	   7.0000000000000000e+00	
   5.8499999999999996e+00	   2.7667007351794837e-08	   7.0000000000000000e+00	
   5.8599999999999994e+00	   2.5432240535749884e-08	   7.0000000000000000e+00	
   5.8700000000000001e+00	   2.3514936664525976e-08	   7.0000000000000000e+00	
   5.8799999999999999e+00	   2.1521217030695539e-08	   7.0000000000000000e+00	
   5.8900000000000006e+00	   1.9476848134303282e-08	   7.0000000000000000e+00	
   5.9000000000000004e+00	   1.7406917462992055e-08	   7.0000000000000000e+00	
   5.9100000000000001e+00	   1.5335643421821032e-08	   7.0000000000000000e+00	
   5.9199999999999999e+00	   1.3510456309262509e-08	   7.0000000000000000e+00	
   5.9299999999999997e+00	   1.1729785365233170e-08	   7.0000000000000000e+00	
   5.9399999999999995e+00	   9.9336254777426802e-09	   7.0000000000000000e+00	
   5.9500000000000002e+00	   8.1442350641225403e-09	   7.0000000000000000e+00	
   5.9600000000000000e+00	   6.3828902163720613e-09	   7.0000000000000000e+00	
   5.9699999999999998e+00	   4.6903974038059459e-09	   7.0000000000000000e+00	
   5.9800000000000004e+00	   3.1050930715537106e-09	   7.0000000000000000e+00	
   5.9900000000000002e+00	   1.5351240278960177e-09	   7.0000000000000000e+00	
   6.0000000000000000e+00	   2.1094237467877974e-15	   1.0000000000000000e+00	
   6.0099999999999998e+00	   1.4818901661328709e-09	   7.0000000000000000e+00	
   6.0199999999999996e+00	   2.8933961893073956e-09	   7.0000000000000000e+00	
   6.0300000000000002e+00	   4.2794405796797719e-09	   7.0000000000000000e+00	
   6.0400000000000000e+00	   5.6463078657031929e-09	   7.0000000000000000e+00	
   6.0499999999999998e+00	   6.9544805469945459e-09	   7.0000000000000000e+00	
   6.0600000000000005e+00	   8.1883237967872446e-09	   7.0000000000000000e+00	
   6.0700000000000003e+00	   9.3335126294391557e-09	   7.0000000000000000e+00	
   6.0800000000000001e+00	   1.0397682936869046e-08	   7.0000000000000000e+00	
   6.0899999999999999e+00	   1.1584290859900648e-08	   7.0000000000000000e+00	
   6.0999999999999996e+00	   1.2692453532636705e-08	   7.0000000000000000e+00	
   6.1099999999999994e+00	   1.3709154034202697e-08	   7.0000000000000000e+00	
   6.1200000000000001e+00	   1.4622702160238532e-08	   7.0000000000000000e+00	
   6.1299999999999999e+00	   1.5422759291894295e-08	   7.0000000000000000e+00	
   6.1399999999999997e+00	   1.6292367677195330e-08	   7.0000000000000000e+00	
   6.1500000000000004e+00	   1.7226024606742385e-08	   7.0000000000000000e+00	
   6.1600000000000001e+00	   1.8054856942839592e-08	   7.0000000000000000e+00	
   6.1699999999999999e+00	   1.8769610088398281e-08	   7.0000000000000000e+00	
   6.1799999999999997e+00	   1.9362365932806824e-08	   7.0000000000000000e+00	
   6.1899999999999995e+00	   1.9826586816762415e-08	   7.0000000000000000e+00	
   6.2000000000000002e+00	   2.0600154804206738e-08	   7.0000000000000000e+00	
   6.2100000000000000e+00	   2.1268001582086526e-08	   7.0000000000000000e+00	
   6.2199999999999998e+00	   2.1814180017898366e-08	   7.0000000000000000e+00	
   6.2300000000000004e+00	   2.2232965024571172e-08	   7.0000000000000000e+00	
   6.2400000000000002e+00	   2.2519957343369867e-08	   7.0000000000000000e+00	
   6.2500000000000000e+00	   2.2886646355857465e-08	   7.0000000000000000e+00	
   6.2599999999999998e+00	   2.3417491501476206e-08	   7.0000000000000000e+00	
   6.2699999999999996e+00	   2.3822174899379434e-08	   7.0000000000000000e+00	
   6.2800000000000002e+00	   2.4096932449424457e-08	   7.0000000000000000e+00	
   6.2900000000000000e+00	   2.4239238949341768e-08	   7.0000000000000000e+00	
   6.2999999999999998e+00	   2.4247841956537286e-08	   7.0000000000000000e+00	
   6.3100000000000005e+00	   2.4592907155174260e-08	   7.0000000000000000e+00	
   6.3200000000000003e+00	   2.4879765136986975e-08	   7.0000000000000000e+00	
   6.3300000000000001e+00	   2.5036728246163875e-08	   7.0000000000000000e+00	
   6.3399999999999999e+00	   2.5062954489563083e-08	   7.0000000000000000e+00	
   6.3499999999999996e+00	   2.4958734190505538e-08	   7.0000000000000000e+00	
   6.3599999999999994e+00	   2.4899029060776456e-08	   7.0000000000000000e+00	
   6.3700000000000001e+00	   2.5088249255844630e-08	   7.0000000000000000e+00	
   6.3799999999999999e+00	   2.5149924753886665e-08	   7.0000000000000000e+00	
   6.3899999999999997e+00	   2.5084628763050176e-08	   7.0000000000000000e+00	
   6.4000000000000004e+00	   2.4893977101925202e-08	   7.0000000000000000e+00	
   6.4100000000000001e+00	   2.4580606217128320e-08	   7.0000000000000000e+00	
   6.4199999999999999e+00	   2.4559151740044527e-08	   7.0000000000000000e+00	
   6.4299999999999997e+00	   2.4544368870671462e-08	   7.0000000000000000e+00	
   6.4399999999999995e+00	   2.4408163490363677e-08	   7.0000000000000000e+00	
   6.4500000000000002e+00	   2.4153252287106852e-08	   7.0000000000000000e+00	
   6.4600000000000000e+00	   2.3783286895451283e-08	   7.0000000000000000e+00	
   6.4699999999999998e+00	   2.3409637256444071e-08	   7.0000000000000000e+00	
   6.4800000000000004e+00	   2.3333788456980642e-08	   7.0000000000000000e+00	
   6.4900000000000002e+00	   2.3143558847138479e-08	   7.0000000000000000e+00	
   6.5099999999999998e+00	   3.7343323988636712e-09	   8.0000000000000000e+00	
   6.5199999999999996e+00	   3.6393092983644237e-09	   8.0000000000000000e+00	
   6.5300000000000002e+00	   3.5747564908206186e-09	   8.0000000000000000e+00	
   6.5400000000000000e+00	   3.5265175224452605e-09	   8.0000000000000000e+00	
   6.5499999999999998e+00	   3.4618039546074897e-09	   8.0000000000000000e+00	
   6.5600000000000005e+00	   3.3815832356509645e-09	   8.0000000000000000e+00	
   6.5700000000000003e+00	   3.2869260646606335e-09	   8.0000000000000000e+00	
   6.5800000000000001e+00	   3.1807636524661120e-09	   8.0000000000000000e+00	
   6.5899999999999999e+00	   3.1293714286562135e-09	   8.0000000000000000e+00	
   6.5999999999999996e+00	   3.0633686698422480e-09	   8.0000000000000000e+00	
   6.6099999999999994e+00	   2.9837496917650697e-09	   8.0000000000000000e+00	
   6.6200000000000001e+00	   2.8916313787874515e-09	   8.0000000000000000e+00	
   6.6299999999999999e+00	   2.7881577047139672e-09	   8.0000000000000000e+00	
   6.6399999999999997e+00	   2.7025504056865657e-09	   8.0000000000000000e+00	
   6.6500000000000004e+00	   2.6367747985034384e-09	   8.0000000000000000e+00	
   6.6600000000000001e+00	   2.5593007713098359e-09	   8.0000000000000000e+00	
   6.6699999999999999e+00	   2.4712212276511991e-09	   8.0000000000000000e+00	
   6.6799999999999997e+00	   2.3736752563507935e-09	   8.0000000000000000e+00	
   6.6899999999999995e+00	   2.2678297018075000e-09	   8.0000000000000000e+00	
   6.7000000000000002e+00	   2.1990526066772986e-09	   8.0000000000000000e+00	
   6.7100000000000000e+00	   2.1247273940261380e-09	   8.0000000000000000e+00	
   6.7199999999999998e+00	   2.0416485169150178e-09	   8.0000000000000000e+00	
   6.7300000000000004e+00	   1.9509022175512314e-09	   8.0000000000000000e+00	
   6.7400000000000002e+00	   1.8536193691076619e-09	   8.0000000000000000e+00	
   6.7500000000000000e+00	   1.7649252059825926e-09	   8.0000000000000000e+00	
   6.7599999999999998e+00	   1.6943541014668995e-09	   8.0000000000000000e+00	
   6.7699999999999996e+00	   1.6167890359852777e-09	   8.0000000000000000e+00	
   6.7800000000000002e+00	   1.5332753955377143e-09	   8.0000000000000000e+00	
   6.7900000000000000e+00	   1.4448665597299737e-09	   8.0000000000000000e+00	
   6.7999999999999998e+00	   1.3526283426656960e-09	   8.0000000000000000e+00	
   6.8100000000000005e+00	   1.2802381377241545e-09	   8.0000000000000000e+00	
   6.8200000000000003e+00	   1.2083698486264893e-09	   8.0000000000000000e+00	
   6.8300000000000001e+00	   1.1321552584320216e-09	   8.0000000000000000e+00	
   6.8399999999999999e+00	   1.0525900151492351e-09	   8.0000000000000000e+00	
   6.8499999999999996e+00	   9.7062935466851741e-10	   8.0000000000000000e+00	
   6.8599999999999994e+00	   8.9215257403907344e-10	   8.0000000000000000e+00	
   6.8700000000000001e+00	   8.2591511407770213e-10	   8.0000000000000000e+00	
   6.8799999999999999e+00	   7.5681771960489641e-10	   8.0000000000000000e+00	
   6.8899999999999997e+00	   6.8577099554545384e-10	   8.0000000000000000e+00	
   6.9000000000000004e+00	   6.1363003567294072e-10	   8.0000000000000000e+00	
   6.9100000000000001e+00	   5.4126947368615674e-10	   8.0000000000000000e+00	
   6.9199999999999999e+00	   4.7678239134540945e-10	   8.0000000000000000e+00	
   6.9299999999999997e+00	   4.1444025988823796e-10	   8.0000000000000000e+00	
   6.9399999999999995e+00	   3.5139713361331815e-10	   8.0000000000000000e+00	
   6.9500000000000002e+00	   2.8843349930696149e-10	   8.0000000000000000e+00	
   6.9600000000000000e+00	   2.2631985174825786e-10	   8.0000000000000000e+00	
   6.9699999999999998e+00	   1.6628476373625745e-10	   8.0000000000000000e+00	
   6.9800000000000004e+00	   1.1021539236821809e-10	   8.0000000000000000e+00	
   6.9900000000000002e+00	   5.4546145378253641e-11	   8.0000000000000000e+00	
   7.0000000000000000e+00	   1.3322676295501878e-15	   2.0000000000000000e+00	
   7.0099999999999998e+00	   5.2780446679889792e-11	   8.0000000000000000e+00	
   7.0199999999999996e+00	   1.0317102727697147e-10	   8.0000000000000000e+00	
   7.0300000000000002e+00	   1.5254952856480486e-10	   8.0000000000000000e+00	
   7.0400000000000000e+00	   2.0149482082842951e-10	   8.0000000000000000e+00	
   7.0499999999999998e+00	   2.4844970525350618e-10	   8.0000000000000000e+00	
   7.0599999999999996e+00	   2.9285129876654992e-10	   8.0000000000000000e+00	
   7.0700000000000003e+00	   3.3417335565388839e-10	   8.0000000000000000e+00	
   7.0800000000000001e+00	   3.7217873227746168e-10	   8.0000000000000000e+00	
   7.0899999999999999e+00	   4.1509906623105053e-10	   8.0000000000000000e+00	
   7.0999999999999996e+00	   4.5529358061457970e-10	   8.0000000000000000e+00	
   7.1100000000000003e+00	   4.9228909837495394e-10	   8.0000000000000000e+00	
   7.1200000000000001e+00	   5.2564019803469364e-10	   8.0000000000000000e+00	
   7.1299999999999999e+00	   5.5498183826330205e-10	   8.0000000000000000e+00	
   7.1399999999999997e+00	   5.8610782893708802e-10	   8.0000000000000000e+00	
   7.1500000000000004e+00	   6.2033178593878802e-10	   8.0000000000000000e+00	
   7.1600000000000001e+00	   6.5084115874469717e-10	   8.0000000000000000e+00	
   7.1699999999999999e+00	   6.7729621910928017e-10	   8.0000000000000000e+00	
   7.1799999999999997e+00	   6.9939187774537004e-10	   8.0000000000000000e+00	
   7.1899999999999995e+00	   7.1688188718610490e-10	   8.0000000000000000e+00	
   7.2000000000000002e+00	   7.4460870802539603e-10	   8.0000000000000000e+00	
   7.2100000000000000e+00	   7.6950368299577576e-10	   8.0000000000000000e+00	
   7.2199999999999998e+00	   7.9004924824488398e-10	   8.0000000000000000e+00	
   7.2300000000000004e+00	   8.0599937835046376e-10	   8.0000000000000000e+00	
   7.2400000000000002e+00	   8.1719175870631489e-10	   8.0000000000000000e+00	
   7.2500000000000000e+00	   8.3019613406065673e-10	   8.0000000000000000e+00	
   7.2599999999999998e+00	   8.5026907736818202e-10	   8.0000000000000000e+00	
   7.2699999999999996e+00	   8.6578311186968904e-10	   8.0000000000000000e+00	
   7.2800000000000002e+00	   8.7659335346046419e-10	   8.0000000000000000e+00	
   7.2900000000000000e+00	   8.8259022312797697e-10	   8.0000000000000000e+00	
   7.2999999999999998e+00	   8.8372620332677343e-10	   8.0000000000000000e+00	
   7.3099999999999996e+00	   8.9594154317751418e-10	   8.0000000000000000e+00	
   7.3200000000000003e+00	   9.0722396262066241e-10	   8.0000000000000000e+00	
   7.3300000000000001e+00	   9.1377627686739515e-10	   8.0000000000000000e+00	
   7.3399999999999999e+00	   9.1555651948738159e-10	   8.0000000000000000e+00	
   7.3499999999999996e+00	   9.1256890932811530e-10	   8.0000000000000000e+00	
   7.3600000000000003e+00	   9.0998603097247610e-10	   8.0000000000000000e+00	
   7.3700000000000001e+00	   9.1771101828896917e-10	   8.0000000000000000e+00	
   7.3799999999999999e+00	   9.2077256930167550e-10	   8.0000000000000000e+00	
   7.3899999999999997e+00	   9.1918495037646153e-10	   8.0000000000000000e+00	
   7.4000000000000004e+00	   9.1298923976523838e-10	   8.0000000000000000e+00	
   7.4100000000000001e+00	   9.0226764948297955e-10	   8.0000000000000000e+00	
   7.4199999999999999e+00	   9.0104768091237020e-10	   8.0000000000000000e+00	
   7.4299999999999997e+00	   9.0127039165111000e-10	   8.0000000000000000e+00	
   7.4399999999999995e+00	   8.9701857053370304e-10	   8.0000000000000000e+00	
   7.4500000000000002e+00	   8.8838680856184737e-10	   8.0000000000000000e+00	
   7.4600000000000000e+00	   8.7550081073750619e-10	   8.0000000000000000e+00	
   7.4699999999999998e+00	   8.6131346499485062e-10	   8.0000000000000000e+00	
   7.4800000000000004e+00	   8.5922491344092577e-10	   8.0000000000000000e+00	
   7.4900000000000002e+00	   8.5289880713546040e-10	   8.0000000000000000e+00	
   7.5099999999999998e+00	   1.8582335670203065e-10	   8.0000000000000000e+00	
   7.5199999999999996e+00	   1.8167778392808032e-10	   8.0000000000000000e+00	
   7.5300000000000002e+00	   1.7882451075479366e-10	   8.0000000000000000e+00	
   7.5400000000000000e+00	   1.7696444309933668e-10	   8.0000000000000000e+00	
   7.5499999999999998e+00	   1.7427370657685515e-10	   8.0000000000000000e+00	
   7.5599999999999996e+00	   1.7077250724639725e-10	   8.0000000000000000e+00	
   7.5700000000000003e+00	   1.6652235146352723e-10	   8.0000000000000000e+00	
   7.5800000000000001e+00	   1.6155787818661338e-10	   8.0000000000000000e+00	
   7.5899999999999999e+00	   1.5935963659785557e-10	   8.0000000000000000e+00	
   7.5999999999999996e+00	   1.5648904394538476e-10	   8.0000000000000000e+00	
   7.6100000000000003e+00	   1.5290013699598148e-10	   8.0000000000000000e+00	
   7.6200000000000001e+00	   1.4864065533970461e-10	   8.0000000000000000e+00	
   7.6299999999999999e+00	   1.4377010693067405e-10	   8.0000000000000000e+00	
   7.6399999999999997e+00	   1.3963297185171086e-10	   8.0000000000000000e+00	
   7.6500000000000004e+00	   1.3666201503781394e-10	   8.0000000000000000e+00	
   7.6600000000000001e+00	   1.3305356816317726e-10	   8.0000000000000000e+00	
   7.6699999999999999e+00	   1.2887491074309310e-10	   8.0000000000000000e+00	
   7.6799999999999997e+00	   1.2416490058342333e-10	   8.0000000000000000e+00	
   7.6900000000000004e+00	   1.1899592422537353e-10	   8.0000000000000000e+00	
   7.7000000000000002e+00	   1.1561007706717419e-10	   8.0000000000000000e+00	
   7.7100000000000000e+00	   1.1204537297970774e-10	   8.0000000000000000e+00	
   7.7199999999999998e+00	   1.0799572347508501e-10	   8.0000000000000000e+00	
   7.7300000000000004e+00	   1.0351064450020431e-10	   8.0000000000000000e+00	
   7.7400000000000002e+00	   9.8646979473926422e-11	   8.0000000000000000e+00	
   7.7500000000000000e+00	   9.4108387749258782e-11	   8.0000000000000000e+00	
   7.7599999999999998e+00	   9.0621399273516090e-11	   8.0000000000000000e+00	
   7.7699999999999996e+00	   8.6735174598118192e-11	   8.0000000000000000e+00	
   7.7800000000000002e+00	   8.2503670562061870e-11	   8.0000000000000000e+00	
   7.7900000000000000e+00	   7.7976403112245407e-11	   8.0000000000000000e+00	
   7.7999999999999998e+00	   7.3218875407121686e-11	   8.0000000000000000e+00	
   7.8099999999999996e+00	   6.9432459781637590e-11	   8.0000000000000000e+00	
   7.8200000000000003e+00	   6.5730310083722543e-11	   8.0000000000000000e+00	
   7.8300000000000001e+00	   6.1769700465674759e-11	   8.0000000000000000e+00	
   7.8399999999999999e+00	   5.7598814606762971e-11	   8.0000000000000000e+00	
   7.8499999999999996e+00	   5.3269832989144561e-11	   8.0000000000000000e+00	
   7.8600000000000003e+00	   4.9060977502790593e-11	   8.0000000000000000e+00	
   7.8700000000000001e+00	   4.5547787763666747e-11	   8.0000000000000000e+00	
   7.8799999999999999e+00	   4.1862957544935853e-11	   8.0000000000000000e+00	
   7.8899999999999997e+00	   3.8046010786274564e-11	   8.0000000000000000e+00	
   7.9000000000000004e+00	   3.4136249382754613e-11	   8.0000000000000000e+00	
   7.9100000000000001e+00	   3.0203617384927384e-11	   8.0000000000000000e+00	
   7.9199999999999999e+00	   2.6654012330595833e-11	   8.0000000000000000e+00	
   7.9299999999999997e+00	   2.3240298574478402e-11	   8.0000000000000000e+00	
   7.9400000000000004e+00	   1.9764634373586887e-11	   8.0000000000000000e+00	
   7.9500000000000002e+00	   1.6267653890622569e-11	   8.0000000000000000e+00	
   7.9600000000000000e+00	   1.2803091919977305e-11	   8.0000000000000000e+00	
   7.9699999999999998e+00	   9.4251273452528039e-12	   8.0000000000000000e+00	
   7.9800000000000004e+00	   6.2736482675518346e-12	   8.0000000000000000e+00	
   7.9900000000000002e+00	   3.1104008257898386e-12	   8.0000000000000000e+00	
   8.0000000000000000e+00	   3.1086244689504383e-15	   1.0000000000000000e+00	
