   5.1000000000000001e-01	   3.4671082768749772e+00	   3.0000000000000000e+00	
   5.2000000000000002e-01	   3.3071475308508003e+00	   3.0000000000000000e+00	
   5.3000000000000003e-01	   3.2679982668548906e+00	   4.0000000000000000e+00	
   5.4000000000000004e-01	   3.4804664853951524e+00	   1.0000000000000000e+00	
   5.5000000000000004e-01	   3.4265805250467833e+00	   1.0000000000000000e+00	
   5.6000000000000005e-01	   3.3296444568660180e+00	   1.0000000000000000e+00	
   5.7000000000000006e-01	   3.1769817769223643e+00	   1.0000000000000000e+00	
   5.7999999999999996e-01	   3.0364165423984453e+00	   1.0000000000000000e+00	
   5.8999999999999997e-01	   2.9935467837564294e+00	   1.0000000000000000e+00	
   5.9999999999999998e-01	   2.9672373901706992e+00	   1.0000000000000000e+00	
   6.0999999999999999e-01	   2.9469608902262361e+00	   1.0000000000000000e+00	
   6.2000000000000000e-01	   2.8382151826774731e+00	   1.0000000000000000e+00	
   6.3000000000000000e-01	   2.7255877602569489e+00	   1.0000000000000000e+00	
   6.4000000000000001e-01	   2.6474898102380999e+00	   1.0000000000000000e+00	
   6.5000000000000002e-01	   2.6364074657271379e+00	   1.0000000000000000e+00	
   6.6000000000000003e-01	   2.6292563595629570e+00	   1.0000000000000000e+00	
   6.7000000000000004e-01	   2.5943004608807074e+00	   1.0000000000000000e+00	
   6.7999999999999994e-01	   2.5006151076435570e+00	   1.0000000000000000e+00	
   6.8999999999999995e-01	   2.4132212809026878e+00	   1.0000000000000000e+00	
   6.9999999999999996e-01	   2.3877488667073736e+00	   1.0000000000000000e+00	
   7.0999999999999996e-01	   2.3886382539791984e+00	   1.0000000000000000e+00	
   7.1999999999999997e-01	   2.3259270812409998e+00	   8.0000000000000000e+00	
   7.2999999999999998e-01	   2.2215288582244290e+00	   8.0000000000000000e+00	
   7.3999999999999999e-01	   2.2271558878465374e+00	   8.0000000000000000e+00	
   7.5000000000000000e-01	   2.1675179129183131e+00	   8.0000000000000000e+00	
   7.6000000000000001e-01	   2.1302278327741888e+00	   7.0000000000000000e+00	
   7.7000000000000002e-01	   2.1150234753758848e+00	   6.0000000000000000e+00	
   7.8000000000000003e-01	   2.0502259487067565e+00	   6.0000000000000000e+00	
   7.9000000000000004e-01	   2.0826104603952258e+00	   5.0000000000000000e+00	
   8.0000000000000004e-01	   2.0509573090535249e+00	   5.0000000000000000e+00	
   8.1000000000000005e-01	   2.0245282332869854e+00	   5.0000000000000000e+00	
   8.2000000000000006e-01	   2.0372914798262354e+00	   5.0000000000000000e+00	
   8.3000000000000007e-01	   2.0733700075985242e+00	   4.0000000000000000e+00	
   8.4000000000000008e-01	   2.0051597764561531e+00	   4.0000000000000000e+00	
   8.5000000000000009e-01	   1.9248618769079244e+00	   4.0000000000000000e+00	
   8.5999999999999999e-01	   1.9506343932947710e+00	   4.0000000000000000e+00	
   8.7000000000000000e-01	   1.9719572096498967e+00	   1.0000000000000000e+00	
   8.8000000000000000e-01	   1.9886445513157756e+00	   1.0000000000000000e+00	
   8.9000000000000001e-01	   1.9938640691400089e+00	   3.0000000000000000e+00	
   9.0000000000000002e-01	   1.9248740214116746e+00	   3.0000000000000000e+00	
   9.1000000000000003e-01	   1.8676034206970060e+00	   3.0000000000000000e+00	
   9.1999999999999993e-01	   1.8735946488908912e+00	   3.0000000000000000e+00	
   9.2999999999999994e-01	   1.8825116258102184e+00	   3.0000000000000000e+00	
   9.3999999999999995e-01	   1.8942671314292638e+00	   3.0000000000000000e+00	
   9.4999999999999996e-01	   1.8687102948791035e+00	   3.0000000000000000e+00	
   9.5999999999999996e-01	   1.8147881646694448e+00	   3.0000000000000000e+00	
   9.6999999999999997e-01	   1.8147294323716947e+00	   3.0000000000000000e+00	
   9.7999999999999998e-01	   1.8193155559357290e+00	   3.0000000000000000e+00	
   9.8999999999999999e-01	   1.8305949475464185e+00	   3.0000000000000000e+00	
   1.0000000000000000e+00	   1.8520136147130279e+00	   3.0000000000000000e+00	
   1.0100000000000000e+00	   1.8138741528955551e+00	   3.0000000000000000e+00	
   1.0200000000000000e+00	   1.8059170852492281e+00	   3.0000000000000000e+00	
   1.0300000000000000e+00	   1.8228427292244167e+00	   3.0000000000000000e+00	
   1.0400000000000000e+00	   1.8605415284139399e+00	   3.0000000000000000e+00	
   1.0500000000000000e+00	   1.9009533641703793e+00	   3.0000000000000000e+00	
   1.0600000000000001e+00	   1.9441297104204833e+00	   3.0000000000000000e+00	
   1.0700000000000001e+00	   1.9901245021210008e+00	   3.0000000000000000e+00	
   1.0800000000000001e+00	   2.0389937152216189e+00	   3.0000000000000000e+00	
   1.0899999999999999e+00	   2.0473232748467076e+00	   4.0000000000000000e+00	
   1.1000000000000001e+00	   2.0265085075081912e+00	   4.0000000000000000e+00	
   1.1099999999999999e+00	   2.0015477383679836e+00	   4.0000000000000000e+00	
   1.1200000000000001e+00	   1.9724519440456318e+00	   4.0000000000000000e+00	
   1.1299999999999999e+00	   1.9922546957190594e+00	   4.0000000000000000e+00	
   1.1400000000000001e+00	   2.0581209776350109e+00	   4.0000000000000000e+00	
   1.1499999999999999e+00	   2.1279075683555697e+00	   4.0000000000000000e+00	
   1.1600000000000001e+00	   2.1185177188857747e+00	   5.0000000000000000e+00	
   1.1699999999999999e+00	   2.0718353418629381e+00	   5.0000000000000000e+00	
   1.1800000000000002e+00	   2.0991990022108085e+00	   5.0000000000000000e+00	
   1.1899999999999999e+00	   4.6282802182321214e-01	   1.0000000000000000e+00	
   1.2000000000000002e+00	   4.4155414696890460e-01	   1.0000000000000000e+00	
   1.2100000000000000e+00	   4.2042659147517536e-01	   1.0000000000000000e+00	
   1.2200000000000000e+00	   3.9981666291382123e-01	   1.0000000000000000e+00	
   1.2300000000000000e+00	   3.7864841129685589e-01	   1.0000000000000000e+00	
   1.2400000000000000e+00	   3.5697545678940135e-01	   1.0000000000000000e+00	
   1.2500000000000000e+00	   3.3485220684586336e-01	   1.0000000000000000e+00	
   1.2600000000000000e+00	   3.1233379633220226e-01	   1.0000000000000000e+00	
   1.2700000000000000e+00	   2.9070818377367347e-01	   1.0000000000000000e+00	
   1.2800000000000000e+00	   2.6929454533952490e-01	   1.0000000000000000e+00	
   1.2900000000000000e+00	   2.4761254312389303e-01	   1.0000000000000000e+00	
   1.3000000000000000e+00	   2.2571772529457645e-01	   1.0000000000000000e+00	
   1.3100000000000001e+00	   2.0366581092810765e-01	   1.0000000000000000e+00	
   1.3200000000000001e+00	   1.8157045287778684e-01	   1.0000000000000000e+00	
   1.3300000000000001e+00	   1.7159083853747270e-01	   1.0000000000000000e+00	
   1.3399999999999999e+00	   1.8176781904323125e-01	   1.0000000000000000e+00	
   1.3500000000000001e+00	   1.8472595601491437e-01	   1.0000000000000000e+00	
   1.3599999999999999e+00	   1.8806263900264830e-01	   1.0000000000000000e+00	
   1.3700000000000001e+00	   2.0892782376817309e-01	   1.0000000000000000e+00	
   1.3799999999999999e+00	   2.3324580535167216e-01	   1.0000000000000000e+00	
   1.3900000000000001e+00	   2.5384545909797751e-01	   1.0000000000000000e+00	
   1.3999999999999999e+00	   2.5605722015193999e-01	   1.0000000000000000e+00	
   1.4100000000000001e+00	   2.5839351115487208e-01	   1.0000000000000000e+00	
   1.4199999999999999e+00	   2.6540783789911604e-01	   1.0000000000000000e+00	
   1.4300000000000002e+00	   2.0753220171530007e-01	   3.0000000000000000e+00	
   1.4399999999999999e+00	   2.0676836996351100e-01	   3.0000000000000000e+00	
   1.4500000000000002e+00	   2.0501494489561178e-01	   3.0000000000000000e+00	
   1.4600000000000000e+00	   2.0531312707899207e-01	   3.0000000000000000e+00	
   1.4700000000000000e+00	   2.0278188983412337e-01	   3.0000000000000000e+00	
   1.4800000000000000e+00	   1.9936687379165985e-01	   3.0000000000000000e+00	
   1.4900000000000000e+00	   1.4282956177882755e-01	   2.0000000000000000e+00	
   1.5100000000000000e+00	   1.8300733538031855e-02	   1.0000000000000000e+00	
   1.5200000000000000e+00	   1.7762844574660708e-02	   1.0000000000000000e+00	
   1.5300000000000000e+00	   1.7273362727574071e-02	   1.0000000000000000e+00	
   1.5400000000000000e+00	   1.6746760035289299e-02	   1.0000000000000000e+00	
   1.5500000000000000e+00	   1.6153370143631163e-02	   1.0000000000000000e+00	
   1.5600000000000001e+00	   1.5500156929117992e-02	   1.0000000000000000e+00	
   1.5700000000000001e+00	   1.4794300278749617e-02	   1.0000000000000000e+00	
   1.5800000000000001e+00	   1.4079316071925030e-02	   1.0000000000000000e+00	
   1.5900000000000001e+00	   1.3422245045230152e-02	   1.0000000000000000e+00	
   1.6000000000000001e+00	   1.2726337600560522e-02	   1.0000000000000000e+00	
   1.6100000000000001e+00	   1.1998377329816567e-02	   1.0000000000000000e+00	
   1.6200000000000001e+00	   1.1245112933449541e-02	   1.0000000000000000e+00	
   1.6300000000000001e+00	   1.0473202555689398e-02	   1.0000000000000000e+00	
   1.6400000000000001e+00	   9.7724926567949177e-03	   1.0000000000000000e+00	
   1.6500000000000001e+00	   9.0879791778892827e-03	   1.0000000000000000e+00	
   1.6599999999999999e+00	   8.3952640372065845e-03	   1.0000000000000000e+00	
   1.6699999999999999e+00	   7.6998441611201285e-03	   1.0000000000000000e+00	
   1.6799999999999999e+00	   7.0069885248459363e-03	   1.0000000000000000e+00	
   1.6899999999999999e+00	   6.3399518501817687e-03	   1.0000000000000000e+00	
   1.7000000000000000e+00	   5.7543266046642394e-03	   1.0000000000000000e+00	
   1.7100000000000000e+00	   5.1774411247301755e-03	   1.0000000000000000e+00	
   1.7200000000000000e+00	   4.6131771032946745e-03	   1.0000000000000000e+00	
   1.7300000000000000e+00	   3.9187299516074692e-03	   2.0000000000000000e+00	
   1.7400000000000000e+00	   3.2490429350251482e-03	   2.0000000000000000e+00	
   1.7500000000000000e+00	   2.6571926670979629e-03	   2.0000000000000000e+00	
   1.7600000000000000e+00	   2.8111002151165465e-03	   2.0000000000000000e+00	
   1.7700000000000000e+00	   2.9430793393463439e-03	   2.0000000000000000e+00	
   1.7800000000000000e+00	   3.0416715505761083e-03	   2.0000000000000000e+00	
   1.7900000000000000e+00	   3.0897141354833124e-03	   2.0000000000000000e+00	
   1.8000000000000000e+00	   3.0921839471955703e-03	   2.0000000000000000e+00	
   1.8100000000000001e+00	   3.0540338483646678e-03	   2.0000000000000000e+00	
   1.8200000000000001e+00	   2.9863643999195055e-03	   2.0000000000000000e+00	
   1.8300000000000001e+00	   2.9122250180306786e-03	   2.0000000000000000e+00	
   1.8400000000000001e+00	   2.8060969654923884e-03	   2.0000000000000000e+00	
   1.8500000000000001e+00	   2.6728223783372140e-03	   2.0000000000000000e+00	
   1.8600000000000001e+00	   2.5170713891304874e-03	   2.0000000000000000e+00	
   1.8700000000000001e+00	   2.3433135484485224e-03	   2.0000000000000000e+00	
   1.8800000000000001e+00	   2.1705964696108193e-03	   2.0000000000000000e+00	
   1.8900000000000001e+00	   1.9880920366106558e-03	   2.0000000000000000e+00	
   1.9000000000000001e+00	   1.7954999731528698e-03	   2.0000000000000000e+00	
   1.9099999999999999e+00	   1.5966019950863775e-03	   2.0000000000000000e+00	
   1.9199999999999999e+00	   1.3948969861072857e-03	   2.0000000000000000e+00	
   1.9299999999999999e+00	   1.1975497699077131e-03	   2.0000000000000000e+00	
   1.9399999999999999e+00	   1.0063907821511453e-03	   2.0000000000000000e+00	
   1.9500000000000000e+00	   8.1814878778541100e-04	   2.0000000000000000e+00	
   1.9600000000000000e+00	   6.3539631220566051e-04	   2.0000000000000000e+00	
   1.9700000000000000e+00	   4.6039874096415190e-04	   2.0000000000000000e+00	
   1.9800000000000000e+00	   2.9534836095290729e-04	   2.0000000000000000e+00	
   1.9900000000000000e+00	   1.4235120689254366e-04	   2.0000000000000000e+00	
   2.0000000000000000e+00	   2.0943951023931957e+00	   1.0000000000000000e+00	
   2.0099999999999998e+00	   1.1095069700295390e-04	   2.0000000000000000e+00	
   2.0200000000000000e+00	   2.1082891305002072e-04	   2.0000000000000000e+00	
   2.0300000000000002e+00	   2.9893015227488995e-04	   2.0000000000000000e+00	
   2.0400000000000000e+00	   3.7477817211328812e-04	   2.0000000000000000e+00	
   2.0499999999999998e+00	   4.3937140168281985e-04	   2.0000000000000000e+00	
   2.0600000000000001e+00	   4.9312351509578356e-04	   2.0000000000000000e+00	
   2.0700000000000003e+00	   5.3504463052167495e-04	   2.0000000000000000e+00	
   2.0800000000000001e+00	   5.6531018397620869e-04	   2.0000000000000000e+00	
   2.0899999999999999e+00	   5.8425608622236780e-04	   2.0000000000000000e+00	
   2.1000000000000001e+00	   5.9610151847944159e-04	   2.0000000000000000e+00	
   2.1100000000000003e+00	   5.9834347030984780e-04	   2.0000000000000000e+00	
   2.1200000000000001e+00	   5.9134445719966067e-04	   2.0000000000000000e+00	
   2.1299999999999999e+00	   5.7580894156439300e-04	   2.0000000000000000e+00	
   2.1400000000000001e+00	   5.5530690933791593e-04	   2.0000000000000000e+00	
   2.1500000000000004e+00	   5.3006321820181501e-04	   2.0000000000000000e+00	
   2.1600000000000001e+00	   4.9893226578812122e-04	   2.0000000000000000e+00	
   2.1699999999999999e+00	   4.6275972293596812e-04	   2.0000000000000000e+00	
   2.1799999999999997e+00	   4.2503922459069532e-04	   2.0000000000000000e+00	
   2.1899999999999999e+00	   3.8672315941779001e-04	   2.0000000000000000e+00	
   2.2000000000000002e+00	   3.4597797066593383e-04	   2.0000000000000000e+00	
   2.2100000000000000e+00	   3.0359512161337587e-04	   2.0000000000000000e+00	
   2.2199999999999998e+00	   2.6433899509004100e-04	   2.0000000000000000e+00	
   2.2300000000000000e+00	   2.2648132014846389e-04	   2.0000000000000000e+00	
   2.2400000000000002e+00	   1.8908115077942433e-04	   2.0000000000000000e+00	
   2.2500000000000000e+00	   1.5503586022980187e-04	   2.0000000000000000e+00	
   2.2599999999999998e+00	   1.8098876792205232e-04	   2.0000000000000000e+00	
   2.2700000000000000e+00	   2.0121170703246705e-04	   2.0000000000000000e+00	
   2.2800000000000002e+00	   2.1604244393613747e-04	   2.0000000000000000e+00	
   2.2900000000000000e+00	   2.2984369576017905e-04	   2.0000000000000000e+00	
   2.2999999999999998e+00	   2.3713796465352210e-04	   2.0000000000000000e+00	
   2.3100000000000001e+00	   2.3913302531930469e-04	   2.0000000000000000e+00	
   2.3200000000000003e+00	   2.3925071685138022e-04	   2.0000000000000000e+00	
   2.3300000000000001e+00	   2.3276410616768217e-04	   2.0000000000000000e+00	
   2.3399999999999999e+00	   2.2288935344128014e-04	   2.0000000000000000e+00	
   2.3500000000000001e+00	   2.0974491179948096e-04	   2.0000000000000000e+00	
   2.3600000000000003e+00	   1.9052518712392441e-04	   2.0000000000000000e+00	
   2.3700000000000001e+00	   1.7104433744830061e-04	   2.0000000000000000e+00	
   2.3799999999999999e+00	   1.4679686987673080e-04	   2.0000000000000000e+00	
   2.3900000000000001e+00	   1.4560710847155711e-04	   2.0000000000000000e+00	
   2.4000000000000004e+00	   1.7915111509858583e-04	   2.0000000000000000e+00	
   2.4100000000000001e+00	   2.1316187357878214e-04	   2.0000000000000000e+00	
   2.4199999999999999e+00	   2.5076609417784557e-04	   2.0000000000000000e+00	
   2.4299999999999997e+00	   2.9034768223057394e-04	   2.0000000000000000e+00	
   2.4399999999999999e+00	   3.2890065704116456e-04	   2.0000000000000000e+00	
   2.4500000000000002e+00	   3.7027725447524862e-04	   2.0000000000000000e+00	
   2.4600000000000000e+00	   4.1125433501043585e-04	   2.0000000000000000e+00	
   2.4699999999999998e+00	   4.4966460079332027e-04	   2.0000000000000000e+00	
   2.4800000000000000e+00	   4.8864581741203672e-04	   2.0000000000000000e+00	
   2.4900000000000002e+00	   5.2640747871857130e-04	   2.0000000000000000e+00	
   2.5100000000000002e+00	   7.3251110639160899e-05	   3.0000000000000000e+00	
   2.5200000000000000e+00	   7.2875734592026120e-05	   3.0000000000000000e+00	
   2.5300000000000002e+00	   7.2074803135535603e-05	   3.0000000000000000e+00	
   2.5400000000000000e+00	   7.0861128971255738e-05	   3.0000000000000000e+00	
   2.5499999999999998e+00	   6.9251683003201947e-05	   3.0000000000000000e+00	
   2.5600000000000001e+00	   6.7522897697069872e-05	   3.0000000000000000e+00	
   2.5699999999999998e+00	   6.5535540877181830e-05	   3.0000000000000000e+00	
   2.5800000000000001e+00	   6.3215805979122131e-05	   3.0000000000000000e+00	
   2.5899999999999999e+00	   6.0590795757042848e-05	   3.0000000000000000e+00	
   2.6000000000000001e+00	   5.7690138691390835e-05	   3.0000000000000000e+00	
   2.6099999999999999e+00	   5.4721501461352240e-05	   3.0000000000000000e+00	
   2.6200000000000001e+00	   5.1691211650717328e-05	   3.0000000000000000e+00	
   2.6299999999999999e+00	   4.8471712253417287e-05	   3.0000000000000000e+00	
   2.6400000000000001e+00	   4.5096023556401299e-05	   3.0000000000000000e+00	
   2.6499999999999999e+00	   4.1597853870256607e-05	   3.0000000000000000e+00	
   2.6600000000000001e+00	   3.8095803427729003e-05	   3.0000000000000000e+00	
   2.6699999999999999e+00	   3.4747419215164221e-05	   3.0000000000000000e+00	
   2.6800000000000002e+00	   3.1361339993596360e-05	   3.0000000000000000e+00	
   2.6899999999999999e+00	   2.7968194715621841e-05	   3.0000000000000000e+00	
   2.7000000000000002e+00	   2.4597741754228686e-05	   3.0000000000000000e+00	
   2.7100000000000000e+00	   2.1278573404281964e-05	   3.0000000000000000e+00	
   2.7200000000000002e+00	   1.8291443910856131e-05	   3.0000000000000000e+00	
   2.7300000000000000e+00	   1.5390217813715523e-05	   3.0000000000000000e+00	
   2.7400000000000002e+00	   1.2596328187619577e-05	   3.0000000000000000e+00	
   2.7500000000000000e+00	   9.9299949876119342e-06	   3.0000000000000000e+00	
   2.7600000000000002e+00	   1.1450018164715914e-05	   3.0000000000000000e+00	
   2.7700000000000000e+00	   1.2917912610044269e-05	   3.0000000000000000e+00	
   2.7800000000000002e+00	   1.4194129237532493e-05	   3.0000000000000000e+00	
   2.7900000000000000e+00	   1.5213404470637570e-05	   3.0000000000000000e+00	
   2.8000000000000003e+00	   1.5979913506214416e-05	   3.0000000000000000e+00	
   2.8100000000000001e+00	   1.6500340584313378e-05	   3.0000000000000000e+00	
   2.8199999999999998e+00	   1.6843614222938896e-05	   3.0000000000000000e+00	
   2.8300000000000001e+00	   1.7047318554119784e-05	   3.0000000000000000e+00	
   2.8399999999999999e+00	   1.7018058831919092e-05	   3.0000000000000000e+00	
   2.8500000000000001e+00	   1.6229153965374721e-05	   4.0000000000000000e+00	
   2.8599999999999999e+00	   1.5017854315457768e-05	   4.0000000000000000e+00	
   2.8700000000000001e+00	   1.3749010375319060e-05	   4.0000000000000000e+00	
   2.8799999999999999e+00	   1.2459007020959589e-05	   4.0000000000000000e+00	
   2.8900000000000001e+00	   1.1130337268294710e-05	   4.0000000000000000e+00	
   2.8999999999999999e+00	   9.7939576064742795e-06	   4.0000000000000000e+00	
   2.9100000000000001e+00	   8.4765012899890024e-06	   4.0000000000000000e+00	
   2.9199999999999999e+00	   7.2004602238440185e-06	   4.0000000000000000e+00	
   2.9300000000000002e+00	   6.0069200031875880e-06	   4.0000000000000000e+00	
   2.9399999999999999e+00	   4.8824105940425966e-06	   4.0000000000000000e+00	
   2.9500000000000002e+00	   3.8347282163009311e-06	   4.0000000000000000e+00	
   2.9600000000000000e+00	   2.8739284956280642e-06	   4.0000000000000000e+00	
   2.9700000000000002e+00	   2.0070238162528398e-06	   4.0000000000000000e+00	
   2.9800000000000000e+00	   1.2392607833255909e-06	   4.0000000000000000e+00	
   2.9900000000000002e+00	   5.7217405524667697e-07	   4.0000000000000000e+00	
   3.0000000000000000e+00	   2.0943951023931948e+00	   1.0000000000000000e+00	
   3.0100000000000002e+00	   4.3641592828436160e-07	   4.0000000000000000e+00	
   3.0200000000000000e+00	   7.9052312251803869e-07	   4.0000000000000000e+00	
   3.0300000000000002e+00	   1.0664425893480711e-06	   4.0000000000000000e+00	
   3.0400000000000000e+00	   1.2693930080409643e-06	   4.0000000000000000e+00	
   3.0500000000000003e+00	   1.4072243639251525e-06	   4.0000000000000000e+00	
   3.0600000000000001e+00	   1.4858683878848922e-06	   4.0000000000000000e+00	
   3.0699999999999998e+00	   1.5115251958963682e-06	   4.0000000000000000e+00	
   3.0800000000000001e+00	   1.4914276258437553e-06	   4.0000000000000000e+00	
   3.0899999999999999e+00	   1.4329673754254202e-06	   4.0000000000000000e+00	
   3.1000000000000001e+00	   1.3435389696336841e-06	   4.0000000000000000e+00	
   3.1099999999999999e+00	   1.2303998391249849e-06	   4.0000000000000000e+00	
   3.1200000000000001e+00	   1.1005469482405772e-06	   4.0000000000000000e+00	
   3.1299999999999999e+00	   9.6060996823688072e-07	   4.0000000000000000e+00	
   3.1400000000000001e+00	   8.1676101770788989e-07	   4.0000000000000000e+00	
   3.1499999999999999e+00	   6.7464056718868903e-07	   4.0000000000000000e+00	
   3.1600000000000001e+00	   5.3929922594342372e-07	   4.0000000000000000e+00	
   3.1699999999999999e+00	   4.1733730249404744e-07	   4.0000000000000000e+00	
   3.1800000000000002e+00	   3.1283205048637797e-07	   4.0000000000000000e+00	
   3.1899999999999999e+00	   2.2669551746901107e-07	   4.0000000000000000e+00	
   3.2000000000000002e+00	   1.6263159863250110e-07	   4.0000000000000000e+00	
   3.2100000000000000e+00	   1.5802980457557680e-07	   4.0000000000000000e+00	
   3.2200000000000002e+00	   1.9727978384231903e-07	   4.0000000000000000e+00	
   3.2300000000000000e+00	   2.1711113773470458e-07	   4.0000000000000000e+00	
   3.2400000000000002e+00	   2.1736195621180343e-07	   4.0000000000000000e+00	
   3.2500000000000000e+00	   1.9830169128987052e-07	   4.0000000000000000e+00	
   3.2600000000000002e+00	   2.6746402981281392e-07	   4.0000000000000000e+00	
   3.2700000000000000e+00	   3.5749476023916316e-07	   4.0000000000000000e+00	
   3.2800000000000002e+00	   4.6393781727438466e-07	   4.0000000000000000e+00	
   3.2900000000000000e+00	   5.8440806127713074e-07	   4.0000000000000000e+00	
   3.3000000000000003e+00	   7.1630384623766474e-07	   4.0000000000000000e+00	
   3.3100000000000001e+00	   8.5686934858664188e-07	   4.0000000000000000e+00	
   3.3199999999999998e+00	   1.0032554180749997e-06	   4.0000000000000000e+00	
   3.3300000000000001e+00	   1.1525782299681708e-06	   4.0000000000000000e+00	
   3.3399999999999999e+00	   1.3035120134397005e-06	   4.0000000000000000e+00	
   3.3500000000000001e+00	   1.4570957822535036e-06	   4.0000000000000000e+00	
   3.3599999999999999e+00	   1.6059852681049591e-06	   4.0000000000000000e+00	
   3.3700000000000001e+00	   1.7475712037473556e-06	   4.0000000000000000e+00	
   3.3799999999999999e+00	   1.8794361005269877e-06	   4.0000000000000000e+00	
   3.3900000000000001e+00	   1.9993889732727865e-06	   4.0000000000000000e+00	
   3.3999999999999999e+00	   2.1099676084102015e-06	   4.0000000000000000e+00	
   3.4100000000000001e+00	   2.2099959240406974e-06	   4.0000000000000000e+00	
   3.4199999999999999e+00	   2.2934964052367945e-06	   4.0000000000000000e+00	
   3.4300000000000002e+00	   2.3592925366688888e-06	   4.0000000000000000e+00	
   3.4399999999999999e+00	   2.4065209975887569e-06	   4.0000000000000000e+00	
   3.4500000000000002e+00	   2.4394473767674896e-06	   4.0000000000000000e+00	
   3.4600000000000000e+00	   2.4587963132205459e-06	   4.0000000000000000e+00	
   3.4700000000000002e+00	   2.4589416776077400e-06	   4.0000000000000000e+00	
   3.4800000000000000e+00	   2.4401263942763762e-06	   4.0000000000000000e+00	
   3.4900000000000002e+00	   2.4028760188254950e-06	   4.0000000000000000e+00	
   3.5100000000000002e+00	   1.0579905462826389e-07	   5.0000000000000000e+00	
   3.5200000000000000e+00	   1.0888440860057358e-07	   5.0000000000000000e+00	
   3.5300000000000002e+00	   1.1173196345914960e-07	   5.0000000000000000e+00	
   3.5400000000000000e+00	   1.1376068287383134e-07	   5.0000000000000000e+00	
   3.5500000000000003e+00	   1.1552045275919909e-07	   5.0000000000000000e+00	
   3.5600000000000001e+00	   1.1633101770769372e-07	   5.0000000000000000e+00	
   3.5700000000000003e+00	   1.1676261468807070e-07	   5.0000000000000000e+00	
   3.5800000000000001e+00	   1.1623705598040601e-07	   5.0000000000000000e+00	
   3.5899999999999999e+00	   1.1512673303570864e-07	   5.0000000000000000e+00	
   3.6000000000000001e+00	   1.1319747295068794e-07	   5.0000000000000000e+00	
   3.6099999999999999e+00	   1.1038944247587779e-07	   5.0000000000000000e+00	
   3.6200000000000001e+00	   1.0707618902650040e-07	   5.0000000000000000e+00	
   3.6299999999999999e+00	   1.0282482221235512e-07	   5.0000000000000000e+00	
   3.6400000000000001e+00	   9.7879654048504960e-08	   5.0000000000000000e+00	
   3.6499999999999999e+00	   9.2456687750264166e-08	   5.0000000000000000e+00	
   3.6600000000000001e+00	   8.6262953113980245e-08	   5.0000000000000000e+00	
   3.6699999999999999e+00	   7.9408713271611475e-08	   5.0000000000000000e+00	
   3.6800000000000002e+00	   7.2425602959391711e-08	   5.0000000000000000e+00	
   3.6899999999999999e+00	   6.4911441666204439e-08	   5.0000000000000000e+00	
   3.7000000000000002e+00	   5.6956274030461884e-08	   5.0000000000000000e+00	
   3.7100000000000000e+00	   4.8821620302064161e-08	   5.0000000000000000e+00	
   3.7200000000000002e+00	   4.0768880049668610e-08	   5.0000000000000000e+00	
   3.7300000000000000e+00	   3.2563521878969937e-08	   5.0000000000000000e+00	
   3.7400000000000002e+00	   2.4304184886858593e-08	   5.0000000000000000e+00	
   3.7500000000000000e+00	   1.6290844895294754e-08	   5.0000000000000000e+00	
   3.7600000000000002e+00	   2.4041654445028371e-08	   5.0000000000000000e+00	
   3.7700000000000000e+00	   3.1248085008428461e-08	   5.0000000000000000e+00	
   3.7800000000000002e+00	   3.7836183075512508e-08	   5.0000000000000000e+00	
   3.7900000000000000e+00	   4.3740418842475037e-08	   5.0000000000000000e+00	
   3.8000000000000003e+00	   4.9195553186720531e-08	   5.0000000000000000e+00	
   3.8100000000000001e+00	   5.3955445444842098e-08	   5.0000000000000000e+00	
   3.8200000000000003e+00	   5.7862224123184092e-08	   5.0000000000000000e+00	
   3.8300000000000001e+00	   6.0885574582059121e-08	   5.0000000000000000e+00	
   3.8399999999999999e+00	   6.3008803063979713e-08	   5.0000000000000000e+00	
   3.8500000000000001e+00	   6.4547910572088085e-08	   5.0000000000000000e+00	
   3.8599999999999999e+00	   6.5147021111044978e-08	   5.0000000000000000e+00	
   3.8700000000000001e+00	   6.4817914591230874e-08	   5.0000000000000000e+00	
   3.8799999999999999e+00	   6.0989978178938031e-08	   6.0000000000000000e+00	
   3.8900000000000001e+00	   5.3491494567126097e-08	   6.0000000000000000e+00	
   3.8999999999999999e+00	   4.6180417712093913e-08	   6.0000000000000000e+00	
   3.9100000000000001e+00	   3.9189836043007631e-08	   6.0000000000000000e+00	
   3.9199999999999999e+00	   3.2622365475631909e-08	   6.0000000000000000e+00	
   3.9300000000000002e+00	   2.6615207371349925e-08	   6.0000000000000000e+00	
   3.9399999999999999e+00	   2.1144687556429176e-08	   6.0000000000000000e+00	
   3.9500000000000002e+00	   1.6223353327404766e-08	   6.0000000000000000e+00	
   3.9600000000000000e+00	   1.1870290972382236e-08	   6.0000000000000000e+00	
   3.9700000000000002e+00	   8.0880873110089624e-09	   6.0000000000000000e+00	
   3.9800000000000000e+00	   4.8655075524095537e-09	   6.0000000000000000e+00	
   3.9900000000000002e+00	   2.1849686504538113e-09	   6.0000000000000000e+00	
   4.0000000000000000e+00	   9.9920072216264089e-16	   3.0000000000000000e+00	
   4.0099999999999998e+00	   1.6302139638213475e-09	   6.0000000000000000e+00	
   4.0199999999999996e+00	   2.8696973686237470e-09	   6.0000000000000000e+00	
   4.0300000000000002e+00	   3.7601002311760112e-09	   6.0000000000000000e+00	
   4.0400000000000000e+00	   4.3430876672800878e-09	   6.0000000000000000e+00	
   4.0500000000000007e+00	   4.6615671323024799e-09	   6.0000000000000000e+00	
   4.0600000000000005e+00	   4.7580384077150484e-09	   6.0000000000000000e+00	
   4.0700000000000003e+00	   4.6736687853154990e-09	   6.0000000000000000e+00	
   4.0800000000000001e+00	   4.4474570692898396e-09	   6.0000000000000000e+00	
   4.0899999999999999e+00	   4.1156837937705859e-09	   6.0000000000000000e+00	
   4.0999999999999996e+00	   3.7113729867144230e-09	   6.0000000000000000e+00	
   4.1099999999999994e+00	   3.2639917435517418e-09	   6.0000000000000000e+00	
   4.1200000000000001e+00	   2.7991635676016813e-09	   6.0000000000000000e+00	
   4.1299999999999999e+00	   2.3386557135296471e-09	   6.0000000000000000e+00	
   4.1400000000000006e+00	   1.9003176809917477e-09	   6.0000000000000000e+00	
   4.1500000000000004e+00	   1.4981793583501712e-09	   6.0000000000000000e+00	
   4.1600000000000001e+00	   1.1425889123728439e-09	   6.0000000000000000e+00	
   4.1699999999999999e+00	   8.4489504281748395e-10	   6.0000000000000000e+00	
   4.1799999999999997e+00	   6.0465521478647588e-10	   6.0000000000000000e+00	
   4.1899999999999995e+00	   4.2190984039791601e-10	   6.0000000000000000e+00	
   4.2000000000000002e+00	   3.4018632355525824e-10	   6.0000000000000000e+00	
   4.2100000000000000e+00	   4.1435721520599600e-10	   6.0000000000000000e+00	
   4.2200000000000006e+00	   4.4239611973750925e-10	   6.0000000000000000e+00	
   4.2300000000000004e+00	   4.3013881345643767e-10	   6.0000000000000000e+00	
   4.2400000000000002e+00	   3.8445668870679128e-10	   6.0000000000000000e+00	
   4.2500000000000000e+00	   3.1290325885890979e-10	   6.0000000000000000e+00	
   4.2599999999999998e+00	   3.8488301434824734e-10	   6.0000000000000000e+00	
   4.2699999999999996e+00	   4.6772163919683862e-10	   6.0000000000000000e+00	
   4.2799999999999994e+00	   5.4670157290104271e-10	   6.0000000000000000e+00	
   4.2900000000000000e+00	   6.1390981187514626e-10	   6.0000000000000000e+00	
   4.2999999999999998e+00	   6.6673289111918166e-10	   6.0000000000000000e+00	
   4.3100000000000005e+00	   6.9360184262734492e-10	   6.0000000000000000e+00	
   4.3200000000000003e+00	   6.8877348269325012e-10	   6.0000000000000000e+00	
   4.3300000000000001e+00	   6.4759575479911291e-10	   6.0000000000000000e+00	
   4.3399999999999999e+00	   5.7112248263990750e-10	   6.0000000000000000e+00	
   4.3499999999999996e+00	   4.5543924187541052e-10	   6.0000000000000000e+00	
   4.3599999999999994e+00	   2.9796320966113399e-10	   6.0000000000000000e+00	
   4.3700000000000001e+00	   1.3616818783646067e-10	   6.0000000000000000e+00	
   4.3799999999999999e+00	   3.3424618628430380e-10	   6.0000000000000000e+00	
   4.3900000000000006e+00	   5.7643634310267089e-10	   6.0000000000000000e+00	
   4.4000000000000004e+00	   8.6268336918493560e-10	   6.0000000000000000e+00	
   4.4100000000000001e+00	   1.1894121243472000e-09	   6.0000000000000000e+00	
   4.4199999999999999e+00	   1.5494256988546340e-09	   6.0000000000000000e+00	
   4.4299999999999997e+00	   1.9324630784467445e-09	   6.0000000000000000e+00	
   4.4399999999999995e+00	   2.3333233123423724e-09	   6.0000000000000000e+00	
   4.4499999999999993e+00	   2.7409878811113231e-09	   6.0000000000000000e+00	
   4.4600000000000000e+00	   3.1546341094923491e-09	   6.0000000000000000e+00	
   4.4699999999999998e+00	   3.5599134751151951e-09	   6.0000000000000000e+00	
   4.4800000000000004e+00	   3.9510692495525745e-09	   6.0000000000000000e+00	
   4.4900000000000002e+00	   4.3303147734263803e-09	   6.0000000000000000e+00	
   4.5099999999999998e+00	   1.3304479740128272e-10	   7.0000000000000000e+00	
   4.5199999999999996e+00	   1.2506873314777067e-10	   7.0000000000000000e+00	
   4.5299999999999994e+00	   1.1733536364744168e-10	   7.0000000000000000e+00	
   4.5400000000000000e+00	   1.1029999136269453e-10	   7.0000000000000000e+00	
   4.5499999999999998e+00	   1.0393774729777761e-10	   7.0000000000000000e+00	
   4.5600000000000005e+00	   9.7974961477120814e-11	   7.0000000000000000e+00	
   4.5700000000000003e+00	   9.2407859142440429e-11	   7.0000000000000000e+00	
   4.5800000000000001e+00	   8.7204243826022321e-11	   7.0000000000000000e+00	
   4.5899999999999999e+00	   8.2342133111978910e-11	   7.0000000000000000e+00	
   4.5999999999999996e+00	   7.7962969413647443e-11	   7.0000000000000000e+00	
   4.6099999999999994e+00	   7.4492190194064278e-11	   7.0000000000000000e+00	
   4.6200000000000001e+00	   7.1181283090027136e-11	   7.0000000000000000e+00	
   4.6299999999999999e+00	   6.7962302452428958e-11	   7.0000000000000000e+00	
   4.6400000000000006e+00	   6.4764860141508507e-11	   7.0000000000000000e+00	
   4.6500000000000004e+00	   6.1518345972899624e-11	   7.0000000000000000e+00	
   4.6600000000000001e+00	   5.8703930605474852e-11	   7.0000000000000000e+00	
   4.6699999999999999e+00	   5.5944582300071488e-11	   7.0000000000000000e+00	
   4.6799999999999997e+00	   5.2900128721944384e-11	   7.0000000000000000e+00	
   4.6899999999999995e+00	   4.9529491619182409e-11	   7.0000000000000000e+00	
   4.6999999999999993e+00	   4.5776493706739529e-11	   7.0000000000000000e+00	
   4.7100000000000000e+00	   4.2092551666428335e-11	   7.0000000000000000e+00	
   4.7199999999999998e+00	   3.8242298217028292e-11	   7.0000000000000000e+00	
   4.7300000000000004e+00	   3.3943070576469836e-11	   7.0000000000000000e+00	
   4.7400000000000002e+00	   2.9184210603716565e-11	   7.0000000000000000e+00	
   4.7500000000000000e+00	   2.4019675137765262e-11	   7.0000000000000000e+00	
   4.7599999999999998e+00	   2.6184387991179392e-11	   7.0000000000000000e+00	
   4.7699999999999996e+00	   2.8706592658522823e-11	   7.0000000000000000e+00	
   4.7799999999999994e+00	   3.1242453069069143e-11	   7.0000000000000000e+00	
   4.7900000000000000e+00	   3.3780644947967176e-11	   7.0000000000000000e+00	
   4.7999999999999998e+00	   3.6724401297760778e-11	   7.0000000000000000e+00	
   4.8100000000000005e+00	   3.9586556255244432e-11	   7.0000000000000000e+00	
   4.8200000000000003e+00	   4.2224446161753804e-11	   7.0000000000000000e+00	
   4.8300000000000001e+00	   4.4656056630287821e-11	   7.0000000000000000e+00	
   4.8399999999999999e+00	   4.7098547284463166e-11	   7.0000000000000000e+00	
   4.8499999999999996e+00	   4.9069415197777744e-11	   7.0000000000000000e+00	
   4.8599999999999994e+00	   5.0504933568618071e-11	   7.0000000000000000e+00	
   4.8700000000000001e+00	   5.1684323487677375e-11	   7.0000000000000000e+00	
   4.8799999999999999e+00	   5.2189252919276896e-11	   7.0000000000000000e+00	
   4.8900000000000006e+00	   5.1987858462609893e-11	   7.0000000000000000e+00	
   4.9000000000000004e+00	   5.1234905207309112e-11	   7.0000000000000000e+00	
   4.9100000000000001e+00	   4.9634407695009486e-11	   7.0000000000000000e+00	
   4.9199999999999999e+00	   4.7301274008759719e-11	   7.0000000000000000e+00	
   4.9299999999999997e+00	   4.4146464261984875e-11	   7.0000000000000000e+00	
   4.9399999999999995e+00	   4.0133452117174784e-11	   7.0000000000000000e+00	
   4.9499999999999993e+00	   3.5346170434991109e-11	   7.0000000000000000e+00	
   4.9600000000000000e+00	   2.9703794979241138e-11	   7.0000000000000000e+00	
   4.9699999999999998e+00	   2.3331114817892740e-11	   7.0000000000000000e+00	
   4.9800000000000004e+00	   1.4468870546124890e-11	   8.0000000000000000e+00	
   4.9900000000000002e+00	   6.2096994213334256e-12	   8.0000000000000000e+00	
   5.0000000000000000e+00	   2.0943951023931966e+00	   1.0000000000000000e+00	
   5.0099999999999998e+00	   4.1109338155820296e-12	   8.0000000000000000e+00	
   5.0199999999999996e+00	   6.7692518257445045e-12	   8.0000000000000000e+00	
   5.0299999999999994e+00	   8.2085449548685574e-12	   8.0000000000000000e+00	
   5.0400000000000000e+00	   8.6641804841747216e-12	   8.0000000000000000e+00	
   5.0499999999999998e+00	   8.3288931307379244e-12	   8.0000000000000000e+00	
   5.0600000000000005e+00	   7.4398265326180990e-12	   8.0000000000000000e+00	
   5.0700000000000003e+00	   6.1551874708243304e-12	   8.0000000000000000e+00	
   5.0800000000000001e+00	   4.6435078004947172e-12	   8.0000000000000000e+00	
   5.0899999999999999e+00	   3.0538904738364181e-12	   8.0000000000000000e+00	
   5.0999999999999996e+00	   1.4857004515533845e-12	   8.0000000000000000e+00	
   5.1099999999999994e+00	   1.3731238368563936e-12	   8.0000000000000000e+00	
   5.1200000000000001e+00	   2.8164137688690971e-12	   8.0000000000000000e+00	
   5.1299999999999999e+00	   4.0623060471034478e-12	   8.0000000000000000e+00	
   5.1400000000000006e+00	   5.0721649103024902e-12	   8.0000000000000000e+00	
   5.1500000000000004e+00	   5.7944760101236170e-12	   8.0000000000000000e+00	
   5.1600000000000001e+00	   6.2891913898965868e-12	   8.0000000000000000e+00	
   5.1699999999999999e+00	   6.5094596379822178e-12	   8.0000000000000000e+00	
   5.1799999999999997e+00	   6.4699356983055623e-12	   8.0000000000000000e+00	
   5.1899999999999995e+00	   6.1988192356920990e-12	   8.0000000000000000e+00	
   5.1999999999999993e+00	   5.7598370517553121e-12	   8.0000000000000000e+00	
   5.2100000000000000e+00	   5.1560977709641520e-12	   8.0000000000000000e+00	
   5.2199999999999998e+00	   4.4180215041933479e-12	   8.0000000000000000e+00	
   5.2300000000000004e+00	   3.5771385853422544e-12	   8.0000000000000000e+00	
   5.2400000000000002e+00	   2.6856294965682537e-12	   8.0000000000000000e+00	
   5.2500000000000000e+00	   1.7854606682021767e-12	   8.0000000000000000e+00	
   5.2599999999999998e+00	   2.7200464103316335e-12	   8.0000000000000000e+00	
   5.2699999999999996e+00	   3.6091130084514589e-12	   8.0000000000000000e+00	
   5.2799999999999994e+00	   4.4262371545755741e-12	   8.0000000000000000e+00	
   5.2900000000000000e+00	   5.1283421953485231e-12	   8.0000000000000000e+00	
   5.2999999999999998e+00	   5.7127635955112055e-12	   8.0000000000000000e+00	
   5.3100000000000005e+00	   6.1666227679779695e-12	   8.0000000000000000e+00	
   5.3200000000000003e+00	   6.4908078911685152e-12	   8.0000000000000000e+00	
   5.3300000000000001e+00	   6.6715521995774907e-12	   8.0000000000000000e+00	
   5.3399999999999999e+00	   6.7110761392541463e-12	   8.0000000000000000e+00	
   5.3499999999999996e+00	   6.6371352858141108e-12	   8.0000000000000000e+00	
   5.3599999999999994e+00	   6.4557248435903603e-12	   8.0000000000000000e+00	
   5.3700000000000001e+00	   6.1544103147070928e-12	   8.0000000000000000e+00	
   5.3799999999999999e+00	   5.7520654905829360e-12	   8.0000000000000000e+00	
   5.3900000000000006e+00	   5.2691184748709929e-12	   8.0000000000000000e+00	
   5.4000000000000004e+00	   4.7284398618785417e-12	   8.0000000000000000e+00	
   5.4100000000000001e+00	   4.1324721422597577e-12	   8.0000000000000000e+00	
   5.4199999999999999e+00	   3.4998670628283435e-12	   8.0000000000000000e+00	
   5.4299999999999997e+00	   2.8543833963112775e-12	   8.0000000000000000e+00	
   5.4399999999999995e+00	   2.2182256032010628e-12	   8.0000000000000000e+00	
   5.4499999999999993e+00	   1.9160228958980952e-12	   8.0000000000000000e+00	
   5.4600000000000000e+00	   2.4648061369703100e-12	   8.0000000000000000e+00	
   5.4699999999999998e+00	   2.9642954757491680e-12	   8.0000000000000000e+00	
   5.4800000000000004e+00	   3.3878455596436652e-12	   8.0000000000000000e+00	
   5.4900000000000002e+00	   3.7496672433690037e-12	   8.0000000000000000e+00	
   5.5099999999999998e+00	   2.4454882563418323e-12	   8.0000000000000000e+00	
   5.5199999999999996e+00	   2.0636825581732410e-12	   8.0000000000000000e+00	
   5.5299999999999994e+00	   1.6633361354934095e-12	   8.0000000000000000e+00	
   5.5400000000000000e+00	   1.6865397967080753e-12	   8.0000000000000000e+00	
   5.5499999999999998e+00	   1.9565460362969134e-12	   8.0000000000000000e+00	
   5.5600000000000005e+00	   2.2370993946196904e-12	   8.0000000000000000e+00	
   5.5700000000000003e+00	   2.4893420658145260e-12	   8.0000000000000000e+00	
   5.5800000000000001e+00	   2.6987301282588305e-12	   8.0000000000000000e+00	
   5.5899999999999999e+00	   2.8621549574836536e-12	   8.0000000000000000e+00	
   5.5999999999999996e+00	   3.0033753262159735e-12	   8.0000000000000000e+00	
   5.6099999999999994e+00	   3.1283864387887661e-12	   8.0000000000000000e+00	
   5.6200000000000001e+00	   3.1867841698840493e-12	   8.0000000000000000e+00	
   5.6299999999999999e+00	   3.2014391138091014e-12	   8.0000000000000000e+00	
   5.6400000000000006e+00	   3.1776803410821231e-12	   8.0000000000000000e+00	
   5.6500000000000004e+00	   3.1297187064183163e-12	   8.0000000000000000e+00	
   5.6600000000000001e+00	   3.0211388946099760e-12	   8.0000000000000000e+00	
   5.6699999999999999e+00	   2.8623770020885786e-12	   8.0000000000000000e+00	
   5.6799999999999997e+00	   2.6822988274943782e-12	   8.0000000000000000e+00	
   5.6899999999999995e+00	   2.4753532557042490e-12	   8.0000000000000000e+00	
   5.6999999999999993e+00	   2.2137847111025621e-12	   8.0000000000000000e+00	
   5.7100000000000000e+00	   1.9240165016753963e-12	   8.0000000000000000e+00	
   5.7199999999999998e+00	   1.6187051699034782e-12	   8.0000000000000000e+00	
   5.7300000000000004e+00	   1.2951861805277076e-12	   8.0000000000000000e+00	
   5.7400000000000002e+00	   9.3991481264765753e-13	   8.0000000000000000e+00	
   5.7500000000000000e+00	   5.8353322174298228e-13	   8.0000000000000000e+00	
   5.7599999999999998e+00	   8.7319040886768562e-13	   8.0000000000000000e+00	
   5.7699999999999996e+00	   1.1699530233499900e-12	   8.0000000000000000e+00	
   5.7799999999999994e+00	   1.4729328867701952e-12	   8.0000000000000000e+00	
   5.7900000000000000e+00	   1.7701395904623496e-12	   8.0000000000000000e+00	
   5.7999999999999998e+00	   2.0548007739762397e-12	   8.0000000000000000e+00	
   5.8100000000000005e+00	   2.3244739466576902e-12	   8.0000000000000000e+00	
   5.8200000000000003e+00	   2.5557334026871104e-12	   8.0000000000000000e+00	
   5.8300000000000001e+00	   2.7687852011126779e-12	   8.0000000000000000e+00	
   5.8399999999999999e+00	   2.9575231152989545e-12	   8.0000000000000000e+00	
   5.8499999999999996e+00	   3.1080693574381257e-12	   8.0000000000000000e+00	
   5.8599999999999994e+00	   3.2016611584140264e-12	   8.0000000000000000e+00	
   5.8700000000000001e+00	   3.2704949859407861e-12	   8.0000000000000000e+00	
   5.8799999999999999e+00	   3.2878144651249386e-12	   8.0000000000000000e+00	
   5.8900000000000006e+00	   3.2589486664846845e-12	   8.0000000000000000e+00	
   5.9000000000000004e+00	   3.1783464748968981e-12	   8.0000000000000000e+00	
   5.9100000000000001e+00	   3.0540014961388806e-12	   8.0000000000000000e+00	
   5.9199999999999999e+00	   2.8801405704825811e-12	   8.0000000000000000e+00	
   5.9299999999999997e+00	   2.6583180101624748e-12	   8.0000000000000000e+00	
   5.9399999999999995e+00	   2.3820945216357359e-12	   8.0000000000000000e+00	
   5.9500000000000002e+00	   2.0698998071111419e-12	   8.0000000000000000e+00	
   5.9600000000000000e+00	   1.7226220450083929e-12	   8.0000000000000000e+00	
   5.9699999999999998e+00	   1.3362644324388384e-12	   8.0000000000000000e+00	
   5.9800000000000004e+00	   9.0860652335322811e-13	   8.0000000000000000e+00	
   5.9900000000000002e+00	   4.6496140271301556e-13	   8.0000000000000000e+00	
   6.0000000000000000e+00	   2.0943951023931966e+00	   1.0000000000000000e+00	
   6.0099999999999998e+00	   4.9693582582222007e-13	   8.0000000000000000e+00	
   6.0199999999999996e+00	   1.0040857034709916e-12	   8.0000000000000000e+00	
   6.0300000000000002e+00	   1.5210055437364645e-12	   8.0000000000000000e+00	
   6.0400000000000000e+00	   2.0219381724473351e-12	   8.0000000000000000e+00	
   6.0499999999999998e+00	   2.5077717680233036e-12	   8.0000000000000000e+00	
   6.0600000000000005e+00	   2.9756197506003446e-12	   8.0000000000000000e+00	
   6.0700000000000003e+00	   3.4259262093883081e-12	   8.0000000000000000e+00	
   6.0800000000000001e+00	   3.8371528177094660e-12	   8.0000000000000000e+00	
   6.0899999999999999e+00	   4.2030823266259176e-12	   8.0000000000000000e+00	
   6.0999999999999996e+00	   4.5166093087800618e-12	   8.0000000000000000e+00	
   6.1099999999999994e+00	   4.7888359944181502e-12	   8.0000000000000000e+00	
   6.1200000000000001e+00	   5.0026649489609554e-12	   8.0000000000000000e+00	
   6.1299999999999999e+00	   5.1465498529523757e-12	   8.0000000000000000e+00	
   6.1399999999999997e+00	   5.2202686617874861e-12	   8.0000000000000000e+00	
   6.1500000000000004e+00	   5.2309268028238876e-12	   8.0000000000000000e+00	
   6.1600000000000001e+00	   5.1614268414823528e-12	   8.0000000000000000e+00	
   6.1699999999999999e+00	   5.0182080713057076e-12	   8.0000000000000000e+00	
   6.1799999999999997e+00	   4.7903903066526254e-12	   8.0000000000000000e+00	
   6.1899999999999995e+00	   4.4884096439545829e-12	   8.0000000000000000e+00	
   6.2000000000000002e+00	   4.0987213623111529e-12	   8.0000000000000000e+00	
   6.2100000000000000e+00	   3.6366465394621628e-12	   8.0000000000000000e+00	
   6.2199999999999998e+00	   3.1026292646174625e-12	   8.0000000000000000e+00	
   6.2300000000000004e+00	   2.4953372701475018e-12	   8.0000000000000000e+00	
   6.2400000000000002e+00	   1.8052226380405045e-12	   8.0000000000000000e+00	
   6.2500000000000000e+00	   1.0575984532579241e-12	   8.0000000000000000e+00	
   6.2599999999999998e+00	   1.9422241592792489e-12	   8.0000000000000000e+00	
   6.2699999999999996e+00	   2.8752555891742304e-12	   8.0000000000000000e+00	
   6.2800000000000002e+00	   3.8393732637587163e-12	   8.0000000000000000e+00	
   6.2900000000000000e+00	   4.8492321269577587e-12	   8.0000000000000000e+00	
   6.2999999999999998e+00	   5.8894000787290679e-12	   8.0000000000000000e+00	
   6.3100000000000005e+00	   6.9725336615533706e-12	   8.0000000000000000e+00	
   6.3200000000000003e+00	   8.0569995120072235e-12	   8.0000000000000000e+00	
   6.3300000000000001e+00	   9.1516794142876279e-12	   8.0000000000000000e+00	
   6.3399999999999999e+00	   1.0242806602889232e-11	   8.0000000000000000e+00	
   6.3499999999999996e+00	   1.1323053605849509e-11	   8.0000000000000000e+00	
   6.3599999999999994e+00	   1.2395529047637410e-11	   8.0000000000000000e+00	
   6.3700000000000001e+00	   1.3437140289340732e-11	   8.0000000000000000e+00	
   6.3799999999999999e+00	   1.4440115769787099e-11	   8.0000000000000000e+00	
   6.3899999999999997e+00	   1.5389578500446532e-11	   8.0000000000000000e+00	
   6.4000000000000004e+00	   1.6284085191387021e-11	   8.0000000000000000e+00	
   6.4100000000000001e+00	   1.7139401009558242e-11	   8.0000000000000000e+00	
   6.4199999999999999e+00	   1.7920553929684502e-11	   8.0000000000000000e+00	
   6.4299999999999997e+00	   1.8619328301383575e-11	   8.0000000000000000e+00	
   6.4399999999999995e+00	   1.9220403046915635e-11	   8.0000000000000000e+00	
   6.4500000000000002e+00	   1.9756640767809586e-11	   8.0000000000000000e+00	
   6.4600000000000000e+00	   2.0212054252510825e-11	   8.0000000000000000e+00	
   6.4699999999999998e+00	   2.0563550862107149e-11	   8.0000000000000000e+00	
   6.4800000000000004e+00	   2.0795587474253807e-11	   8.0000000000000000e+00	
   6.4900000000000002e+00	   2.0935475575356577e-11	   8.0000000000000000e+00	
   6.5099999999999998e+00	   1.0978995490518173e-12	   8.0000000000000000e+00	
   6.5199999999999996e+00	   9.0771834493352799e-13	   8.0000000000000000e+00	
   6.5300000000000002e+00	   7.2675199191962747e-13	   8.0000000000000000e+00	
   6.5400000000000000e+00	   5.7920335194694417e-13	   8.0000000000000000e+00	
   6.5499999999999998e+00	   7.2131189909896420e-13	   8.0000000000000000e+00	
   6.5600000000000005e+00	   8.6197715631897154e-13	   8.0000000000000000e+00	
   6.5700000000000003e+00	   9.8165919837356341e-13	   8.0000000000000000e+00	
   6.5800000000000001e+00	   1.0895728763671286e-12	   8.0000000000000000e+00	
   6.5899999999999999e+00	   1.1848300118799671e-12	   8.0000000000000000e+00	
   6.5999999999999996e+00	   1.2658762926776035e-12	   8.0000000000000000e+00	
   6.6099999999999994e+00	   1.3118395258970850e-12	   8.0000000000000000e+00	
   6.6200000000000001e+00	   1.3553602684623911e-12	   8.0000000000000000e+00	
   6.6299999999999999e+00	   1.3713474800169934e-12	   8.0000000000000000e+00	
   6.6399999999999997e+00	   1.3746781490908688e-12	   8.0000000000000000e+00	
   6.6500000000000004e+00	   1.3491430195244902e-12	   8.0000000000000000e+00	
   6.6600000000000001e+00	   1.3067324999838092e-12	   8.0000000000000000e+00	
   6.6699999999999999e+00	   1.2447820552097255e-12	   8.0000000000000000e+00	
   6.6799999999999997e+00	   1.1741718708435656e-12	   8.0000000000000000e+00	
   6.6899999999999995e+00	   1.0684786388992507e-12	   8.0000000000000000e+00	
   6.7000000000000002e+00	   9.5745633643673500e-13	   8.0000000000000000e+00	
   6.7100000000000000e+00	   8.2711615334574162e-13	   8.0000000000000000e+00	
   6.7199999999999998e+00	   7.0077277314339881e-13	   8.0000000000000000e+00	
   6.7300000000000004e+00	   5.4289905904170155e-13	   8.0000000000000000e+00	
   6.7400000000000002e+00	   3.8635761256955448e-13	   8.0000000000000000e+00	
   6.7500000000000000e+00	   2.4469315462738450e-13	   8.0000000000000000e+00	
   6.7599999999999998e+00	   3.8313796579814152e-13	   8.0000000000000000e+00	
   6.7699999999999996e+00	   5.2624571367232420e-13	   8.0000000000000000e+00	
   6.7800000000000002e+00	   6.7790217883612058e-13	   8.0000000000000000e+00	
   6.7900000000000000e+00	   8.1490370007486490e-13	   8.0000000000000000e+00	
   6.7999999999999998e+00	   9.4546592777078331e-13	   8.0000000000000000e+00	
   6.8100000000000005e+00	   1.0699219288312634e-12	   8.0000000000000000e+00	
   6.8200000000000003e+00	   1.1918244169351055e-12	   8.0000000000000000e+00	
   6.8300000000000001e+00	   1.2910783553365945e-12	   8.0000000000000000e+00	
   6.8399999999999999e+00	   1.3723466807391560e-12	   8.0000000000000000e+00	
   6.8499999999999996e+00	   1.4400702852412905e-12	   8.0000000000000000e+00	
   6.8599999999999994e+00	   1.4986900609414988e-12	   8.0000000000000000e+00	
   6.8700000000000001e+00	   1.5289991495137656e-12	   8.0000000000000000e+00	
   6.8799999999999999e+00	   1.5365486660812167e-12	   8.0000000000000000e+00	
   6.8899999999999997e+00	   1.5210055437364645e-12	   8.0000000000000000e+00	
   6.9000000000000004e+00	   1.4910295220715852e-12	   8.0000000000000000e+00	
   6.9100000000000001e+00	   1.4324097463713770e-12	   8.0000000000000000e+00	
   6.9199999999999999e+00	   1.3486989303146402e-12	   8.0000000000000000e+00	
   6.9299999999999997e+00	   1.2447820552097255e-12	   8.0000000000000000e+00	
   6.9399999999999995e+00	   1.1290968160437842e-12	   8.0000000000000000e+00	
   6.9500000000000002e+00	   9.7943875232431310e-13	   8.0000000000000000e+00	
   6.9600000000000000e+00	   8.1223916481576452e-13	   8.0000000000000000e+00	
   6.9699999999999998e+00	   6.2971849956738879e-13	   8.0000000000000000e+00	
   6.9800000000000004e+00	   4.4120262998603721e-13	   8.0000000000000000e+00	
   6.9900000000000002e+00	   2.2692958623338200e-13	   8.0000000000000000e+00	
   7.0000000000000000e+00	   2.0943951023931966e+00	   1.0000000000000000e+00	
   7.0099999999999998e+00	   2.4780177909633494e-13	   8.0000000000000000e+00	
   7.0199999999999996e+00	   4.9782400424192019e-13	   8.0000000000000000e+00	
   7.0300000000000002e+00	   7.3940853440035426e-13	   8.0000000000000000e+00	
   7.0400000000000000e+00	   9.9165120559518982e-13	   8.0000000000000000e+00	
   7.0499999999999998e+00	   1.2367884494324244e-12	   8.0000000000000000e+00	
   7.0599999999999996e+00	   1.4757084443317581e-12	   8.0000000000000000e+00	
   7.0700000000000003e+00	   1.6906476218991884e-12	   8.0000000000000000e+00	
   7.0800000000000001e+00	   1.9022561303927432e-12	   8.0000000000000000e+00	
   7.0899999999999999e+00	   2.0945467582578203e-12	   8.0000000000000000e+00	
   7.0999999999999996e+00	   2.2681856393091948e-12	   8.0000000000000000e+00	
   7.1100000000000003e+00	   2.4076296512021145e-12	   8.0000000000000000e+00	
   7.1200000000000001e+00	   2.5239810241828309e-12	   8.0000000000000000e+00	
   7.1299999999999999e+00	   2.6094681970789679e-12	   8.0000000000000000e+00	
   7.1399999999999997e+00	   2.6703084188284265e-12	   8.0000000000000000e+00	
   7.1500000000000004e+00	   2.6807445152599030e-12	   8.0000000000000000e+00	
   7.1600000000000001e+00	   2.6625368576560504e-12	   8.0000000000000000e+00	
   7.1699999999999999e+00	   2.6045832157706172e-12	   8.0000000000000000e+00	
   7.1799999999999997e+00	   2.5057733665789783e-12	   8.0000000000000000e+00	
   7.1899999999999995e+00	   2.3652191316614335e-12	   8.0000000000000000e+00	
   7.2000000000000002e+00	   2.1878054923263335e-12	   8.0000000000000000e+00	
   7.2100000000000000e+00	   1.9675372442407024e-12	   8.0000000000000000e+00	
   7.2199999999999998e+00	   1.7006396291208148e-12	   8.0000000000000000e+00	
   7.2300000000000004e+00	   1.3873346915715956e-12	   8.0000000000000000e+00	
   7.2400000000000002e+00	   1.0484946244559978e-12	   8.0000000000000000e+00	
   7.2500000000000000e+00	   6.7212901910806977e-13	   8.0000000000000000e+00	
   7.2599999999999998e+00	   1.1226575225009583e-12	   8.0000000000000000e+00	
   7.2699999999999996e+00	   1.6124879209655774e-12	   8.0000000000000000e+00	
   7.2800000000000002e+00	   2.1447288389708774e-12	   8.0000000000000000e+00	
   7.2900000000000000e+00	   2.7047253325918064e-12	   8.0000000000000000e+00	
   7.2999999999999998e+00	   3.2855940190756883e-12	   8.0000000000000000e+00	
   7.3099999999999996e+00	   3.8828940063240225e-12	   8.0000000000000000e+00	
   7.3200000000000003e+00	   4.4997339188057595e-12	   8.0000000000000000e+00	
   7.3300000000000001e+00	   5.1147974744480962e-12	   8.0000000000000000e+00	
   7.3399999999999999e+00	   5.7497340222312232e-12	   8.0000000000000000e+00	
   7.3499999999999996e+00	   6.3843375031069627e-12	   8.0000000000000000e+00	
   7.3600000000000003e+00	   7.0224936976615027e-12	   8.0000000000000000e+00	
   7.3700000000000001e+00	   7.0237149429885903e-12	   7.0000000000000000e+00	
   7.3799999999999999e+00	   6.3302696418077176e-12	   7.0000000000000000e+00	
   7.3899999999999997e+00	   5.4558579876129443e-12	   7.0000000000000000e+00	
   7.4000000000000004e+00	   4.5390358138774900e-12	   7.0000000000000000e+00	
   7.4100000000000001e+00	   5.8719695772424529e-12	   7.0000000000000000e+00	
   7.4199999999999999e+00	   7.3392403265870598e-12	   7.0000000000000000e+00	
   7.4299999999999997e+00	   8.8673512976811253e-12	   7.0000000000000000e+00	
   7.4399999999999995e+00	   1.0539680239673999e-11	   7.0000000000000000e+00	
   7.4500000000000002e+00	   1.1741496663830731e-11	   8.0000000000000000e+00	
   7.4600000000000000e+00	   1.2083223310810354e-11	   8.0000000000000000e+00	
   7.4699999999999998e+00	   1.2362555423806043e-11	   8.0000000000000000e+00	
   7.4800000000000004e+00	   1.2596812482001951e-11	   8.0000000000000000e+00	
   7.4900000000000002e+00	   1.2767564783189300e-11	   8.0000000000000000e+00	
   7.5099999999999998e+00	   1.3459455772135698e-11	   8.0000000000000000e+00	
   7.5199999999999996e+00	   1.3306244994737426e-11	   8.0000000000000000e+00	
   7.5300000000000002e+00	   1.3090639683355221e-11	   8.0000000000000000e+00	
   7.5400000000000000e+00	   1.2831735674012634e-11	   8.0000000000000000e+00	
   7.5499999999999998e+00	   1.2504663970958063e-11	   8.0000000000000000e+00	
   7.5599999999999996e+00	   1.2127854276400285e-11	   8.0000000000000000e+00	
   7.5700000000000003e+00	   1.1683765066550222e-11	   8.0000000000000000e+00	
   7.5800000000000001e+00	   1.1220468998374145e-11	   8.0000000000000000e+00	
   7.5899999999999999e+00	   1.0717982057428799e-11	   8.0000000000000000e+00	
   7.5999999999999996e+00	   1.0167200414912259e-11	   8.0000000000000000e+00	
   7.6100000000000003e+00	   9.5728980298304123e-12	   8.0000000000000000e+00	
   7.6200000000000001e+00	   8.9596108310274758e-12	   8.0000000000000000e+00	
   7.6299999999999999e+00	   8.3250073501517363e-12	   8.0000000000000000e+00	
   7.6399999999999997e+00	   7.6799677728445204e-12	   8.0000000000000000e+00	
   7.6500000000000004e+00	   7.0089489767610758e-12	   8.0000000000000000e+00	
   7.6600000000000001e+00	   6.3350436008136057e-12	   8.0000000000000000e+00	
   7.6699999999999999e+00	   5.6538107529036097e-12	   8.0000000000000000e+00	
   7.6799999999999997e+00	   4.9745763064379389e-12	   8.0000000000000000e+00	
   7.6900000000000004e+00	   4.3058889787062071e-12	   8.0000000000000000e+00	
   7.7000000000000002e+00	   3.6559644200906405e-12	   8.0000000000000000e+00	
   7.7100000000000000e+00	   3.0135893780425249e-12	   8.0000000000000000e+00	
   7.7199999999999998e+00	   2.3936408410918375e-12	   8.0000000000000000e+00	
   7.7300000000000004e+00	   1.7835732890603140e-12	   8.0000000000000000e+00	
   7.7400000000000002e+00	   1.2240208846492351e-12	   8.0000000000000000e+00	
   7.7500000000000000e+00	   7.0876637892069994e-13	   8.0000000000000000e+00	
   7.7599999999999998e+00	   1.1579626146840383e-12	   8.0000000000000000e+00	
   7.7699999999999996e+00	   1.5691892230051963e-12	   8.0000000000000000e+00	
   7.7800000000000002e+00	   1.9384494009955233e-12	   8.0000000000000000e+00	
   7.7900000000000000e+00	   2.2641888364205442e-12	   8.0000000000000000e+00	
   7.7999999999999998e+00	   2.5468516184901091e-12	   8.0000000000000000e+00	
   7.8099999999999996e+00	   2.7846613903648176e-12	   8.0000000000000000e+00	
   7.8200000000000003e+00	   2.9816149549333204e-12	   8.0000000000000000e+00	
   7.8300000000000001e+00	   3.1177282977523646e-12	   8.0000000000000000e+00	
   7.8399999999999999e+00	   3.2081004519568523e-12	   8.0000000000000000e+00	
   7.8499999999999996e+00	   3.2578384434600594e-12	   8.0000000000000000e+00	
   7.8600000000000003e+00	   3.2789326809279373e-12	   8.0000000000000000e+00	
   7.8700000000000001e+00	   3.2365221613872563e-12	   8.0000000000000000e+00	
   7.8799999999999999e+00	   3.1514790777009694e-12	   8.0000000000000000e+00	
   7.8899999999999997e+00	   3.0286884111774270e-12	   8.0000000000000000e+00	
   7.9000000000000004e+00	   2.8810287489022812e-12	   8.0000000000000000e+00	
   7.9100000000000001e+00	   2.6894042548519792e-12	   8.0000000000000000e+00	
   7.9199999999999999e+00	   2.4646951146678475e-12	   8.0000000000000000e+00	
   7.9299999999999997e+00	   2.2120083542631619e-12	   8.0000000000000000e+00	
   7.9400000000000004e+00	   1.9459989175629744e-12	   8.0000000000000000e+00	
   7.9500000000000002e+00	   1.6471268793338822e-12	   8.0000000000000000e+00	
   7.9600000000000000e+00	   1.3351542094142133e-12	   8.0000000000000000e+00	
   7.9699999999999998e+00	   1.0076384171497921e-12	   8.0000000000000000e+00	
   7.9800000000000004e+00	   6.8567374000849668e-13	   8.0000000000000000e+00	
   7.9900000000000002e+00	   3.4550140526334872e-13	   8.0000000000000000e+00	
   8.0000000000000000e+00	   2.0943951023931957e+00	   1.0000000000000000e+00	
