   5.1000000000000001e-01	   3.6492445426507460e+00	   7.0000000000000000e+00	
   5.2000000000000002e-01	   3.2794803381309894e+00	   4.0000000000000000e+00	
   5.3000000000000003e-01	   3.3375791146707776e+00	   4.0000000000000000e+00	
   5.4000000000000004e-01	   3.4577710639972645e+00	   5.0000000000000000e+00	
   5.5000000000000004e-01	   7.5434728146446794e-01	   1.0000000000000000e+00	
   5.6000000000000005e-01	   7.5001786207626764e-01	   1.0000000000000000e+00	
   5.7000000000000006e-01	   7.3563662414856368e-01	   1.0000000000000000e+00	
   5.7999999999999996e-01	   7.2093839224400802e-01	   1.0000000000000000e+00	
   5.8999999999999997e-01	   7.1853153833554939e-01	   1.0000000000000000e+00	
   5.9999999999999998e-01	   7.2253333094848138e-01	   1.0000000000000000e+00	
   6.0999999999999999e-01	   7.2673988561409875e-01	   1.0000000000000000e+00	
   6.2000000000000000e-01	   7.1396894260592969e-01	   1.0000000000000000e+00	
   6.3000000000000000e-01	   6.9884938929272034e-01	   1.0000000000000000e+00	
   6.4000000000000001e-01	   6.8571729265912762e-01	   1.0000000000000000e+00	
   6.5000000000000002e-01	   6.9025662482285510e-01	   1.0000000000000000e+00	
   6.6000000000000003e-01	   6.9493296257798942e-01	   1.0000000000000000e+00	
   6.7000000000000004e-01	   6.9301656726218308e-01	   1.0000000000000000e+00	
   6.7999999999999994e-01	   6.7756917083840906e-01	   1.0000000000000000e+00	
   6.8999999999999995e-01	   6.6196833188502291e-01	   1.0000000000000000e+00	
   6.9999999999999996e-01	   6.5774217225818066e-01	   1.0000000000000000e+00	
   7.0999999999999996e-01	   6.6277077365785997e-01	   1.0000000000000000e+00	
   7.1999999999999997e-01	   6.6789184898230847e-01	   1.0000000000000000e+00	
   7.2999999999999998e-01	   6.5683160981024702e-01	   1.0000000000000000e+00	
   7.3999999999999999e-01	   6.4104519997567377e-01	   1.0000000000000000e+00	
   7.5000000000000000e-01	   6.2516404904983713e-01	   1.0000000000000000e+00	
   7.6000000000000001e-01	   6.3044367433971882e-01	   1.0000000000000000e+00	
   7.7000000000000002e-01	   6.3577301048483781e-01	   1.0000000000000000e+00	
   7.8000000000000003e-01	   6.3642653851462050e-01	   1.0000000000000000e+00	
   7.9000000000000004e-01	   6.2052115324429924e-01	   1.0000000000000000e+00	
   8.0000000000000004e-01	   6.0456635777680223e-01	   1.0000000000000000e+00	
   8.1000000000000005e-01	   5.9810360344088520e-01	   1.0000000000000000e+00	
   8.2000000000000006e-01	   6.0356184890241182e-01	   1.0000000000000000e+00	
   8.3000000000000007e-01	   6.0903671788638081e-01	   1.0000000000000000e+00	
   8.4000000000000008e-01	   6.0022203437134936e-01	   1.0000000000000000e+00	
   8.5000000000000009e-01	   5.8424713085209534e-01	   1.0000000000000000e+00	
   8.5999999999999999e-01	   5.6826446725706758e-01	   1.0000000000000000e+00	
   8.7000000000000000e-01	   5.7139135442519973e-01	   1.0000000000000000e+00	
   8.8000000000000000e-01	   5.7689559691521308e-01	   1.0000000000000000e+00	
   8.9000000000000001e-01	   5.8000366265753778e-01	   1.0000000000000000e+00	
   9.0000000000000002e-01	   5.6405947134745893e-01	   1.0000000000000000e+00	
   9.1000000000000003e-01	   5.4813812690996577e-01	   1.0000000000000000e+00	
   9.1999999999999993e-01	   5.3937289603629202e-01	   1.0000000000000000e+00	
   9.2999999999999994e-01	   5.4484827711032247e-01	   1.0000000000000000e+00	
   9.3999999999999995e-01	   5.5028484734759686e-01	   1.0000000000000000e+00	
   9.4999999999999996e-01	   5.4387899859303290e-01	   1.0000000000000000e+00	
   9.5999999999999996e-01	   5.2806182812239899e-01	   1.0000000000000000e+00	
   9.6999999999999997e-01	   5.1229954796036847e-01	   1.0000000000000000e+00	
   9.7999999999999998e-01	   5.1299490072345155e-01	   1.0000000000000000e+00	
   9.8999999999999999e-01	   5.1832888864908000e-01	   1.0000000000000000e+00	
   1.0000000000000000e+00	   5.2359877559829882e-01	   1.0000000000000000e+00	
   1.0100000000000000e+00	   6.2831341929179985e+00	   1.0000000000000000e+00	
   1.0200000000000000e+00	   6.2829860148877055e+00	   1.0000000000000000e+00	
   1.0300000000000000e+00	   6.2827488991688174e+00	   1.0000000000000000e+00	
   1.0400000000000000e+00	   6.2824314181648724e+00	   1.0000000000000000e+00	
   1.0500000000000000e+00	   6.2820425119139083e+00	   1.0000000000000000e+00	
   1.0600000000000001e+00	   6.2830642965105081e+00	   1.0000000000000000e+00	
   1.0700000000000001e+00	   6.2827381245024938e+00	   1.0000000000000000e+00	
   1.0800000000000001e+00	   6.2823437122994186e+00	   1.0000000000000000e+00	
   1.0899999999999999e+00	   6.2818891868485807e+00	   1.0000000000000000e+00	
   1.1000000000000001e+00	   6.2813829376848265e+00	   1.0000000000000000e+00	
   1.1099999999999999e+00	   6.2808335338301102e+00	   1.0000000000000000e+00	
   1.1200000000000001e+00	   6.2827685004703309e+00	   1.0000000000000000e+00	
   1.1299999999999999e+00	   6.2822517763927781e+00	   1.0000000000000000e+00	
   1.1400000000000001e+00	   6.2816918221925402e+00	   1.0000000000000000e+00	
   1.1499999999999999e+00	   6.2810964826294633e+00	   1.0000000000000000e+00	
   1.1600000000000001e+00	   6.2804736897855857e+00	   1.0000000000000000e+00	
   1.1699999999999999e+00	   6.2829906484291129e+00	   1.0000000000000000e+00	
   1.1800000000000002e+00	   6.2823833605262109e+00	   1.0000000000000000e+00	
   1.1899999999999999e+00	   6.2817467440141233e+00	   1.0000000000000000e+00	
   1.2000000000000002e+00	   6.2810881096357587e+00	   1.0000000000000000e+00	
   1.2100000000000000e+00	   6.2804147755526483e+00	   1.0000000000000000e+00	
   1.2200000000000000e+00	   6.2797339923284472e+00	   1.0000000000000000e+00	
   1.2300000000000000e+00	   1.0254326402542091e-02	   1.0000000000000000e+00	
   1.2400000000000000e+00	   1.0434810595309596e-02	   1.0000000000000000e+00	
   1.2500000000000000e+00	   1.0554956182115660e-02	   1.0000000000000000e+00	
   1.2600000000000000e+00	   1.0669922635108797e-02	   1.0000000000000000e+00	
   1.2700000000000000e+00	   1.0726594994595828e-02	   1.0000000000000000e+00	
   1.2800000000000000e+00	   1.0764542618431738e-02	   1.0000000000000000e+00	
   1.2900000000000000e+00	   1.0884154222550846e-02	   1.0000000000000000e+00	
   1.3000000000000000e+00	   1.0944979505870256e-02	   1.0000000000000000e+00	
   1.3100000000000001e+00	   1.0974915149791986e-02	   1.0000000000000000e+00	
   1.3200000000000001e+00	   1.0982496412590859e-02	   1.0000000000000000e+00	
   1.3300000000000001e+00	   1.0933831259198001e-02	   1.0000000000000000e+00	
   1.3399999999999999e+00	   1.0948436491432734e-02	   1.0000000000000000e+00	
   1.3500000000000001e+00	   1.0966197507072950e-02	   1.0000000000000000e+00	
   1.3599999999999999e+00	   1.0928265903069612e-02	   1.0000000000000000e+00	
   1.3700000000000001e+00	   1.0893617383978649e-02	   1.0000000000000000e+00	
   1.3799999999999999e+00	   1.0812849937093860e-02	   1.0000000000000000e+00	
   1.3900000000000001e+00	   1.0698828451793929e-02	   1.0000000000000000e+00	
   1.3999999999999999e+00	   1.0685948287420199e-02	   1.0000000000000000e+00	
   1.4100000000000001e+00	   1.0620448430289642e-02	   1.0000000000000000e+00	
   1.4199999999999999e+00	   1.0525382078016898e-02	   1.0000000000000000e+00	
   1.4300000000000002e+00	   1.0423055690436778e-02	   1.0000000000000000e+00	
   1.4399999999999999e+00	   1.0271795632017744e-02	   1.0000000000000000e+00	
   1.4500000000000002e+00	   1.0163977710176186e-02	   1.0000000000000000e+00	
   1.4600000000000000e+00	   1.0080401928858951e-02	   1.0000000000000000e+00	
   1.4700000000000000e+00	   9.9496046564823137e-03	   1.0000000000000000e+00	
   1.4800000000000000e+00	   3.1424293634790836e+00	   2.0000000000000000e+00	
   1.4900000000000000e+00	   3.1425896459137590e+00	   2.0000000000000000e+00	
   1.5100000000000000e+00	   5.7382358346270870e+00	   1.0000000000000000e+00	
   1.5200000000000000e+00	   5.6151240393340309e+00	   1.0000000000000000e+00	
   1.5300000000000000e+00	   9.0526275366790143e-03	   1.0000000000000000e+00	
   1.5400000000000000e+00	   8.8861558005101093e-03	   1.0000000000000000e+00	
   1.5500000000000000e+00	   8.6803771604010427e-03	   1.0000000000000000e+00	
   1.5600000000000001e+00	   8.4996417116943723e-03	   1.0000000000000000e+00	
   1.5700000000000001e+00	   8.3583873409349696e-03	   1.0000000000000000e+00	
   1.5800000000000001e+00	   8.1801053812375901e-03	   1.0000000000000000e+00	
   1.5900000000000001e+00	   7.9969241003365887e-03	   1.0000000000000000e+00	
   1.6000000000000001e+00	   7.7938786927744808e-03	   1.0000000000000000e+00	
   1.6100000000000001e+00	   7.5580177813345806e-03	   1.0000000000000000e+00	
   1.6200000000000001e+00	   7.4024952796969412e-03	   1.0000000000000000e+00	
   1.6300000000000001e+00	   7.2280576672210106e-03	   1.0000000000000000e+00	
   1.6400000000000001e+00	   7.0272724211715154e-03	   1.0000000000000000e+00	
   1.6500000000000001e+00	   6.8290839646543144e-03	   1.0000000000000000e+00	
   1.6599999999999999e+00	   6.6023727547366295e-03	   1.0000000000000000e+00	
   1.6699999999999999e+00	   6.3865420351605362e-03	   1.0000000000000000e+00	
   1.6799999999999999e+00	   6.2172611895354724e-03	   1.0000000000000000e+00	
   1.6899999999999999e+00	   6.0215562029380942e-03	   1.0000000000000000e+00	
   1.7000000000000000e+00	   5.8168297145964054e-03	   1.0000000000000000e+00	
   1.7100000000000000e+00	   5.6002879595724586e-03	   1.0000000000000000e+00	
   1.7200000000000000e+00	   5.3620336464548224e-03	   1.0000000000000000e+00	
   1.7300000000000000e+00	   5.1768044594704410e-03	   1.0000000000000000e+00	
   1.7400000000000000e+00	   4.9903021062427388e-03	   1.0000000000000000e+00	
   1.7500000000000000e+00	   4.7838756659133175e-03	   1.0000000000000000e+00	
   1.7600000000000000e+00	   4.5777236058799353e-03	   1.0000000000000000e+00	
   1.7700000000000000e+00	   4.3540214442874259e-03	   1.0000000000000000e+00	
   1.7800000000000000e+00	   4.1324678696120776e-03	   1.0000000000000000e+00	
   1.7900000000000000e+00	   3.9544120473297140e-03	   1.0000000000000000e+00	
   1.8000000000000000e+00	   3.7601179353500269e-03	   1.0000000000000000e+00	
   1.8100000000000001e+00	   3.5571199746848858e-03	   1.0000000000000000e+00	
   1.8200000000000001e+00	   3.3475109749903087e-03	   1.0000000000000000e+00	
   1.8300000000000001e+00	   3.1269463296854649e-03	   1.0000000000000000e+00	
   1.8400000000000001e+00	   2.9359076006598706e-03	   1.0000000000000000e+00	
   1.8500000000000001e+00	   2.7522714900023448e-03	   1.0000000000000000e+00	
   1.8600000000000001e+00	   2.5583633038834819e-03	   1.0000000000000000e+00	
   1.8700000000000001e+00	   2.3613163401257076e-03	   1.0000000000000000e+00	
   1.8800000000000001e+00	   2.1578045653103395e-03	   1.0000000000000000e+00	
   1.8900000000000001e+00	   1.9540053270818980e-03	   1.0000000000000000e+00	
   1.9000000000000001e+00	   1.7791711229606655e-03	   1.0000000000000000e+00	
   1.9099999999999999e+00	   1.5973451698436669e-03	   1.0000000000000000e+00	
   1.9199999999999999e+00	   1.4114541920500212e-03	   1.0000000000000000e+00	
   1.9299999999999999e+00	   1.2237445517107037e-03	   1.0000000000000000e+00	
   1.9399999999999999e+00	   1.0348476580155364e-03	   1.0000000000000000e+00	
   1.9500000000000000e+00	   8.5713268670839504e-04	   1.0000000000000000e+00	
   1.9600000000000000e+00	   6.8518371886572282e-04	   1.0000000000000000e+00	
   1.9700000000000000e+00	   5.1145794219387142e-04	   1.0000000000000000e+00	
   1.9800000000000000e+00	   3.3812015596390577e-04	   1.0000000000000000e+00	
   1.9900000000000000e+00	   1.6694328865385355e-04	   1.0000000000000000e+00	
   2.0000000000000000e+00	   4.4408920985006262e-16	   1.0000000000000000e+00	
   2.0099999999999998e+00	   2.3207528457303006e-05	   2.0000000000000000e+00	
   2.0200000000000000e+00	   4.5745901145921586e-05	   2.0000000000000000e+00	
   2.0300000000000002e+00	   6.7347856380073345e-05	   2.0000000000000000e+00	
   2.0400000000000000e+00	   8.7770062933922866e-05	   2.0000000000000000e+00	
   2.0499999999999998e+00	   1.0678892162008236e-04	   2.0000000000000000e+00	
   2.0600000000000001e+00	   1.2543107959062105e-04	   2.0000000000000000e+00	
   2.0700000000000003e+00	   1.4438934935134817e-04	   2.0000000000000000e+00	
   2.0800000000000001e+00	   1.6213792483932288e-04	   2.0000000000000000e+00	
   2.0899999999999999e+00	   1.7848638199335909e-04	   2.0000000000000000e+00	
   2.1000000000000001e+00	   1.9325536469549931e-04	   2.0000000000000000e+00	
   2.1100000000000003e+00	   2.0628417450607728e-04	   2.0000000000000000e+00	
   2.1200000000000001e+00	   2.2174737460733951e-04	   2.0000000000000000e+00	
   2.1299999999999999e+00	   2.3629133590175044e-04	   2.0000000000000000e+00	
   2.1400000000000001e+00	   2.4925448544399487e-04	   2.0000000000000000e+00	
   2.1500000000000004e+00	   2.6052539679710662e-04	   2.0000000000000000e+00	
   2.1600000000000001e+00	   2.6996086344732717e-04	   2.0000000000000000e+00	
   2.1699999999999999e+00	   2.7950775406071493e-04	   2.0000000000000000e+00	
   2.1799999999999997e+00	   2.9140615930711711e-04	   2.0000000000000000e+00	
   2.1899999999999999e+00	   3.0159522432193775e-04	   2.0000000000000000e+00	
   2.2000000000000002e+00	   3.0999855957491995e-04	   2.0000000000000000e+00	
   2.2100000000000000e+00	   3.1653055842784106e-04	   2.0000000000000000e+00	
   2.2199999999999998e+00	   3.2110508775962110e-04	   2.0000000000000000e+00	
   2.2300000000000000e+00	   3.2926361903129475e-04	   2.0000000000000000e+00	
   2.2400000000000002e+00	   3.3719730532322245e-04	   2.0000000000000000e+00	
   2.2500000000000000e+00	   3.4326715057497736e-04	   2.0000000000000000e+00	
   2.2599999999999998e+00	   3.4748362571646041e-04	   2.0000000000000000e+00	
   2.2700000000000000e+00	   3.4974829517908645e-04	   2.0000000000000000e+00	
   2.2800000000000002e+00	   3.5175468907877594e-04	   2.0000000000000000e+00	
   2.2900000000000000e+00	   3.5786011424998598e-04	   2.0000000000000000e+00	
   2.2999999999999998e+00	   3.6208707656837369e-04	   2.0000000000000000e+00	
   2.3100000000000001e+00	   3.6443878745617830e-04	   2.0000000000000000e+00	
   2.3200000000000003e+00	   3.6491217882561600e-04	   2.0000000000000000e+00	
   2.3300000000000001e+00	   3.6346945760867833e-04	   2.0000000000000000e+00	
   2.3399999999999999e+00	   3.6544175748121077e-04	   2.0000000000000000e+00	
   2.3500000000000001e+00	   3.6820314577878932e-04	   2.0000000000000000e+00	
   2.3600000000000003e+00	   3.6909485590519431e-04	   2.0000000000000000e+00	
   2.3700000000000001e+00	   3.6819416126343540e-04	   2.0000000000000000e+00	
   2.3799999999999999e+00	   3.6546195675146720e-04	   2.0000000000000000e+00	
   2.3900000000000001e+00	   3.6180635222060609e-04	   2.0000000000000000e+00	
   2.4000000000000004e+00	   3.6340216640318168e-04	   2.0000000000000000e+00	
   2.4100000000000001e+00	   3.6319116337657498e-04	   2.0000000000000000e+00	
   2.4199999999999999e+00	   3.6122346956490858e-04	   2.0000000000000000e+00	
   2.4299999999999997e+00	   3.5756168978773317e-04	   2.0000000000000000e+00	
   2.4399999999999999e+00	   3.5220292989457391e-04	   2.0000000000000000e+00	
   2.4500000000000002e+00	   3.4927056293621028e-04	   3.0000000000000000e+00	
   2.4600000000000000e+00	   3.4545577394073934e-04	   3.0000000000000000e+00	
   2.4699999999999998e+00	   3.4003291731832253e-04	   3.0000000000000000e+00	
   2.4800000000000000e+00	   3.3312154352171941e-04	   3.0000000000000000e+00	
   2.4900000000000002e+00	   3.2479091003623228e-04	   3.0000000000000000e+00	
   2.5100000000000002e+00	   3.1104975573559290e-04	   3.0000000000000000e+00	
   2.5200000000000000e+00	   3.0553131422539348e-04	   3.0000000000000000e+00	
   2.5300000000000002e+00	   2.9867586878429275e-04	   3.0000000000000000e+00	
   2.5400000000000000e+00	   2.9059710708068121e-04	   3.0000000000000000e+00	
   2.5499999999999998e+00	   2.8136881998441776e-04	   3.0000000000000000e+00	
   2.5600000000000001e+00	   2.7376841808868235e-04	   3.0000000000000000e+00	
   2.5699999999999998e+00	   2.6833126943126562e-04	   3.0000000000000000e+00	
   2.5800000000000001e+00	   2.6172021016002134e-04	   3.0000000000000000e+00	
   2.5899999999999999e+00	   2.5404761660352548e-04	   3.0000000000000000e+00	
   2.6000000000000001e+00	   2.4540184573473844e-04	   3.0000000000000000e+00	
   2.6099999999999999e+00	   2.3587656373513788e-04	   3.0000000000000000e+00	
   2.6200000000000001e+00	   2.3005001175135931e-04	   3.0000000000000000e+00	
   2.6299999999999999e+00	   2.2379109864212321e-04	   3.0000000000000000e+00	
   2.6400000000000001e+00	   2.1661668917904997e-04	   3.0000000000000000e+00	
   2.6499999999999999e+00	   2.0863582299246453e-04	   3.0000000000000000e+00	
   2.6600000000000001e+00	   1.9992780425814871e-04	   3.0000000000000000e+00	
   2.6699999999999999e+00	   1.9199972485051120e-04	   3.0000000000000000e+00	
   2.6800000000000002e+00	   1.8614048313247977e-04	   3.0000000000000000e+00	
   2.6899999999999999e+00	   1.7951578869290774e-04	   3.0000000000000000e+00	
   2.7000000000000002e+00	   1.7222298033314765e-04	   3.0000000000000000e+00	
   2.7100000000000000e+00	   1.6435067804221326e-04	   3.0000000000000000e+00	
   2.7200000000000002e+00	   1.5598497215996154e-04	   3.0000000000000000e+00	
   2.7300000000000000e+00	   1.4977162661156118e-04	   3.0000000000000000e+00	
   2.7400000000000002e+00	   1.4369937217861839e-04	   3.0000000000000000e+00	
   2.7500000000000000e+00	   1.3708885748631161e-04	   3.0000000000000000e+00	
   2.7600000000000002e+00	   1.3003257940691348e-04	   3.0000000000000000e+00	
   2.7700000000000000e+00	   1.2260639697325715e-04	   3.0000000000000000e+00	
   2.7800000000000002e+00	   1.1546018658870061e-04	   3.0000000000000000e+00	
   2.7900000000000000e+00	   1.0991522293080092e-04	   3.0000000000000000e+00	
   2.8000000000000003e+00	   1.0395836872167941e-04	   3.0000000000000000e+00	
   2.8100000000000001e+00	   9.7669734888006232e-05	   3.0000000000000000e+00	
   2.8199999999999998e+00	   9.1126395594942622e-05	   3.0000000000000000e+00	
   2.8300000000000001e+00	   8.4401657555632781e-05	   3.0000000000000000e+00	
   2.8399999999999999e+00	   7.8722746397197341e-05	   3.0000000000000000e+00	
   2.8500000000000001e+00	   7.3367701660220774e-05	   3.0000000000000000e+00	
   2.8599999999999999e+00	   6.7787662865970155e-05	   3.0000000000000000e+00	
   2.8700000000000001e+00	   6.2054137120348685e-05	   3.0000000000000000e+00	
   2.8799999999999999e+00	   5.6233184401399683e-05	   3.0000000000000000e+00	
   2.8900000000000001e+00	   5.0514434728698987e-05	   3.0000000000000000e+00	
   2.8999999999999999e+00	   4.5700835408890583e-05	   3.0000000000000000e+00	
   2.9100000000000001e+00	   4.0760139297990605e-05	   3.0000000000000000e+00	
   2.9199999999999999e+00	   3.5755155003203143e-05	   3.0000000000000000e+00	
   2.9300000000000002e+00	   3.0746274189308309e-05	   3.0000000000000000e+00	
   2.9399999999999999e+00	   2.5790810465942116e-05	   3.0000000000000000e+00	
   2.9500000000000002e+00	   2.1202998567670939e-05	   3.0000000000000000e+00	
   2.9600000000000000e+00	   1.6827918386641549e-05	   3.0000000000000000e+00	
   2.9700000000000002e+00	   1.2468453200908947e-05	   3.0000000000000000e+00	
   2.9800000000000000e+00	   8.1777017504336413e-06	   3.0000000000000000e+00	
   2.9900000000000002e+00	   4.0058423664834919e-06	   3.0000000000000000e+00	
   3.0000000000000000e+00	   8.8817841970012523e-16	   1.0000000000000000e+00	
   3.0100000000000002e+00	   7.0118145789610509e-07	   4.0000000000000000e+00	
   3.0200000000000000e+00	   1.3780464432899819e-06	   4.0000000000000000e+00	
   3.0300000000000002e+00	   2.0227262992333905e-06	   4.0000000000000000e+00	
   3.0400000000000000e+00	   2.6280897679198389e-06	   4.0000000000000000e+00	
   3.0500000000000003e+00	   3.1877664302681907e-06	   4.0000000000000000e+00	
   3.0600000000000001e+00	   3.7327556434707532e-06	   4.0000000000000000e+00	
   3.0699999999999998e+00	   4.2838063316619213e-06	   4.0000000000000000e+00	
   3.0800000000000001e+00	   4.7956075615029903e-06	   4.0000000000000000e+00	
   3.0899999999999999e+00	   5.2625682207541047e-06	   4.0000000000000000e+00	
   3.1000000000000001e+00	   5.6798054646201024e-06	   4.0000000000000000e+00	
   3.1099999999999999e+00	   6.0431599462340557e-06	   4.0000000000000000e+00	
   3.1200000000000001e+00	   6.4756210944594272e-06	   4.0000000000000000e+00	
   3.1299999999999999e+00	   6.8785036480001338e-06	   4.0000000000000000e+00	
   3.1400000000000001e+00	   7.2326911868536570e-06	   4.0000000000000000e+00	
   3.1499999999999999e+00	   7.5346060932623971e-06	   4.0000000000000000e+00	
   3.1600000000000001e+00	   7.7813058081410702e-06	   4.0000000000000000e+00	
   3.1699999999999999e+00	   8.0296176176997136e-06	   4.0000000000000000e+00	
   3.1800000000000002e+00	   8.3441276121920538e-06	   4.0000000000000000e+00	
   3.1899999999999999e+00	   8.6075767622428856e-06	   4.0000000000000000e+00	
   3.2000000000000002e+00	   8.8174896732962083e-06	   4.0000000000000000e+00	
   3.2100000000000000e+00	   8.9719835962842609e-06	   4.0000000000000000e+00	
   3.2200000000000002e+00	   9.0697661383476458e-06	   4.0000000000000000e+00	
   3.2300000000000000e+00	   9.2686167230127126e-06	   4.0000000000000000e+00	
   3.2400000000000002e+00	   9.4598912014909331e-06	   4.0000000000000000e+00	
   3.2500000000000000e+00	   9.5974864673387117e-06	   4.0000000000000000e+00	
   3.2600000000000002e+00	   9.6804351104040620e-06	   4.0000000000000000e+00	
   3.2700000000000000e+00	   9.7082386418811950e-06	   4.0000000000000000e+00	
   3.2800000000000002e+00	   9.7287392388789584e-06	   4.0000000000000000e+00	
   3.2900000000000000e+00	   9.8631698495221798e-06	   4.0000000000000000e+00	
   3.3000000000000003e+00	   9.9447704033917006e-06	   4.0000000000000000e+00	
   3.3100000000000001e+00	   9.9732812566255546e-06	   4.0000000000000000e+00	
   3.3199999999999998e+00	   9.9489121225815325e-06	   4.0000000000000000e+00	
   3.3300000000000001e+00	   9.8723088293173333e-06	   4.0000000000000000e+00	
   3.3399999999999999e+00	   9.8896568405670848e-06	   4.0000000000000000e+00	
   3.3500000000000001e+00	   9.9284949977018755e-06	   4.0000000000000000e+00	
   3.3599999999999999e+00	   9.9164928502037952e-06	   4.0000000000000000e+00	
   3.3700000000000001e+00	   9.8544278506196292e-06	   4.0000000000000000e+00	
   3.3799999999999999e+00	   9.7434159389564456e-06	   4.0000000000000000e+00	
   3.3900000000000001e+00	   9.6086050984656168e-06	   4.0000000000000000e+00	
   3.3999999999999999e+00	   9.6151916961773054e-06	   4.0000000000000000e+00	
   3.4100000000000001e+00	   9.5737694572051169e-06	   4.0000000000000000e+00	
   3.4199999999999999e+00	   9.4855150203354555e-06	   4.0000000000000000e+00	
   3.4300000000000002e+00	   9.3519557409216247e-06	   4.0000000000000000e+00	
   3.4399999999999999e+00	   9.1749088944048651e-06	   4.0000000000000000e+00	
   3.4500000000000002e+00	   9.0674815328428693e-06	   4.0000000000000000e+00	
   3.4600000000000000e+00	   9.0052413951324795e-06	   4.0000000000000000e+00	
   3.4700000000000002e+00	   8.8997554038572346e-06	   4.0000000000000000e+00	
   3.4800000000000000e+00	   8.7528368565292780e-06	   4.0000000000000000e+00	
   3.4900000000000002e+00	   8.5665305317172979e-06	   4.0000000000000000e+00	
   3.5100000000000002e+00	   8.2665881481203130e-06	   4.0000000000000000e+00	
   3.5200000000000000e+00	   8.1506331409686439e-06	   4.0000000000000000e+00	
   3.5300000000000002e+00	   7.9972629852820276e-06	   4.0000000000000000e+00	
   3.5400000000000000e+00	   7.8087002545190742e-06	   4.0000000000000000e+00	
   3.5500000000000003e+00	   7.5873360663170075e-06	   4.0000000000000000e+00	
   3.5600000000000001e+00	   7.4083710366323885e-06	   4.0000000000000000e+00	
   3.5700000000000003e+00	   7.2868645446533264e-06	   4.0000000000000000e+00	
   3.5800000000000001e+00	   7.1320619219328307e-06	   4.0000000000000000e+00	
   3.5899999999999999e+00	   6.9462639535888826e-06	   4.0000000000000000e+00	
   3.6000000000000001e+00	   6.7319122286635391e-06	   4.0000000000000000e+00	
   3.6099999999999999e+00	   6.4915886457406202e-06	   4.0000000000000000e+00	
   3.6200000000000001e+00	   6.3519963500180410e-06	   4.0000000000000000e+00	
   3.6299999999999999e+00	   6.1992114805953236e-06	   4.0000000000000000e+00	
   3.6400000000000001e+00	   6.0195850744015900e-06	   4.0000000000000000e+00	
   3.6499999999999999e+00	   5.8155660093150985e-06	   4.0000000000000000e+00	
   3.6600000000000001e+00	   5.5896790677190111e-06	   4.0000000000000000e+00	
   3.6699999999999999e+00	   5.3841661162845611e-06	   4.0000000000000000e+00	
   3.6800000000000002e+00	   5.2355994493158420e-06	   4.0000000000000000e+00	
   3.6899999999999999e+00	   5.0642647753118553e-06	   4.0000000000000000e+00	
   3.7000000000000002e+00	   4.8725513315250879e-06	   4.0000000000000000e+00	
   3.7100000000000000e+00	   4.6629112160356812e-06	   4.0000000000000000e+00	
   3.7200000000000002e+00	   4.4378429560065769e-06	   4.0000000000000000e+00	
   3.7300000000000000e+00	   4.2729390745677165e-06	   4.0000000000000000e+00	
   3.7400000000000002e+00	   4.1110009578737561e-06	   4.0000000000000000e+00	
   3.7500000000000000e+00	   3.9325279980184646e-06	   4.0000000000000000e+00	
   3.7600000000000002e+00	   3.7398674979094437e-06	   4.0000000000000000e+00	
   3.7700000000000000e+00	   3.5353750568178910e-06	   4.0000000000000000e+00	
   3.7800000000000002e+00	   3.3378119821403374e-06	   4.0000000000000000e+00	
   3.7900000000000000e+00	   3.1856233300153747e-06	   4.0000000000000000e+00	
   3.8000000000000003e+00	   3.0205442305142327e-06	   4.0000000000000000e+00	
   3.8100000000000001e+00	   2.8447818433141592e-06	   4.0000000000000000e+00	
   3.8200000000000003e+00	   2.6605416634239987e-06	   4.0000000000000000e+00	
   3.8300000000000001e+00	   2.4700090550666687e-06	   4.0000000000000000e+00	
   3.8399999999999999e+00	   2.3092157652726542e-06	   4.0000000000000000e+00	
   3.8500000000000001e+00	   2.1571196167080586e-06	   4.0000000000000000e+00	
   3.8599999999999999e+00	   1.9975978249320292e-06	   4.0000000000000000e+00	
   3.8700000000000001e+00	   1.8326879416274977e-06	   4.0000000000000000e+00	
   3.8799999999999999e+00	   1.6643886302514233e-06	   4.0000000000000000e+00	
   3.8900000000000001e+00	   1.4983333460616421e-06	   4.0000000000000000e+00	
   3.8999999999999999e+00	   1.3584428906199264e-06	   4.0000000000000000e+00	
   3.9100000000000001e+00	   1.2141180909530647e-06	   4.0000000000000000e+00	
   3.9199999999999999e+00	   1.0672186130378236e-06	   4.0000000000000000e+00	
   3.9300000000000002e+00	   9.1955371750440662e-07	   4.0000000000000000e+00	
   3.9399999999999999e+00	   7.7286826649647367e-07	   4.0000000000000000e+00	
   3.9500000000000002e+00	   6.3662272875575354e-07	   4.0000000000000000e+00	
   3.9600000000000000e+00	   5.0622817016066080e-07	   4.0000000000000000e+00	
   3.9700000000000002e+00	   3.7578895983880756e-07	   4.0000000000000000e+00	
   3.9800000000000000e+00	   2.4692296796136048e-07	   4.0000000000000000e+00	
   3.9900000000000002e+00	   1.2117380132625755e-07	   4.0000000000000000e+00	
   4.0000000000000000e+00	   8.8817841970012523e-16	   1.0000000000000000e+00	
   4.0099999999999998e+00	   1.9321130362293104e-08	   5.0000000000000000e+00	
   4.0199999999999996e+00	   3.8085231301998590e-08	   5.0000000000000000e+00	
   4.0300000000000002e+00	   5.6067053111341636e-08	   5.0000000000000000e+00	
   4.0400000000000000e+00	   7.3059338911996008e-08	   5.0000000000000000e+00	
   4.0500000000000007e+00	   8.8873909454001421e-08	   5.0000000000000000e+00	
   4.0600000000000005e+00	   1.0436557307258454e-07	   5.0000000000000000e+00	
   4.0700000000000003e+00	   1.2011173389225860e-07	   5.0000000000000000e+00	
   4.0800000000000001e+00	   1.3483881655673713e-07	   5.0000000000000000e+00	
   4.0899999999999999e+00	   1.4837887785112969e-07	   5.0000000000000000e+00	
   4.0999999999999996e+00	   1.6058258300866157e-07	   5.0000000000000000e+00	
   4.1099999999999994e+00	   1.7131982965601367e-07	   5.0000000000000000e+00	
   4.1200000000000001e+00	   1.8407400936837348e-07	   5.0000000000000000e+00	
   4.1299999999999999e+00	   1.9604730372435597e-07	   5.0000000000000000e+00	
   4.1400000000000006e+00	   2.0668592792816298e-07	   5.0000000000000000e+00	
   4.1500000000000004e+00	   2.1587531184863451e-07	   5.0000000000000000e+00	
   4.1600000000000001e+00	   2.2351916406648797e-07	   5.0000000000000000e+00	
   4.1699999999999999e+00	   2.3124157766396536e-07	   5.0000000000000000e+00	
   4.1799999999999997e+00	   2.4090747907656862e-07	   5.0000000000000000e+00	
   4.1899999999999995e+00	   2.4913647123092630e-07	   5.0000000000000000e+00	
   4.2000000000000002e+00	   2.5584473228867921e-07	   5.0000000000000000e+00	
   4.2100000000000000e+00	   2.6096565064470667e-07	   5.0000000000000000e+00	
   4.2200000000000006e+00	   2.6444981160445025e-07	   5.0000000000000000e+00	
   4.2300000000000004e+00	   2.7089723930728837e-07	   5.0000000000000000e+00	
   4.2400000000000002e+00	   2.7714545947077340e-07	   5.0000000000000000e+00	
   4.2500000000000000e+00	   2.8183851696894635e-07	   5.0000000000000000e+00	
   4.2599999999999998e+00	   2.8493555204178733e-07	   5.0000000000000000e+00	
   4.2699999999999996e+00	   2.8641151494923633e-07	   5.0000000000000000e+00	
   4.2799999999999994e+00	   2.8767004356389236e-07	   5.0000000000000000e+00	
   4.2900000000000000e+00	   2.9230308817851380e-07	   5.0000000000000000e+00	
   4.2999999999999998e+00	   2.9537930879008911e-07	   5.0000000000000000e+00	
   4.3100000000000005e+00	   2.9687985114712490e-07	   5.0000000000000000e+00	
   4.3200000000000003e+00	   2.9680033475365519e-07	   5.0000000000000000e+00	
   4.3300000000000001e+00	   2.9515045363304182e-07	   5.0000000000000000e+00	
   4.3399999999999999e+00	   2.9630081632703309e-07	   5.0000000000000000e+00	
   4.3499999999999996e+00	   2.9809345947207078e-07	   5.0000000000000000e+00	
   4.3599999999999994e+00	   2.9835583648107900e-07	   5.0000000000000000e+00	
   4.3700000000000001e+00	   2.9710079574307713e-07	   5.0000000000000000e+00	
   4.3799999999999999e+00	   2.9435373938291320e-07	   5.0000000000000000e+00	
   4.3900000000000006e+00	   2.9086733999150738e-07	   5.0000000000000000e+00	
   4.4000000000000004e+00	   2.9164907711098920e-07	   5.0000000000000000e+00	
   4.4100000000000001e+00	   2.9096716636090036e-07	   5.0000000000000000e+00	
   4.4199999999999999e+00	   2.8884850156174480e-07	   5.0000000000000000e+00	
   4.4299999999999997e+00	   2.8533114115880664e-07	   5.0000000000000000e+00	
   4.4399999999999995e+00	   2.8046361966183042e-07	   5.0000000000000000e+00	
   4.4499999999999993e+00	   2.7770325761178327e-07	   5.0000000000000000e+00	
   4.4600000000000000e+00	   2.7631247867532238e-07	   5.0000000000000000e+00	
   4.4699999999999998e+00	   2.7358023824142208e-07	   5.0000000000000000e+00	
   4.4800000000000004e+00	   2.6955444620835323e-07	   5.0000000000000000e+00	
   4.4900000000000002e+00	   2.6429205524092225e-07	   5.0000000000000000e+00	
   4.5099999999999998e+00	   2.5594258645789125e-07	   5.0000000000000000e+00	
   4.5199999999999996e+00	   2.5279198756500421e-07	   5.0000000000000000e+00	
   4.5299999999999994e+00	   2.4846184876192723e-07	   5.0000000000000000e+00	
   4.5400000000000000e+00	   2.4301517498326319e-07	   5.0000000000000000e+00	
   4.5499999999999998e+00	   2.3652192904233260e-07	   5.0000000000000000e+00	
   4.5600000000000005e+00	   2.3132579551887744e-07	   5.0000000000000000e+00	
   4.5700000000000003e+00	   2.2790469078604048e-07	   5.0000000000000000e+00	
   4.5800000000000001e+00	   2.2342416250431540e-07	   5.0000000000000000e+00	
   4.5899999999999999e+00	   2.1795117222112026e-07	   5.0000000000000000e+00	
   4.5999999999999996e+00	   2.1155837215403039e-07	   5.0000000000000000e+00	
   4.6099999999999994e+00	   2.0432337310971604e-07	   5.0000000000000000e+00	
   4.6200000000000001e+00	   2.0023737556940091e-07	   5.0000000000000000e+00	
   4.6299999999999999e+00	   1.9571802367668312e-07	   5.0000000000000000e+00	
   4.6400000000000006e+00	   1.9033199349927088e-07	   5.0000000000000000e+00	
   4.6500000000000004e+00	   1.8415294622542433e-07	   5.0000000000000000e+00	
   4.6600000000000001e+00	   1.7725834133841545e-07	   5.0000000000000000e+00	
   4.6699999999999999e+00	   1.7098714188978903e-07	   5.0000000000000000e+00	
   4.6799999999999997e+00	   1.6650567047360454e-07	   5.0000000000000000e+00	
   4.6899999999999995e+00	   1.6128292357198148e-07	   5.0000000000000000e+00	
   4.6999999999999993e+00	   1.5473229186824256e-07	   6.0000000000000000e+00	
   4.7100000000000000e+00	   1.4762146527402820e-07	   6.0000000000000000e+00	
   4.7199999999999998e+00	   1.4006450532733083e-07	   6.0000000000000000e+00	
   4.7300000000000004e+00	   1.3444457325206827e-07	   6.0000000000000000e+00	
   4.7400000000000002e+00	   1.2894979595223788e-07	   6.0000000000000000e+00	
   4.7500000000000000e+00	   1.2296947016210424e-07	   6.0000000000000000e+00	
   4.7599999999999998e+00	   1.1658138743264601e-07	   6.0000000000000000e+00	
   4.7699999999999996e+00	   1.0986313125904701e-07	   6.0000000000000000e+00	
   4.7799999999999994e+00	   1.0339937328573967e-07	   6.0000000000000000e+00	
   4.7900000000000000e+00	   9.8375387613813814e-08	   6.0000000000000000e+00	
   4.7999999999999998e+00	   9.2984188015954317e-08	   6.0000000000000000e+00	
   4.8100000000000005e+00	   8.7297209350190030e-08	   6.0000000000000000e+00	
   4.8200000000000003e+00	   8.1385025385571907e-08	   6.0000000000000000e+00	
   4.8300000000000001e+00	   7.5316819891924069e-08	   6.0000000000000000e+00	
   4.8399999999999999e+00	   7.0189663858855056e-08	   6.0000000000000000e+00	
   4.8499999999999996e+00	   6.5357304679380945e-08	   6.0000000000000000e+00	
   4.8599999999999994e+00	   6.0330241691275432e-08	   6.0000000000000000e+00	
   4.8700000000000001e+00	   5.5171923252217425e-08	   6.0000000000000000e+00	
   4.8799999999999999e+00	   4.9943939428587214e-08	   6.0000000000000000e+00	
   4.8900000000000006e+00	   4.4815770983142045e-08	   6.0000000000000000e+00	
   4.9000000000000004e+00	   4.0499937181692758e-08	   6.0000000000000000e+00	
   4.9100000000000001e+00	   3.6079478071826543e-08	   6.0000000000000000e+00	
   4.9199999999999999e+00	   3.1610750461652515e-08	   6.0000000000000000e+00	
   4.9299999999999997e+00	   2.7147906034308278e-08	   6.0000000000000000e+00	
   4.9399999999999995e+00	   2.2742508543061035e-08	   6.0000000000000000e+00	
   4.9499999999999993e+00	   1.8671733603703444e-08	   6.0000000000000000e+00	
   4.9600000000000000e+00	   1.4798384739833637e-08	   6.0000000000000000e+00	
   4.9699999999999998e+00	   1.0948972173352445e-08	   6.0000000000000000e+00	
   4.9800000000000004e+00	   7.1704742143907652e-09	   6.0000000000000000e+00	
   4.9900000000000002e+00	   3.5070982784546345e-09	   6.0000000000000000e+00	
   5.0000000000000000e+00	   1.3322676295501878e-15	   1.0000000000000000e+00	
   5.0099999999999998e+00	   5.9768934246307026e-10	   6.0000000000000000e+00	
   5.0199999999999996e+00	   1.1801150057166865e-09	   6.0000000000000000e+00	
   5.0299999999999994e+00	   1.7401763363622536e-09	   6.0000000000000000e+00	
   5.0400000000000000e+00	   2.2712968172911019e-09	   6.0000000000000000e+00	
   5.0499999999999998e+00	   2.7674426084089987e-09	   6.0000000000000000e+00	
   5.0600000000000005e+00	   3.2550788731100511e-09	   6.0000000000000000e+00	
   5.0700000000000003e+00	   3.7521747930924221e-09	   6.0000000000000000e+00	
   5.0800000000000001e+00	   4.2189083337973443e-09	   6.0000000000000000e+00	
   5.0899999999999999e+00	   4.6498467298761170e-09	   6.0000000000000000e+00	
   5.0999999999999996e+00	   5.0383170968615332e-09	   7.0000000000000000e+00	
   5.1099999999999994e+00	   5.3639683805783989e-09	   7.0000000000000000e+00	
   5.1200000000000001e+00	   5.7512177242813323e-09	   7.0000000000000000e+00	
   5.1299999999999999e+00	   6.1124310057891762e-09	   7.0000000000000000e+00	
   5.1400000000000006e+00	   6.4305298863587268e-09	   7.0000000000000000e+00	
   5.1500000000000004e+00	   6.7022174476960572e-09	   7.0000000000000000e+00	
   5.1600000000000001e+00	   6.9247958478513283e-09	   7.0000000000000000e+00	
   5.1699999999999999e+00	   7.1487795683111699e-09	   7.0000000000000000e+00	
   5.1799999999999997e+00	   7.4316812703756341e-09	   7.0000000000000000e+00	
   5.1899999999999995e+00	   7.6690545025570600e-09	   7.0000000000000000e+00	
   5.1999999999999993e+00	   7.8586104290678804e-09	   7.0000000000000000e+00	
   5.2100000000000000e+00	   7.9986082202054831e-09	   7.0000000000000000e+00	
   5.2199999999999998e+00	   8.0878510555493222e-09	   7.0000000000000000e+00	
   5.2300000000000004e+00	   8.2670439383036864e-09	   7.0000000000000000e+00	
   5.2400000000000002e+00	   8.4392968169311189e-09	   7.0000000000000000e+00	
   5.2500000000000000e+00	   8.5634486168828516e-09	   7.0000000000000000e+00	
   5.2599999999999998e+00	   8.6385698594426685e-09	   7.0000000000000000e+00	
   5.2699999999999996e+00	   8.6642217844712377e-09	   7.0000000000000000e+00	
   5.2799999999999994e+00	   8.6830931333992112e-09	   7.0000000000000000e+00	
   5.2900000000000000e+00	   8.8034146639159871e-09	   7.0000000000000000e+00	
   5.2999999999999998e+00	   8.8763172367833931e-09	   7.0000000000000000e+00	
   5.3100000000000005e+00	   8.9015450566165555e-09	   7.0000000000000000e+00	
   5.3200000000000003e+00	   8.8792833086159817e-09	   7.0000000000000000e+00	
   5.3300000000000001e+00	   8.8101421713560057e-09	   7.0000000000000000e+00	
   5.3399999999999999e+00	   8.8246054907870075e-09	   7.0000000000000000e+00	
   5.3499999999999996e+00	   8.8579845680669678e-09	   7.0000000000000000e+00	
   5.3599999999999994e+00	   8.8457361435700932e-09	   7.0000000000000000e+00	
   5.3700000000000001e+00	   8.7885509980623056e-09	   7.0000000000000000e+00	
   5.3799999999999999e+00	   8.6874840654616037e-09	   7.0000000000000000e+00	
   5.3900000000000006e+00	   8.5650015968496973e-09	   7.0000000000000000e+00	
   5.4000000000000004e+00	   8.5683682371495706e-09	   7.0000000000000000e+00	
   5.4100000000000001e+00	   8.5287152895574536e-09	   7.0000000000000000e+00	
   5.4199999999999999e+00	   8.4471234451655164e-09	   7.0000000000000000e+00	
   5.4299999999999997e+00	   8.3249949156538605e-09	   7.0000000000000000e+00	
   5.4399999999999995e+00	   8.1640265658933231e-09	   7.0000000000000000e+00	
   5.4499999999999993e+00	   8.0648991929166414e-09	   7.0000000000000000e+00	
   5.4600000000000000e+00	   8.0058167872820718e-09	   7.0000000000000000e+00	
   5.4699999999999998e+00	   7.9081351467280570e-09	   7.0000000000000000e+00	
   5.4800000000000004e+00	   7.7735067272044489e-09	   7.0000000000000000e+00	
   5.4900000000000002e+00	   7.6038347840423626e-09	   7.0000000000000000e+00	
   5.5099999999999998e+00	   7.3288962676443248e-09	   7.0000000000000000e+00	
   5.5199999999999996e+00	   7.2215194935054683e-09	   7.0000000000000000e+00	
   5.5299999999999994e+00	   7.0809428320828260e-09	   7.0000000000000000e+00	
   5.5400000000000000e+00	   6.9092030985373754e-09	   7.0000000000000000e+00	
   5.5499999999999998e+00	   6.7085125232679843e-09	   7.0000000000000000e+00	
   5.5600000000000005e+00	   6.5453988895569637e-09	   7.0000000000000000e+00	
   5.5700000000000003e+00	   6.4330876181628582e-09	   7.0000000000000000e+00	
   5.5800000000000001e+00	   6.2914040643846647e-09	   7.0000000000000000e+00	
   5.5899999999999999e+00	   6.1224452174712951e-09	   7.0000000000000000e+00	
   5.5999999999999996e+00	   5.9284503972634184e-09	   7.0000000000000000e+00	
   5.6099999999999994e+00	   5.7117756080415916e-09	   7.0000000000000000e+00	
   5.6200000000000001e+00	   5.5838977885969143e-09	   7.0000000000000000e+00	
   5.6299999999999999e+00	   5.4445175035056081e-09	   7.0000000000000000e+00	
   5.6400000000000006e+00	   5.2816995221860452e-09	   7.0000000000000000e+00	
   5.6500000000000004e+00	   5.0976577403716306e-09	   7.0000000000000000e+00	
   5.6600000000000001e+00	   4.8946973141283934e-09	   7.0000000000000000e+00	
   5.6699999999999999e+00	   4.7098476230189590e-09	   7.0000000000000000e+00	
   5.6799999999999997e+00	   4.5750272459343932e-09	   7.0000000000000000e+00	
   5.6899999999999995e+00	   4.4204978566497743e-09	   7.0000000000000000e+00	
   5.6999999999999993e+00	   4.2484151752120169e-09	   7.0000000000000000e+00	
   5.7100000000000000e+00	   4.0609895446408473e-09	   7.0000000000000000e+00	
   5.7199999999999998e+00	   3.8604672791819894e-09	   7.0000000000000000e+00	
   5.7300000000000004e+00	   3.7125938989746032e-09	   7.0000000000000000e+00	
   5.7400000000000002e+00	   3.5675504772569866e-09	   7.0000000000000000e+00	
   5.7500000000000000e+00	   3.4084375322152027e-09	   7.0000000000000000e+00	
   5.7599999999999998e+00	   3.2373446146038987e-09	   7.0000000000000000e+00	
   5.7699999999999996e+00	   3.0563742647871095e-09	   7.0000000000000000e+00	
   5.7799999999999994e+00	   2.8817770392208786e-09	   7.0000000000000000e+00	
   5.7900000000000000e+00	   2.7466935392794767e-09	   7.0000000000000000e+00	
   5.7999999999999998e+00	   2.6008033504609784e-09	   7.0000000000000000e+00	
   5.8100000000000005e+00	   2.4460575787088601e-09	   7.0000000000000000e+00	
   5.8200000000000003e+00	   2.2843977820485861e-09	   7.0000000000000000e+00	
   5.8300000000000001e+00	   2.1177462006249925e-09	   7.0000000000000000e+00	
   5.8399999999999999e+00	   1.9769843540018428e-09	   7.0000000000000000e+00	
   5.8499999999999996e+00	   1.8440209359482651e-09	   7.0000000000000000e+00	
   5.8599999999999994e+00	   1.7050667544538101e-09	   7.0000000000000000e+00	
   5.8700000000000001e+00	   1.5618994986255075e-09	   7.0000000000000000e+00	
   5.8799999999999999e+00	   1.4162506722925627e-09	   7.0000000000000000e+00	
   5.8900000000000006e+00	   1.2729293175084422e-09	   7.0000000000000000e+00	
   5.9000000000000004e+00	   1.1522235388028434e-09	   7.0000000000000000e+00	
   5.9100000000000001e+00	   1.0281246964893853e-09	   7.0000000000000000e+00	
   5.9199999999999999e+00	   9.0223073456741076e-10	   7.0000000000000000e+00	
   5.9299999999999997e+00	   7.7608652837568570e-10	   7.0000000000000000e+00	
   5.9399999999999995e+00	   6.5117222725064039e-10	   7.0000000000000000e+00	
   5.9500000000000002e+00	   5.3545157197021354e-10	   7.0000000000000000e+00	
   5.9600000000000000e+00	   4.2503323083309397e-10	   7.0000000000000000e+00	
   5.9699999999999998e+00	   3.1495561714223186e-10	   7.0000000000000000e+00	
   5.9800000000000004e+00	   2.0657764387976840e-10	   7.0000000000000000e+00	
   5.9900000000000002e+00	   1.0119005633413281e-10	   7.0000000000000000e+00	
   6.0000000000000000e+00	   1.5543122344752192e-15	   1.0000000000000000e+00	
   6.0099999999999998e+00	   1.6749157616402499e-11	   8.0000000000000000e+00	
   6.0199999999999996e+00	   3.3013036748741342e-11	   8.0000000000000000e+00	
   6.0300000000000002e+00	   4.8590798051861839e-11	   8.0000000000000000e+00	
   6.0400000000000000e+00	   6.3310134912342164e-11	   8.0000000000000000e+00	
   6.0499999999999998e+00	   7.7005402054908245e-11	   8.0000000000000000e+00	
   6.0600000000000005e+00	   9.0413898590213648e-11	   8.0000000000000000e+00	
   6.0700000000000003e+00	   1.0403478079012984e-10	   8.0000000000000000e+00	
   6.0800000000000001e+00	   1.1676748457034591e-10	   8.0000000000000000e+00	
   6.0899999999999999e+00	   1.2846612662542611e-10	   8.0000000000000000e+00	
   6.0999999999999996e+00	   1.3899992268306960e-10	   8.0000000000000000e+00	
   6.1099999999999994e+00	   1.4825407568253013e-10	   8.0000000000000000e+00	
   6.1200000000000001e+00	   1.5924728202776350e-10	   8.0000000000000000e+00	
   6.1299999999999999e+00	   1.6955681303443271e-10	   8.0000000000000000e+00	
   6.1399999999999997e+00	   1.7870238622208490e-10	   8.0000000000000000e+00	
   6.1500000000000004e+00	   1.8658452560771366e-10	   8.0000000000000000e+00	
   6.1600000000000001e+00	   1.9312285104433613e-10	   8.0000000000000000e+00	
   6.1699999999999999e+00	   1.9972179465810314e-10	   8.0000000000000000e+00	
   6.1799999999999997e+00	   2.0798940347788175e-10	   8.0000000000000000e+00	
   6.1899999999999995e+00	   2.1500601299351274e-10	   8.0000000000000000e+00	
   6.2000000000000002e+00	   2.2070012484221024e-10	   8.0000000000000000e+00	
   6.2100000000000000e+00	   2.2501800422958240e-10	   8.0000000000000000e+00	
   6.2199999999999998e+00	   2.2791613041306391e-10	   8.0000000000000000e+00	
   6.2300000000000004e+00	   2.3336088617043060e-10	   8.0000000000000000e+00	
   6.2400000000000002e+00	   2.3862334330715385e-10	   8.0000000000000000e+00	
   6.2500000000000000e+00	   2.4253932195961170e-10	   8.0000000000000000e+00	
   6.2599999999999998e+00	   2.4507285090180631e-10	   8.0000000000000000e+00	
   6.2699999999999996e+00	   2.4620661065455351e-10	   8.0000000000000000e+00	
   6.2800000000000002e+00	   2.4714452706575685e-10	   8.0000000000000000e+00	
   6.2900000000000000e+00	   2.5097635081294811e-10	   8.0000000000000000e+00	
   6.2999999999999998e+00	   2.5346413856652816e-10	   8.0000000000000000e+00	
   6.3100000000000005e+00	   2.5459234720415225e-10	   8.0000000000000000e+00	
   6.3200000000000003e+00	   2.5435675787832679e-10	   8.0000000000000000e+00	
   6.3300000000000001e+00	   2.5277535620205072e-10	   8.0000000000000000e+00	
   6.3399999999999999e+00	   2.5358781741147141e-10	   8.0000000000000000e+00	
   6.3499999999999996e+00	   2.5494406585835350e-10	   8.0000000000000000e+00	
   6.3599999999999994e+00	   2.5498247957500553e-10	   8.0000000000000000e+00	
   6.3700000000000001e+00	   2.5372415279889537e-10	   8.0000000000000000e+00	
   6.3799999999999999e+00	   2.5118884749986137e-10	   8.0000000000000000e+00	
   6.3899999999999997e+00	   2.4802315756744520e-10	   8.0000000000000000e+00	
   6.4000000000000004e+00	   2.4849144963923209e-10	   8.0000000000000000e+00	
   6.4100000000000001e+00	   2.4771051876371075e-10	   8.0000000000000000e+00	
   6.4199999999999999e+00	   2.4570501189202787e-10	   8.0000000000000000e+00	
   6.4299999999999997e+00	   2.4250956798255174e-10	   8.0000000000000000e+00	
   6.4399999999999995e+00	   2.3816526528719351e-10	   8.0000000000000000e+00	
   6.4500000000000002e+00	   2.3561452788811721e-10	   8.0000000000000000e+00	
   6.4600000000000000e+00	   2.3422630501812591e-10	   8.0000000000000000e+00	
   6.4699999999999998e+00	   2.3169954843638152e-10	   8.0000000000000000e+00	
   6.4800000000000004e+00	   2.2807677968472717e-10	   8.0000000000000000e+00	
   6.4900000000000002e+00	   2.2341217764676458e-10	   8.0000000000000000e+00	
   6.5099999999999998e+00	   2.1593571375433385e-10	   8.0000000000000000e+00	
   6.5199999999999996e+00	   2.1306556519107289e-10	   8.0000000000000000e+00	
   6.5300000000000002e+00	   2.0920176702077242e-10	   8.0000000000000000e+00	
   6.5400000000000000e+00	   2.0440504844287943e-10	   8.0000000000000000e+00	
   6.5499999999999998e+00	   1.9873613865684092e-10	   8.0000000000000000e+00	
   6.5600000000000005e+00	   1.9416368512992221e-10	   8.0000000000000000e+00	
   6.5700000000000003e+00	   1.9108381543730957e-10	   8.0000000000000000e+00	
   6.5800000000000001e+00	   1.8712131844011992e-10	   8.0000000000000000e+00	
   6.5899999999999999e+00	   1.8233481391405348e-10	   8.0000000000000000e+00	
   6.5999999999999996e+00	   1.7678658537079173e-10	   8.0000000000000000e+00	
   6.6099999999999994e+00	   1.7054402334792940e-10	   8.0000000000000000e+00	
   6.6200000000000001e+00	   1.6693846305315674e-10	   8.0000000000000000e+00	
   6.6299999999999999e+00	   1.6297829752431880e-10	   8.0000000000000000e+00	
   6.6399999999999997e+00	   1.5830448063525182e-10	   8.0000000000000000e+00	
   6.6500000000000004e+00	   1.5297851874152002e-10	   8.0000000000000000e+00	
   6.6600000000000001e+00	   1.4706891260374277e-10	   8.0000000000000000e+00	
   6.6699999999999999e+00	   1.4168943796022404e-10	   8.0000000000000000e+00	
   6.6799999999999997e+00	   1.3780210306180152e-10	   8.0000000000000000e+00	
   6.6899999999999995e+00	   1.3330847536963120e-10	   8.0000000000000000e+00	
   6.7000000000000002e+00	   1.2827272577453641e-10	   8.0000000000000000e+00	
   6.7100000000000000e+00	   1.2276013539036512e-10	   8.0000000000000000e+00	
   6.7199999999999998e+00	   1.1683687350938499e-10	   8.0000000000000000e+00	
   6.7300000000000004e+00	   1.1249201570251444e-10	   8.0000000000000000e+00	
   6.7400000000000002e+00	   1.0822276408362086e-10	   8.0000000000000000e+00	
   6.7500000000000000e+00	   1.0351619561532743e-10	   8.0000000000000000e+00	
   6.7599999999999998e+00	   9.8433261541686079e-11	   8.0000000000000000e+00	
   6.7699999999999996e+00	   9.3037244575100431e-11	   8.0000000000000000e+00	
   6.7800000000000002e+00	   8.7818974314757270e-11	   8.0000000000000000e+00	
   6.7900000000000000e+00	   8.3796303229632940e-11	   8.0000000000000000e+00	
   6.7999999999999998e+00	   7.9434681055090550e-11	   8.0000000000000000e+00	
   6.8100000000000005e+00	   7.4791173254595833e-11	   8.0000000000000000e+00	
   6.8200000000000003e+00	   6.9922290180102209e-11	   8.0000000000000000e+00	
   6.8300000000000001e+00	   6.4891980677828087e-11	   8.0000000000000000e+00	
   6.8399999999999999e+00	   6.0644489430217163e-11	   8.0000000000000000e+00	
   6.8499999999999996e+00	   5.6626481281796259e-11	   8.0000000000000000e+00	
   6.8599999999999994e+00	   5.2412518769529015e-11	   8.0000000000000000e+00	
   6.8700000000000001e+00	   4.8063109048257502e-11	   8.0000000000000000e+00	
   6.8799999999999999e+00	   4.3626657841855376e-11	   8.0000000000000000e+00	
   6.8899999999999997e+00	   3.9253267303251960e-11	   8.0000000000000000e+00	
   6.9000000000000004e+00	   3.5564662326237340e-11	   8.0000000000000000e+00	
   6.9100000000000001e+00	   3.1767033448204529e-11	   8.0000000000000000e+00	
   6.9199999999999999e+00	   2.7906010835465622e-11	   8.0000000000000000e+00	
   6.9299999999999997e+00	   2.4028778966567188e-11	   8.0000000000000000e+00	
   6.9399999999999995e+00	   2.0179413695586845e-11	   8.0000000000000000e+00	
   6.9500000000000002e+00	   1.6609713604509579e-11	   8.0000000000000000e+00	
   6.9600000000000000e+00	   1.3197887227534011e-11	   8.0000000000000000e+00	
   6.9699999999999998e+00	   9.7898356088421679e-12	   8.0000000000000000e+00	
   6.9800000000000004e+00	   6.4261929111353311e-12	   8.0000000000000000e+00	
   6.9900000000000002e+00	   3.1501468100714192e-12	   8.0000000000000000e+00	
   7.0000000000000000e+00	   1.9984014443252818e-15	   1.0000000000000000e+00	
   7.0099999999999998e+00	   6.6602279247263141e-13	   8.0000000000000000e+00	
   7.0199999999999996e+00	   1.3161693956931231e-12	   8.0000000000000000e+00	
   7.0300000000000002e+00	   1.9410029139521612e-12	   8.0000000000000000e+00	
   7.0400000000000000e+00	   2.5387469904103455e-12	   8.0000000000000000e+00	
   7.0499999999999998e+00	   3.0991875732411245e-12	   8.0000000000000000e+00	
   7.0599999999999996e+00	   3.6513014833872148e-12	   8.0000000000000000e+00	
   7.0700000000000003e+00	   4.2159609137115694e-12	   8.0000000000000000e+00	
   7.0800000000000001e+00	   4.7482018317168695e-12	   8.0000000000000000e+00	
   7.0899999999999999e+00	   5.2438053899095394e-12	   8.0000000000000000e+00	
   7.0999999999999996e+00	   5.6936677594876528e-12	   8.0000000000000000e+00	
   7.1100000000000003e+00	   6.0931260037477841e-12	   8.0000000000000000e+00	
   7.1200000000000001e+00	   6.5676353244725760e-12	   8.0000000000000000e+00	
   7.1299999999999999e+00	   7.0188299616802396e-12	   8.0000000000000000e+00	
   7.1399999999999997e+00	   7.4242834102733468e-12	   8.0000000000000000e+00	
   7.1500000000000004e+00	   7.7764461536844465e-12	   8.0000000000000000e+00	
   7.1600000000000001e+00	   8.0766504595430888e-12	   8.0000000000000000e+00	
   7.1699999999999999e+00	   8.3819617913150068e-12	   8.0000000000000000e+00	
   7.1799999999999997e+00	   8.7598817088974101e-12	   8.0000000000000000e+00	
   7.1899999999999995e+00	   9.0862872781372062e-12	   8.0000000000000000e+00	
   7.2000000000000002e+00	   9.3580698745654445e-12	   8.0000000000000000e+00	
   7.2100000000000000e+00	   9.5747854089722750e-12	   8.0000000000000000e+00	
   7.2199999999999998e+00	   9.7311048108394971e-12	   8.0000000000000000e+00	
   7.2300000000000004e+00	   9.9982244705643097e-12	   8.0000000000000000e+00	
   7.2400000000000002e+00	   1.0257572569116746e-11	   8.0000000000000000e+00	
   7.2500000000000000e+00	   1.0461853605647775e-11	   8.0000000000000000e+00	
   7.2599999999999998e+00	   1.0608181000293371e-11	   8.0000000000000000e+00	
   7.2699999999999996e+00	   1.0694112262399358e-11	   8.0000000000000000e+00	
   7.2800000000000002e+00	   1.0769385383468943e-11	   8.0000000000000000e+00	
   7.2900000000000000e+00	   1.0973222330790122e-11	   8.0000000000000000e+00	
   7.2999999999999998e+00	   1.1120215859250493e-11	   8.0000000000000000e+00	
   7.3099999999999996e+00	   1.1207701433590955e-11	   8.0000000000000000e+00	
   7.3200000000000003e+00	   1.1232570429342559e-11	   8.0000000000000000e+00	
   7.3300000000000001e+00	   1.1200151917023504e-11	   8.0000000000000000e+00	
   7.3399999999999999e+00	   1.1273870725858615e-11	   8.0000000000000000e+00	
   7.3499999999999996e+00	   1.1372236485840403e-11	   8.0000000000000000e+00	
   7.3600000000000003e+00	   1.1409095890257959e-11	   8.0000000000000000e+00	
   7.3700000000000001e+00	   1.1391110277259031e-11	   8.0000000000000000e+00	
   7.3799999999999999e+00	   1.1314948977769745e-11	   8.0000000000000000e+00	
   7.3899999999999997e+00	   1.1209699835035281e-11	   8.0000000000000000e+00	
   7.4000000000000004e+00	   1.1265210986266538e-11	   8.0000000000000000e+00	
   7.4100000000000001e+00	   1.1266987343105939e-11	   8.0000000000000000e+00	
   7.4199999999999999e+00	   1.1212808459504231e-11	   8.0000000000000000e+00	
   7.4299999999999997e+00	   1.1103118424671266e-11	   8.0000000000000000e+00	
   7.4399999999999995e+00	   1.0937473149397192e-11	   8.0000000000000000e+00	
   7.4500000000000002e+00	   1.0855538690179856e-11	   8.0000000000000000e+00	
   7.4600000000000000e+00	   1.0827116980749452e-11	   8.0000000000000000e+00	
   7.4699999999999998e+00	   1.0744960476927190e-11	   8.0000000000000000e+00	
   7.4800000000000004e+00	   1.0609402245620458e-11	   8.0000000000000000e+00	
   7.4900000000000002e+00	   1.0425327268137607e-11	   8.0000000000000000e+00	
   7.5099999999999998e+00	   1.0141776307648342e-11	   8.0000000000000000e+00	
   7.5199999999999996e+00	   1.0039413744777903e-11	   8.0000000000000000e+00	
   7.5300000000000002e+00	   9.8865360342870190e-12	   8.0000000000000000e+00	
   7.5400000000000000e+00	   9.6909147373480664e-12	   8.0000000000000000e+00	
   7.5499999999999998e+00	   9.4527718985659703e-12	   8.0000000000000000e+00	
   7.5599999999999996e+00	   9.2641450066821562e-12	   8.0000000000000000e+00	
   7.5700000000000003e+00	   9.1444629646275644e-12	   8.0000000000000000e+00	
   7.5800000000000001e+00	   8.9830365368470666e-12	   8.0000000000000000e+00	
   7.5899999999999999e+00	   8.7811979909702131e-12	   8.0000000000000000e+00	
   7.5999999999999996e+00	   8.5408347061388667e-12	   8.0000000000000000e+00	
   7.6100000000000003e+00	   8.2640561060998152e-12	   8.0000000000000000e+00	
   7.6200000000000001e+00	   8.1136208862631065e-12	   8.0000000000000000e+00	
   7.6299999999999999e+00	   7.9460882318471704e-12	   8.0000000000000000e+00	
   7.6399999999999997e+00	   7.7429174183407667e-12	   8.0000000000000000e+00	
   7.6500000000000004e+00	   7.5042194680463581e-12	   8.0000000000000000e+00	
   7.6600000000000001e+00	   7.2358785629944578e-12	   8.0000000000000000e+00	
   7.6699999999999999e+00	   6.9932948321138610e-12	   8.0000000000000000e+00	
   7.6799999999999997e+00	   6.8227645755314370e-12	   8.0000000000000000e+00	
   7.6900000000000004e+00	   6.6200378512348834e-12	   8.0000000000000000e+00	
   7.7000000000000002e+00	   6.3884453282980758e-12	   8.0000000000000000e+00	
   7.7100000000000000e+00	   6.1328719880293647e-12	   8.0000000000000000e+00	
   7.7199999999999998e+00	   5.8549831649656880e-12	   8.0000000000000000e+00	
   7.7300000000000004e+00	   5.6532556413912971e-12	   8.0000000000000000e+00	
   7.7400000000000002e+00	   5.4544146976809316e-12	   8.0000000000000000e+00	
   7.7500000000000000e+00	   5.2337023603854504e-12	   8.0000000000000000e+00	
   7.7599999999999998e+00	   4.9923398748319414e-12	   8.0000000000000000e+00	
   7.7699999999999996e+00	   4.7333248431868924e-12	   8.0000000000000000e+00	
   7.7800000000000002e+00	   4.4791947928501941e-12	   8.0000000000000000e+00	
   7.7900000000000000e+00	   4.2867931426826544e-12	   8.0000000000000000e+00	
   7.7999999999999998e+00	   4.0765169018186498e-12	   8.0000000000000000e+00	
   7.8099999999999996e+00	   3.8503644717025054e-12	   8.0000000000000000e+00	
   7.8200000000000003e+00	   3.6083358523342213e-12	   8.0000000000000000e+00	
   7.8300000000000001e+00	   3.3593128279107987e-12	   8.0000000000000000e+00	
   7.8399999999999999e+00	   3.1489255647443315e-12	   8.0000000000000000e+00	
   7.8499999999999996e+00	   2.9497515541265784e-12	   8.0000000000000000e+00	
   7.8600000000000003e+00	   2.7359225995837733e-12	   8.0000000000000000e+00	
   7.8700000000000001e+00	   2.5170976414301549e-12	   8.0000000000000000e+00	
   7.8799999999999999e+00	   2.2917223674312481e-12	   8.0000000000000000e+00	
   7.8899999999999997e+00	   2.0691226509939042e-12	   8.0000000000000000e+00	
   7.9000000000000004e+00	   1.8780532684559148e-12	   8.0000000000000000e+00	
   7.9100000000000001e+00	   1.6826540161218873e-12	   8.0000000000000000e+00	
   7.9199999999999999e+00	   1.4832579608992091e-12	   8.0000000000000000e+00	
   7.9299999999999997e+00	   1.2814194150223557e-12	   8.0000000000000000e+00	
   7.9400000000000004e+00	   1.0774714453987144e-12	   8.0000000000000000e+00	
   7.9500000000000002e+00	   8.8984375423706297e-13	   8.0000000000000000e+00	
   7.9600000000000000e+00	   7.0965455734040006e-13	   8.0000000000000000e+00	
   7.9699999999999998e+00	   5.2824411511664948e-13	   8.0000000000000000e+00	
   7.9800000000000004e+00	   3.4650060598551136e-13	   8.0000000000000000e+00	
   7.9900000000000002e+00	   1.6997514507011147e-13	   8.0000000000000000e+00	
   8.0000000000000000e+00	   2.2204460492503131e-15	   1.0000000000000000e+00	
