   5.1000000000000001e-01	   3.2044028999432959e+00	   3.0000000000000000e+00	
   5.2000000000000002e-01	   3.2819503420896696e+00	   8.0000000000000000e+00	
   5.3000000000000003e-01	   1.7463797512409192e+00	   1.0000000000000000e+00	
   5.4000000000000004e-01	   1.8840266361378415e+00	   1.0000000000000000e+00	
   5.5000000000000004e-01	   2.0247261853803300e+00	   1.0000000000000000e+00	
   5.6000000000000005e-01	   1.5675840605025224e+00	   1.0000000000000000e+00	
   5.7000000000000006e-01	   1.4714731817762858e+00	   1.0000000000000000e+00	
   5.7999999999999996e-01	   1.5905084369679128e+00	   1.0000000000000000e+00	
   5.8999999999999997e-01	   1.7120274307949037e+00	   1.0000000000000000e+00	
   5.9999999999999998e-01	   1.8356674554507968e+00	   1.0000000000000000e+00	
   6.0999999999999999e-01	   1.9610546024209419e+00	   1.0000000000000000e+00	
   6.2000000000000000e-01	   1.3749744857860102e+00	   1.0000000000000000e+00	
   6.3000000000000000e-01	   1.4472705326142774e+00	   1.0000000000000000e+00	
   6.4000000000000001e-01	   1.5555264217502680e+00	   1.0000000000000000e+00	
   6.5000000000000002e-01	   1.6652098752036217e+00	   1.0000000000000000e+00	
   6.6000000000000003e-01	   1.7760061484908323e+00	   1.0000000000000000e+00	
   6.7000000000000004e-01	   1.3691974977943990e+00	   1.0000000000000000e+00	
   6.7999999999999994e-01	   1.3149282920393777e+00	   1.0000000000000000e+00	
   6.8999999999999995e-01	   1.4120492019440678e+00	   1.0000000000000000e+00	
   6.9999999999999996e-01	   1.5100717980935756e+00	   1.0000000000000000e+00	
   7.0999999999999996e-01	   1.6087275411015587e+00	   1.0000000000000000e+00	
   7.1999999999999997e-01	   1.7077427473409252e+00	   1.0000000000000000e+00	
   7.2999999999999998e-01	   1.1971148284137390e+00	   1.0000000000000000e+00	
   7.3999999999999999e-01	   1.2798624404502492e+00	   1.0000000000000000e+00	
   7.5000000000000000e-01	   1.3679644508583877e+00	   1.0000000000000000e+00	
   7.6000000000000001e-01	   1.4563318115749349e+00	   1.0000000000000000e+00	
   7.7000000000000002e-01	   1.5447291763821078e+00	   1.0000000000000000e+00	
   7.8000000000000003e-01	   1.1785664308015917e+00	   1.0000000000000000e+00	
   7.9000000000000004e-01	   1.1577109775815935e+00	   1.0000000000000000e+00	
   8.0000000000000004e-01	   1.2372390555908084e+00	   1.0000000000000000e+00	
   8.1000000000000005e-01	   1.3167475590104789e+00	   1.0000000000000000e+00	
   8.2000000000000006e-01	   1.3960323610585201e+00	   1.0000000000000000e+00	
   8.3000000000000007e-01	   1.4748875248827895e+00	   1.0000000000000000e+00	
   8.4000000000000008e-01	   1.0446569529791800e+00	   1.0000000000000000e+00	
   8.5000000000000009e-01	   1.1166718609178727e+00	   1.0000000000000000e+00	
   8.5999999999999999e-01	   1.1884449290301540e+00	   1.0000000000000000e+00	
   8.7000000000000000e-01	   1.2597978714068105e+00	   1.0000000000000000e+00	
   8.8000000000000000e-01	   1.3305514535405027e+00	   1.0000000000000000e+00	
   8.9000000000000001e-01	   9.9926362200156182e-01	   1.0000000000000000e+00	
   9.0000000000000002e-01	   1.0053279998546576e+00	   1.0000000000000000e+00	
   9.1000000000000003e-01	   1.0702626787608660e+00	   1.0000000000000000e+00	
   9.1999999999999993e-01	   1.1346249123492214e+00	   1.0000000000000000e+00	
   9.2999999999999994e-01	   1.1982578798202412e+00	   1.0000000000000000e+00	
   9.3999999999999995e-01	   1.2610050332717238e+00	   1.0000000000000000e+00	
   9.4999999999999996e-01	   9.0247231602151090e-01	   1.0000000000000000e+00	
   9.5999999999999996e-01	   9.6129529543535908e-01	   1.0000000000000000e+00	
   9.6999999999999997e-01	   1.0194280205346851e+00	   1.0000000000000000e+00	
   9.7999999999999998e-01	   1.0767327226290710e+00	   1.0000000000000000e+00	
   9.8999999999999999e-01	   1.1330724376749495e+00	   1.0000000000000000e+00	
   1.0000000000000000e+00	   8.3316942512478775e-01	   1.0000000000000000e+00	
   1.0100000000000000e+00	   2.5142322538820450e+00	   8.0000000000000000e+00	
   1.0200000000000000e+00	   2.4881024792458728e+00	   8.0000000000000000e+00	
   1.0300000000000000e+00	   2.5020766270181665e+00	   8.0000000000000000e+00	
   1.0400000000000000e+00	   2.5180263417785693e+00	   8.0000000000000000e+00	
   1.0500000000000000e+00	   2.5360592988807182e+00	   8.0000000000000000e+00	
   1.0600000000000001e+00	   2.5562962383180503e+00	   8.0000000000000000e+00	
   1.0700000000000001e+00	   2.5788719076203592e+00	   8.0000000000000000e+00	
   1.0800000000000001e+00	   2.6039361274171915e+00	   8.0000000000000000e+00	
   1.0899999999999999e+00	   2.6316549867608865e+00	   8.0000000000000000e+00	
   1.1000000000000001e+00	   2.6622121758148500e+00	   8.0000000000000000e+00	
   1.1099999999999999e+00	   2.6958104637857501e+00	   8.0000000000000000e+00	
   1.1200000000000001e+00	   2.7326733299288160e+00	   8.0000000000000000e+00	
   1.1299999999999999e+00	   2.7730467549687843e+00	   8.0000000000000000e+00	
   1.1400000000000001e+00	   2.8172011792024767e+00	   8.0000000000000000e+00	
   1.1499999999999999e+00	   2.8654336316779809e+00	   8.0000000000000000e+00	
   1.1600000000000001e+00	   2.9180700319128645e+00	   8.0000000000000000e+00	
   1.1699999999999999e+00	   2.9754676612693514e+00	   8.0000000000000000e+00	
   1.1800000000000002e+00	   3.0380177988176795e+00	   8.0000000000000000e+00	
   1.1899999999999999e+00	   1.6222678664005303e+00	   1.0000000000000000e+00	
   1.2000000000000002e+00	   1.5916682593037632e+00	   1.0000000000000000e+00	
   1.2100000000000000e+00	   1.5598913469745357e+00	   1.0000000000000000e+00	
   1.2200000000000000e+00	   1.5269991034923511e+00	   1.0000000000000000e+00	
   1.2300000000000000e+00	   1.5453057492540698e+00	   1.0000000000000000e+00	
   1.2400000000000000e+00	   1.5169914169700074e+00	   1.0000000000000000e+00	
   1.2500000000000000e+00	   1.4875245331930027e+00	   1.0000000000000000e+00	
   1.2600000000000000e+00	   1.4569675886103752e+00	   1.0000000000000000e+00	
   1.2700000000000000e+00	   1.4253840952584031e+00	   1.0000000000000000e+00	
   1.2800000000000000e+00	   1.4374808328141899e+00	   1.0000000000000000e+00	
   1.2900000000000000e+00	   1.4102144397154608e+00	   1.0000000000000000e+00	
   1.3000000000000000e+00	   1.3818816656035713e+00	   1.0000000000000000e+00	
   1.3100000000000001e+00	   1.3525460375492031e+00	   1.0000000000000000e+00	
   1.3200000000000001e+00	   1.3222718629446262e+00	   1.0000000000000000e+00	
   1.3300000000000001e+00	   1.2911242184307947e+00	   1.0000000000000000e+00	
   1.3399999999999999e+00	   1.3025478387960356e+00	   1.0000000000000000e+00	
   1.3500000000000001e+00	   1.2753363686102432e+00	   1.0000000000000000e+00	
   1.3599999999999999e+00	   1.2472089716180423e+00	   1.0000000000000000e+00	
   1.3700000000000001e+00	   1.2182301164960678e+00	   1.0000000000000000e+00	
   1.3799999999999999e+00	   1.1884648186482314e+00	   1.0000000000000000e+00	
   1.3900000000000001e+00	   1.1945569320763205e+00	   1.0000000000000000e+00	
   1.3999999999999999e+00	   1.1684424819983610e+00	   1.0000000000000000e+00	
   1.4100000000000001e+00	   1.1414985122347308e+00	   1.0000000000000000e+00	
   1.4199999999999999e+00	   1.1137891180741402e+00	   1.0000000000000000e+00	
   1.4300000000000002e+00	   1.0853787568314837e+00	   1.0000000000000000e+00	
   1.4399999999999999e+00	   1.0563322115128324e+00	   1.0000000000000000e+00	
   1.4500000000000002e+00	   1.0617094751252747e+00	   1.0000000000000000e+00	
   1.4600000000000000e+00	   1.0359148420819086e+00	   1.0000000000000000e+00	
   1.4700000000000000e+00	   1.0094396297349664e+00	   1.0000000000000000e+00	
   1.4800000000000000e+00	   9.8234732679858916e-01	   1.0000000000000000e+00	
   1.4900000000000000e+00	   9.5470158071099798e-01	   1.0000000000000000e+00	
   1.5100000000000000e+00	   1.6411751773175443e-02	   1.0000000000000000e+00	
   1.5200000000000000e+00	   1.5964446592959591e-02	   1.0000000000000000e+00	
   1.5300000000000000e+00	   1.5707949774682151e-02	   1.0000000000000000e+00	
   1.5400000000000000e+00	   1.5382114954124448e-02	   1.0000000000000000e+00	
   1.5500000000000000e+00	   1.4991805480381926e-02	   1.0000000000000000e+00	
   1.5600000000000001e+00	   1.4542160886704680e-02	   1.0000000000000000e+00	
   1.5700000000000001e+00	   1.4038547002471757e-02	   1.0000000000000000e+00	
   1.5800000000000001e+00	   1.3697341525992890e-02	   1.0000000000000000e+00	
   1.5900000000000001e+00	   1.3375073216298716e-02	   1.0000000000000000e+00	
   1.6000000000000001e+00	   1.2997258207189777e-02	   1.0000000000000000e+00	
   1.6100000000000001e+00	   1.2568975734424725e-02	   1.0000000000000000e+00	
   1.6200000000000001e+00	   1.2095461803310670e-02	   1.0000000000000000e+00	
   1.6300000000000001e+00	   1.1639041413702200e-02	   1.0000000000000000e+00	
   1.6400000000000001e+00	   1.1327885216537714e-02	   1.0000000000000000e+00	
   1.6500000000000001e+00	   1.0969789866255963e-02	   1.0000000000000000e+00	
   1.6599999999999999e+00	   1.0569676731625455e-02	   1.0000000000000000e+00	
   1.6699999999999999e+00	   1.0132563918469506e-02	   1.0000000000000000e+00	
   1.6799999999999999e+00	   9.6635264701612211e-03	   1.0000000000000000e+00	
   1.6899999999999999e+00	   9.3104863041660879e-03	   1.0000000000000000e+00	
   1.7000000000000000e+00	   8.9764809689817371e-03	   1.0000000000000000e+00	
   1.7100000000000000e+00	   8.6084231717059589e-03	   1.0000000000000000e+00	
   1.7200000000000000e+00	   8.2110458439906830e-03	   1.0000000000000000e+00	
   1.7300000000000000e+00	   7.7890908695869010e-03	   1.0000000000000000e+00	
   1.7400000000000000e+00	   7.3791552800902549e-03	   1.0000000000000000e+00	
   1.7500000000000000e+00	   7.0714284540666084e-03	   1.0000000000000000e+00	
   1.7600000000000000e+00	   6.7370708518555977e-03	   1.0000000000000000e+00	
   1.7700000000000000e+00	   6.3804805905353090e-03	   1.0000000000000000e+00	
   1.7800000000000000e+00	   6.0060241272429371e-03	   1.0000000000000000e+00	
   1.7900000000000000e+00	   5.6180045705315207e-03	   1.0000000000000000e+00	
   1.8000000000000000e+00	   5.2273136547225096e-03	   2.0000000000000000e+00	
   1.8100000000000001e+00	   4.8026279487793921e-03	   2.0000000000000000e+00	
   1.8200000000000001e+00	   4.3805169770838592e-03	   2.0000000000000000e+00	
   1.8300000000000001e+00	   3.9652029612373685e-03	   2.0000000000000000e+00	
   1.8400000000000001e+00	   3.5865029123582914e-03	   2.0000000000000000e+00	
   1.8500000000000001e+00	   3.2660547868947898e-03	   2.0000000000000000e+00	
   1.8600000000000001e+00	   2.9474721378204283e-03	   2.0000000000000000e+00	
   1.8700000000000001e+00	   2.6343162384152574e-03	   2.0000000000000000e+00	
   1.8800000000000001e+00	   2.3297626178044872e-03	   2.0000000000000000e+00	
   1.8900000000000001e+00	   2.0366010859178552e-03	   2.0000000000000000e+00	
   1.9000000000000001e+00	   1.7923905443328891e-03	   2.0000000000000000e+00	
   1.9099999999999999e+00	   1.5588300791666843e-03	   2.0000000000000000e+00	
   1.9199999999999999e+00	   1.3326971109295371e-03	   2.0000000000000000e+00	
   1.9299999999999999e+00	   1.1162949184353455e-03	   2.0000000000000000e+00	
   1.9399999999999999e+00	   9.1159623832548498e-04	   2.0000000000000000e+00	
   1.9500000000000000e+00	   7.2760004693406266e-04	   2.0000000000000000e+00	
   1.9600000000000000e+00	   5.6183291886946485e-04	   2.0000000000000000e+00	
   1.9700000000000000e+00	   4.0474659409750480e-04	   2.0000000000000000e+00	
   1.9800000000000000e+00	   2.5792356009635142e-04	   2.0000000000000000e+00	
   1.9900000000000000e+00	   1.2266529281701466e-04	   2.0000000000000000e+00	
   2.0000000000000000e+00	   1.1102230246251565e-15	   1.0000000000000000e+00	
   2.0099999999999998e+00	   1.1197183103250907e-04	   2.0000000000000000e+00	
   2.0200000000000000e+00	   2.1465389878883023e-04	   2.0000000000000000e+00	
   2.0300000000000002e+00	   3.0705322300961235e-04	   2.0000000000000000e+00	
   2.0400000000000000e+00	   3.8841324814731237e-04	   2.0000000000000000e+00	
   2.0499999999999998e+00	   4.5820469498303318e-04	   2.0000000000000000e+00	
   2.0600000000000001e+00	   5.2449532980469726e-04	   2.0000000000000000e+00	
   2.0700000000000003e+00	   5.8463201679725962e-04	   2.0000000000000000e+00	
   2.0800000000000001e+00	   6.3489698642493764e-04	   2.0000000000000000e+00	
   2.0899999999999999e+00	   6.7496940428979357e-04	   2.0000000000000000e+00	
   2.1000000000000001e+00	   7.0471450824816095e-04	   2.0000000000000000e+00	
   2.1100000000000003e+00	   7.3110567477963073e-04	   2.0000000000000000e+00	
   2.1200000000000001e+00	   7.5825637269266721e-04	   2.0000000000000000e+00	
   2.1299999999999999e+00	   7.7629648669841345e-04	   2.0000000000000000e+00	
   2.1400000000000001e+00	   7.8524677953684119e-04	   2.0000000000000000e+00	
   2.1500000000000004e+00	   7.8527715274878673e-04	   2.0000000000000000e+00	
   2.1600000000000001e+00	   7.8072871316881010e-04	   2.0000000000000000e+00	
   2.1699999999999999e+00	   7.8257587461705302e-04	   2.0000000000000000e+00	
   2.1799999999999997e+00	   7.7634697994921620e-04	   2.0000000000000000e+00	
   2.1899999999999999e+00	   7.6232350718885566e-04	   2.0000000000000000e+00	
   2.2000000000000002e+00	   7.4090298225171214e-04	   2.0000000000000000e+00	
   2.2100000000000000e+00	   7.1603360603667010e-04	   2.0000000000000000e+00	
   2.2199999999999998e+00	   6.9874843627804051e-04	   2.0000000000000000e+00	
   2.2300000000000000e+00	   6.7462317727517984e-04	   2.0000000000000000e+00	
   2.2400000000000002e+00	   6.4413075442459888e-04	   2.0000000000000000e+00	
   2.2500000000000000e+00	   6.0783053631718875e-04	   2.0000000000000000e+00	
   2.2599999999999998e+00	   5.7368770608667852e-04	   2.0000000000000000e+00	
   2.2700000000000000e+00	   5.4224341333242165e-04	   2.0000000000000000e+00	
   2.2800000000000002e+00	   5.0533005030350964e-04	   2.0000000000000000e+00	
   2.2900000000000000e+00	   4.6355288977628639e-04	   2.0000000000000000e+00	
   2.2999999999999998e+00	   4.2156687397243431e-04	   2.0000000000000000e+00	
   2.3100000000000001e+00	   3.8466724431596155e-04	   2.0000000000000000e+00	
   2.3200000000000003e+00	   3.4310408442261853e-04	   2.0000000000000000e+00	
   2.3300000000000001e+00	   2.9751767417218744e-04	   2.0000000000000000e+00	
   2.3399999999999999e+00	   2.6088115978173398e-04	   2.0000000000000000e+00	
   2.3500000000000001e+00	   2.1970807571092266e-04	   2.0000000000000000e+00	
   2.3600000000000003e+00	   1.8464517106608902e-04	   2.0000000000000000e+00	
   2.3700000000000001e+00	   1.5254307217804630e-04	   2.0000000000000000e+00	
   2.3799999999999999e+00	   1.3081179578433577e-04	   2.0000000000000000e+00	
   2.3900000000000001e+00	   1.2408898717053418e-04	   2.0000000000000000e+00	
   2.4000000000000004e+00	   1.3360895167346953e-04	   2.0000000000000000e+00	
   2.4100000000000001e+00	   1.5706146365346285e-04	   2.0000000000000000e+00	
   2.4199999999999999e+00	   1.8895212742453538e-04	   2.0000000000000000e+00	
   2.4299999999999997e+00	   2.2178172036413368e-04	   2.0000000000000000e+00	
   2.4399999999999999e+00	   2.6305870179216262e-04	   2.0000000000000000e+00	
   2.4500000000000002e+00	   3.0030305787526190e-04	   2.0000000000000000e+00	
   2.4600000000000000e+00	   3.3882226157366802e-04	   2.0000000000000000e+00	
   2.4699999999999998e+00	   3.8021645950533922e-04	   2.0000000000000000e+00	
   2.4800000000000000e+00	   4.1731296829672360e-04	   2.0000000000000000e+00	
   2.4900000000000002e+00	   4.4963042158011057e-04	   2.0000000000000000e+00	
   2.5100000000000002e+00	   6.7973877794669235e-05	   3.0000000000000000e+00	
   2.5200000000000000e+00	   6.7194903188294575e-05	   3.0000000000000000e+00	
   2.5300000000000002e+00	   6.7493860993916854e-05	   3.0000000000000000e+00	
   2.5400000000000000e+00	   6.7388993238104433e-05	   3.0000000000000000e+00	
   2.5499999999999998e+00	   6.6887871453591430e-05	   3.0000000000000000e+00	
   2.5600000000000001e+00	   6.6002120479691229e-05	   3.0000000000000000e+00	
   2.5699999999999998e+00	   6.4747161530931407e-05	   3.0000000000000000e+00	
   2.5800000000000001e+00	   6.4092421728334514e-05	   3.0000000000000000e+00	
   2.5899999999999999e+00	   6.3569457339873736e-05	   3.0000000000000000e+00	
   2.6000000000000001e+00	   6.2685382546057156e-05	   3.0000000000000000e+00	
   2.6099999999999999e+00	   6.1457117937813166e-05	   3.0000000000000000e+00	
   2.6200000000000001e+00	   5.9904695691281873e-05	   3.0000000000000000e+00	
   2.6299999999999999e+00	   5.8381000336948929e-05	   3.0000000000000000e+00	
   2.6400000000000001e+00	   5.7533998444769807e-05	   3.0000000000000000e+00	
   2.6499999999999999e+00	   5.6368582584509497e-05	   3.0000000000000000e+00	
   2.6600000000000001e+00	   5.4905480698419495e-05	   3.0000000000000000e+00	
   2.6699999999999999e+00	   5.3167843526269465e-05	   3.0000000000000000e+00	
   2.6800000000000002e+00	   5.1180912141735035e-05	   3.0000000000000000e+00	
   2.6899999999999999e+00	   4.9902081630581741e-05	   3.0000000000000000e+00	
   2.7000000000000002e+00	   4.8549433002365028e-05	   3.0000000000000000e+00	
   2.7100000000000000e+00	   4.6948912871047632e-05	   3.0000000000000000e+00	
   2.7200000000000002e+00	   4.5125442914462077e-05	   3.0000000000000000e+00	
   2.7300000000000000e+00	   4.3105370981844082e-05	   3.0000000000000000e+00	
   2.7400000000000002e+00	   4.1290364617307951e-05	   3.0000000000000000e+00	
   2.7500000000000000e+00	   3.9833972070746348e-05	   3.0000000000000000e+00	
   2.7600000000000002e+00	   3.8180526704345574e-05	   3.0000000000000000e+00	
   2.7700000000000000e+00	   3.6355534963505853e-05	   3.0000000000000000e+00	
   2.7800000000000002e+00	   3.4385319782725965e-05	   3.0000000000000000e+00	
   2.7900000000000000e+00	   3.2296703612932909e-05	   3.0000000000000000e+00	
   2.8000000000000003e+00	   3.0787377698793250e-05	   3.0000000000000000e+00	
   2.8100000000000001e+00	   2.9151696009588335e-05	   3.0000000000000000e+00	
   2.8199999999999998e+00	   2.7393945421838595e-05	   3.0000000000000000e+00	
   2.8300000000000001e+00	   2.5539473079705388e-05	   3.0000000000000000e+00	
   2.8399999999999999e+00	   2.3613608473693759e-05	   3.0000000000000000e+00	
   2.8500000000000001e+00	   2.1909036803879900e-05	   3.0000000000000000e+00	
   2.8599999999999999e+00	   1.9358505531918979e-05	   4.0000000000000000e+00	
   2.8700000000000001e+00	   1.6885277524414377e-05	   4.0000000000000000e+00	
   2.8799999999999999e+00	   1.4566730742737732e-05	   4.0000000000000000e+00	
   2.8900000000000001e+00	   1.2415376392072019e-05	   4.0000000000000000e+00	
   2.8999999999999999e+00	   1.0439598538525274e-05	   4.0000000000000000e+00	
   2.9100000000000001e+00	   8.7922988261102120e-06	   4.0000000000000000e+00	
   2.9199999999999999e+00	   7.3112592648971741e-06	   4.0000000000000000e+00	
   2.9300000000000002e+00	   5.9522707227532834e-06	   4.0000000000000000e+00	
   2.9399999999999999e+00	   4.7209317413088314e-06	   4.0000000000000000e+00	
   2.9500000000000002e+00	   3.6199264319414226e-06	   4.0000000000000000e+00	
   2.9600000000000000e+00	   2.6601710674256651e-06	   4.0000000000000000e+00	
   2.9700000000000002e+00	   1.8547699665028006e-06	   4.0000000000000000e+00	
   2.9800000000000000e+00	   1.1426167116912467e-06	   4.0000000000000000e+00	
   2.9900000000000002e+00	   5.2469094380391823e-07	   4.0000000000000000e+00	
   3.0000000000000000e+00	   1.3322676295501878e-15	   1.0000000000000000e+00	
   3.0100000000000002e+00	   4.3415831707527275e-07	   4.0000000000000000e+00	
   3.0200000000000000e+00	   7.9152725396269830e-07	   4.0000000000000000e+00	
   3.0300000000000002e+00	   1.0849257852107996e-06	   4.0000000000000000e+00	
   3.0400000000000000e+00	   1.3121171880126070e-06	   4.0000000000000000e+00	
   3.0500000000000003e+00	   1.4762471229889940e-06	   4.0000000000000000e+00	
   3.0600000000000001e+00	   1.5815017422315947e-06	   4.0000000000000000e+00	
   3.0699999999999998e+00	   1.6329045058327551e-06	   4.0000000000000000e+00	
   3.0800000000000001e+00	   1.6649824035042116e-06	   4.0000000000000000e+00	
   3.0899999999999999e+00	   1.6598271548318166e-06	   4.0000000000000000e+00	
   3.1000000000000001e+00	   1.6158282041267569e-06	   4.0000000000000000e+00	
   3.1099999999999999e+00	   1.5377108442127252e-06	   4.0000000000000000e+00	
   3.1200000000000001e+00	   1.4305887539034501e-06	   4.0000000000000000e+00	
   3.1299999999999999e+00	   1.2998175273892798e-06	   4.0000000000000000e+00	
   3.1400000000000001e+00	   1.1643830140073419e-06	   4.0000000000000000e+00	
   3.1499999999999999e+00	   1.0168659552167725e-06	   4.0000000000000000e+00	
   3.1600000000000001e+00	   8.5417429041001469e-07	   4.0000000000000000e+00	
   3.1699999999999999e+00	   6.8099103800456362e-07	   4.0000000000000000e+00	
   3.1800000000000002e+00	   5.0196475842589905e-07	   4.0000000000000000e+00	
   3.1899999999999999e+00	   3.2161363305860391e-07	   4.0000000000000000e+00	
   3.2000000000000002e+00	   1.6810756542362526e-07	   4.0000000000000000e+00	
   3.2100000000000000e+00	   1.6099020372362105e-07	   4.0000000000000000e+00	
   3.2200000000000002e+00	   3.0830544683890793e-07	   4.0000000000000000e+00	
   3.2300000000000000e+00	   4.8482723136178407e-07	   4.0000000000000000e+00	
   3.2400000000000002e+00	   6.6389543429412612e-07	   4.0000000000000000e+00	
   3.2500000000000000e+00	   8.3748392099014524e-07	   4.0000000000000000e+00	
   3.2600000000000002e+00	   1.0023058383268335e-06	   4.0000000000000000e+00	
   3.2700000000000000e+00	   1.1675805530186878e-06	   4.0000000000000000e+00	
   3.2800000000000002e+00	   1.3310401402177874e-06	   4.0000000000000000e+00	
   3.2900000000000000e+00	   1.4843746720671902e-06	   4.0000000000000000e+00	
   3.3000000000000003e+00	   1.6248906336002733e-06	   4.0000000000000000e+00	
   3.3100000000000001e+00	   1.7501984505008394e-06	   4.0000000000000000e+00	
   3.3199999999999998e+00	   1.8582442670167509e-06	   4.0000000000000000e+00	
   3.3300000000000001e+00	   1.9595135253847040e-06	   4.0000000000000000e+00	
   3.3399999999999999e+00	   2.0727825436606118e-06	   4.0000000000000000e+00	
   3.3500000000000001e+00	   2.1687448660268061e-06	   4.0000000000000000e+00	
   3.3599999999999999e+00	   2.2459208455782864e-06	   4.0000000000000000e+00	
   3.3700000000000001e+00	   2.3031864122557977e-06	   4.0000000000000000e+00	
   3.3799999999999999e+00	   2.3397795626545204e-06	   4.0000000000000000e+00	
   3.3900000000000001e+00	   2.3901981883733825e-06	   4.0000000000000000e+00	
   3.3999999999999999e+00	   2.4389201933594506e-06	   4.0000000000000000e+00	
   3.4100000000000001e+00	   2.4676034871551344e-06	   4.0000000000000000e+00	
   3.4199999999999999e+00	   2.4759616027991704e-06	   4.0000000000000000e+00	
   3.4300000000000002e+00	   2.4640424207134082e-06	   4.0000000000000000e+00	
   3.4399999999999999e+00	   2.4446276745138107e-06	   4.0000000000000000e+00	
   3.4500000000000002e+00	   2.4491415191452148e-06	   4.0000000000000000e+00	
   3.4600000000000000e+00	   2.4342032621804677e-06	   4.0000000000000000e+00	
   3.4700000000000002e+00	   2.4002347715490480e-06	   4.0000000000000000e+00	
   3.4800000000000000e+00	   2.3479442711471510e-06	   4.0000000000000000e+00	
   3.4900000000000002e+00	   2.2783060318887216e-06	   4.0000000000000000e+00	
   3.5100000000000002e+00	   1.0377063919264629e-07	   5.0000000000000000e+00	
   3.5200000000000000e+00	   1.0863224142454442e-07	   5.0000000000000000e+00	
   3.5300000000000002e+00	   1.1274242517345101e-07	   5.0000000000000000e+00	
   3.5400000000000000e+00	   1.1603018945649524e-07	   5.0000000000000000e+00	
   3.5500000000000003e+00	   1.1981775771552350e-07	   5.0000000000000000e+00	
   3.5600000000000001e+00	   1.2447277453198069e-07	   5.0000000000000000e+00	
   3.5700000000000003e+00	   1.2827778816948410e-07	   5.0000000000000000e+00	
   3.5800000000000001e+00	   1.3117502395409986e-07	   5.0000000000000000e+00	
   3.5899999999999999e+00	   1.3311877844479625e-07	   5.0000000000000000e+00	
   3.6000000000000001e+00	   1.3599655357410256e-07	   5.0000000000000000e+00	
   3.6099999999999999e+00	   1.3933808906685385e-07	   5.0000000000000000e+00	
   3.6200000000000001e+00	   1.4171511963922967e-07	   5.0000000000000000e+00	
   3.6299999999999999e+00	   1.4309615270491349e-07	   5.0000000000000000e+00	
   3.6400000000000001e+00	   1.4346284515909247e-07	   5.0000000000000000e+00	
   3.6499999999999999e+00	   1.4456516495009453e-07	   5.0000000000000000e+00	
   3.6600000000000001e+00	   1.4634210532271652e-07	   5.0000000000000000e+00	
   3.6699999999999999e+00	   1.4710518381200188e-07	   5.0000000000000000e+00	
   3.6800000000000002e+00	   1.4684994353864056e-07	   5.0000000000000000e+00	
   3.6899999999999999e+00	   1.4558510108564349e-07	   5.0000000000000000e+00	
   3.7000000000000002e+00	   1.4439165785251618e-07	   5.0000000000000000e+00	
   3.7100000000000000e+00	   1.4451286312056055e-07	   5.0000000000000000e+00	
   3.7200000000000002e+00	   1.4363166844777453e-07	   5.0000000000000000e+00	
   3.7300000000000000e+00	   1.4176941542931587e-07	   5.0000000000000000e+00	
   3.7400000000000002e+00	   1.3895986816780947e-07	   5.0000000000000000e+00	
   3.7500000000000000e+00	   1.3534256815272983e-07	   5.0000000000000000e+00	
   3.7600000000000002e+00	   1.3384497543622587e-07	   5.0000000000000000e+00	
   3.7700000000000000e+00	   1.3140991084181763e-07	   5.0000000000000000e+00	
   3.7800000000000002e+00	   1.2808188720736524e-07	   5.0000000000000000e+00	
   3.7900000000000000e+00	   1.2391640236142365e-07	   5.0000000000000000e+00	
   3.8000000000000003e+00	   1.1897909002467344e-07	   5.0000000000000000e+00	
   3.8100000000000001e+00	   1.1514307241000665e-07	   5.0000000000000000e+00	
   3.8200000000000003e+00	   1.1133069444113630e-07	   5.0000000000000000e+00	
   3.8300000000000001e+00	   1.0675418637973166e-07	   5.0000000000000000e+00	
   3.8399999999999999e+00	   1.0148666529374850e-07	   5.0000000000000000e+00	
   3.8500000000000001e+00	   9.5609342665170516e-08	   5.0000000000000000e+00	
   3.8599999999999999e+00	   8.9827226767980051e-08	   5.0000000000000000e+00	
   3.8700000000000001e+00	   8.4869103078588637e-08	   5.0000000000000000e+00	
   3.8799999999999999e+00	   7.4597188204350573e-08	   6.0000000000000000e+00	
   3.8900000000000001e+00	   6.2355705710004372e-08	   6.0000000000000000e+00	
   3.8999999999999999e+00	   5.1405063095089076e-08	   6.0000000000000000e+00	
   3.9100000000000001e+00	   4.1947773699035906e-08	   6.0000000000000000e+00	
   3.9199999999999999e+00	   3.4166448337202837e-08	   6.0000000000000000e+00	
   3.9300000000000002e+00	   2.7232913257790869e-08	   6.0000000000000000e+00	
   3.9399999999999999e+00	   2.1136919770015083e-08	   6.0000000000000000e+00	
   3.9500000000000002e+00	   1.5852975820962456e-08	   6.0000000000000000e+00	
   3.9600000000000000e+00	   1.1343217032333541e-08	   6.0000000000000000e+00	
   3.9700000000000002e+00	   7.6637829415915348e-09	   6.0000000000000000e+00	
   3.9800000000000000e+00	   4.6094832395482399e-09	   6.0000000000000000e+00	
   3.9900000000000002e+00	   2.0652444199242836e-09	   6.0000000000000000e+00	
   4.0000000000000000e+00	   1.5543122344752192e-15	   2.0000000000000000e+00	
   4.0099999999999998e+00	   1.6234935618086865e-09	   6.0000000000000000e+00	
   4.0199999999999996e+00	   2.8468372104129003e-09	   6.0000000000000000e+00	
   4.0300000000000002e+00	   3.7890777182525426e-09	   6.0000000000000000e+00	
   4.0400000000000000e+00	   4.4519314901236839e-09	   6.0000000000000000e+00	
   4.0500000000000007e+00	   4.8608768121738422e-09	   6.0000000000000000e+00	
   4.0600000000000005e+00	   5.0478123903019423e-09	   6.0000000000000000e+00	
   4.0700000000000003e+00	   5.0457031885997594e-09	   6.0000000000000000e+00	
   4.0800000000000001e+00	   4.8932109475430252e-09	   6.0000000000000000e+00	
   4.0899999999999999e+00	   4.7045205509022026e-09	   6.0000000000000000e+00	
   4.0999999999999996e+00	   4.4077363980932205e-09	   6.0000000000000000e+00	
   4.1099999999999994e+00	   4.0272143397857008e-09	   6.0000000000000000e+00	
   4.1200000000000001e+00	   3.5866034586717888e-09	   6.0000000000000000e+00	
   4.1299999999999999e+00	   3.1081741624916503e-09	   6.0000000000000000e+00	
   4.1400000000000006e+00	   2.6124173935215822e-09	   6.0000000000000000e+00	
   4.1500000000000004e+00	   2.1176589370952570e-09	   6.0000000000000000e+00	
   4.1600000000000001e+00	   1.6462500251890333e-09	   6.0000000000000000e+00	
   4.1699999999999999e+00	   1.1923104725752864e-09	   6.0000000000000000e+00	
   4.1799999999999997e+00	   7.8575501660793634e-10	   6.0000000000000000e+00	
   4.1899999999999995e+00	   4.4173420477022773e-10	   6.0000000000000000e+00	
   4.2000000000000002e+00	   3.3493730011713296e-10	   6.0000000000000000e+00	
   4.2100000000000000e+00	   5.3947946110355360e-10	   6.0000000000000000e+00	
   4.2200000000000006e+00	   7.9422002308149331e-10	   6.0000000000000000e+00	
   4.2300000000000004e+00	   1.0333408573259817e-09	   6.0000000000000000e+00	
   4.2400000000000002e+00	   1.2299593565856526e-09	   6.0000000000000000e+00	
   4.2500000000000000e+00	   1.3794592135241146e-09	   6.0000000000000000e+00	
   4.2599999999999998e+00	   1.4789379720880902e-09	   6.0000000000000000e+00	
   4.2699999999999996e+00	   1.5427310540161443e-09	   6.0000000000000000e+00	
   4.2799999999999994e+00	   1.5697345645548921e-09	   6.0000000000000000e+00	
   4.2900000000000000e+00	   1.5485110971269478e-09	   6.0000000000000000e+00	
   4.2999999999999998e+00	   1.4793849478778043e-09	   6.0000000000000000e+00	
   4.3100000000000005e+00	   1.3641028306921044e-09	   6.0000000000000000e+00	
   4.3200000000000003e+00	   1.2057066456350185e-09	   6.0000000000000000e+00	
   4.3300000000000001e+00	   1.0354047619287599e-09	   6.0000000000000000e+00	
   4.3399999999999999e+00	   8.2629564301939240e-10	   6.0000000000000000e+00	
   4.3499999999999996e+00	   5.7979909762195803e-10	   6.0000000000000000e+00	
   4.3599999999999994e+00	   3.2632285762446145e-10	   6.0000000000000000e+00	
   4.3700000000000001e+00	   1.5087175952999132e-10	   6.0000000000000000e+00	
   4.3799999999999999e+00	   3.6944647341385917e-10	   6.0000000000000000e+00	
   4.3900000000000006e+00	   6.8938943442731215e-10	   6.0000000000000000e+00	
   4.4000000000000004e+00	   1.0354048729510623e-09	   6.0000000000000000e+00	
   4.4100000000000001e+00	   1.3801189080453469e-09	   6.0000000000000000e+00	
   4.4199999999999999e+00	   1.7543468899816617e-09	   6.0000000000000000e+00	
   4.4299999999999997e+00	   2.1388371074237966e-09	   6.0000000000000000e+00	
   4.4399999999999995e+00	   2.5161488448333102e-09	   6.0000000000000000e+00	
   4.4499999999999993e+00	   2.8790854145199773e-09	   6.0000000000000000e+00	
   4.4600000000000000e+00	   3.2223776980089269e-09	   6.0000000000000000e+00	
   4.4699999999999998e+00	   3.6209328868608281e-09	   6.0000000000000000e+00	
   4.4800000000000004e+00	   4.0008172330630032e-09	   6.0000000000000000e+00	
   4.4900000000000002e+00	   4.3553756157166390e-09	   6.0000000000000000e+00	
   4.5099999999999998e+00	   1.1131162658273297e-10	   7.0000000000000000e+00	
   4.5199999999999996e+00	   1.0355027946218343e-10	   7.0000000000000000e+00	
   4.5299999999999994e+00	   9.6512797753689483e-11	   7.0000000000000000e+00	
   4.5400000000000000e+00	   9.0183194245696541e-11	   7.0000000000000000e+00	
   4.5499999999999998e+00	   8.4553031243217447e-11	   7.0000000000000000e+00	
   4.5600000000000005e+00	   7.9581896628155846e-11	   7.0000000000000000e+00	
   4.5700000000000003e+00	   7.5220940587428231e-11	   7.0000000000000000e+00	
   4.5800000000000001e+00	   7.1522343603191985e-11	   7.0000000000000000e+00	
   4.5899999999999999e+00	   6.8980821055220076e-11	   7.0000000000000000e+00	
   4.5999999999999996e+00	   6.6852301472408726e-11	   7.0000000000000000e+00	
   4.6099999999999994e+00	   6.5064842402762224e-11	   7.0000000000000000e+00	
   4.6200000000000001e+00	   6.3512084480521480e-11	   7.0000000000000000e+00	
   4.6299999999999999e+00	   6.2106098042136182e-11	   7.0000000000000000e+00	
   4.6400000000000006e+00	   6.0754512531957516e-11	   7.0000000000000000e+00	
   4.6500000000000004e+00	   6.0243587896025019e-11	   7.0000000000000000e+00	
   4.6600000000000001e+00	   6.0388583023041065e-11	   7.0000000000000000e+00	
   4.6699999999999999e+00	   6.0403682056175967e-11	   7.0000000000000000e+00	
   4.6799999999999997e+00	   6.0201177376484338e-11	   7.0000000000000000e+00	
   4.6899999999999995e+00	   6.0633498222273374e-11	   7.0000000000000000e+00	
   4.6999999999999993e+00	   6.1806337825487390e-11	   7.0000000000000000e+00	
   4.7100000000000000e+00	   6.2607252715451978e-11	   7.0000000000000000e+00	
   4.7199999999999998e+00	   6.2962302038727103e-11	   7.0000000000000000e+00	
   4.7300000000000004e+00	   6.4670935273625219e-11	   7.0000000000000000e+00	
   4.7400000000000002e+00	   6.6184835390004082e-11	   7.0000000000000000e+00	
   4.7500000000000000e+00	   6.7134520165268441e-11	   7.0000000000000000e+00	
   4.7599999999999998e+00	   6.7917338419931639e-11	   7.0000000000000000e+00	
   4.7699999999999996e+00	   6.9811378899942156e-11	   7.0000000000000000e+00	
   4.7799999999999994e+00	   7.1037287163733254e-11	   7.0000000000000000e+00	
   4.7900000000000000e+00	   7.1532668677320999e-11	   7.0000000000000000e+00	
   4.7999999999999998e+00	   7.1985639671368062e-11	   7.0000000000000000e+00	
   4.8100000000000005e+00	   7.3130057565151674e-11	   7.0000000000000000e+00	
   4.8200000000000003e+00	   7.3480888040933223e-11	   7.0000000000000000e+00	
   4.8300000000000001e+00	   7.3001271694295156e-11	   7.0000000000000000e+00	
   4.8399999999999999e+00	   7.1937567014401793e-11	   7.0000000000000000e+00	
   4.8499999999999996e+00	   7.1805672519076325e-11	   7.0000000000000000e+00	
   4.8599999999999994e+00	   7.0803807261654583e-11	   7.0000000000000000e+00	
   4.8700000000000001e+00	   6.8923533547149418e-11	   7.0000000000000000e+00	
   4.8799999999999999e+00	   6.6202821003003010e-11	   7.0000000000000000e+00	
   4.8900000000000006e+00	   6.3649086001760224e-11	   7.0000000000000000e+00	
   4.9000000000000004e+00	   6.0916161004342939e-11	   7.0000000000000000e+00	
   4.9100000000000001e+00	   5.7302385059188055e-11	   7.0000000000000000e+00	
   4.9199999999999999e+00	   5.2868820432649954e-11	   7.0000000000000000e+00	
   4.9299999999999997e+00	   4.7688741844353899e-11	   7.0000000000000000e+00	
   4.9399999999999995e+00	   4.2691850055120995e-11	   7.0000000000000000e+00	
   4.9499999999999993e+00	   3.7105207795207207e-11	   7.0000000000000000e+00	
   4.9600000000000000e+00	   3.0752955737511911e-11	   7.0000000000000000e+00	
   4.9699999999999998e+00	   2.3701707263512617e-11	   8.0000000000000000e+00	
   4.9800000000000004e+00	   1.3658851827358376e-11	   8.0000000000000000e+00	
   4.9900000000000002e+00	   5.8355542620347478e-12	   8.0000000000000000e+00	
   5.0000000000000000e+00	   2.2204460492503131e-15	   1.0000000000000000e+00	
   5.0099999999999998e+00	   4.0978331838914528e-12	   8.0000000000000000e+00	
   5.0199999999999996e+00	   6.7521543911652770e-12	   8.0000000000000000e+00	
   5.0299999999999994e+00	   8.3175688558867478e-12	   8.0000000000000000e+00	
   5.0400000000000000e+00	   8.9082075049873310e-12	   8.0000000000000000e+00	
   5.0499999999999998e+00	   8.6868290338770748e-12	   8.0000000000000000e+00	
   5.0600000000000005e+00	   7.8197448516448276e-12	   8.0000000000000000e+00	
   5.0700000000000003e+00	   6.5416561056963474e-12	   8.0000000000000000e+00	
   5.0800000000000001e+00	   4.9986681460723048e-12	   8.0000000000000000e+00	
   5.0899999999999999e+00	   3.1770142072673480e-12	   8.0000000000000000e+00	
   5.0999999999999996e+00	   1.3227197115384115e-12	   8.0000000000000000e+00	
   5.1099999999999994e+00	   1.1264322807846838e-12	   8.0000000000000000e+00	
   5.1200000000000001e+00	   2.9765079290200447e-12	   8.0000000000000000e+00	
   5.1299999999999999e+00	   4.9527049128528233e-12	   8.0000000000000000e+00	
   5.1400000000000006e+00	   6.7750249854725553e-12	   8.0000000000000000e+00	
   5.1500000000000004e+00	   8.4103835007454109e-12	   8.0000000000000000e+00	
   5.1600000000000001e+00	   1.0054845844820193e-11	   8.0000000000000000e+00	
   5.1699999999999999e+00	   1.1493694884734396e-11	   8.0000000000000000e+00	
   5.1799999999999997e+00	   1.2688516903835989e-11	   8.0000000000000000e+00	
   5.1899999999999995e+00	   1.3618217664657095e-11	   8.0000000000000000e+00	
   5.1999999999999993e+00	   1.4293233263629190e-11	   8.0000000000000000e+00	
   5.2100000000000000e+00	   1.5028311928233506e-11	   8.0000000000000000e+00	
   5.2199999999999998e+00	   1.5520917884259688e-11	   8.0000000000000000e+00	
   5.2300000000000004e+00	   1.5768164551843711e-11	   8.0000000000000000e+00	
   5.2400000000000002e+00	   1.5788703677799276e-11	   8.0000000000000000e+00	
   5.2500000000000000e+00	   1.5589751711786448e-11	   8.0000000000000000e+00	
   5.2599999999999998e+00	   1.5260015473472777e-11	   8.0000000000000000e+00	
   5.2699999999999996e+00	   1.4985457319482975e-11	   8.0000000000000000e+00	
   5.2799999999999994e+00	   1.4521273072887197e-11	   8.0000000000000000e+00	
   5.2900000000000000e+00	   1.3914980279139399e-11	   8.0000000000000000e+00	
   5.2999999999999998e+00	   1.3171463919547932e-11	   8.0000000000000000e+00	
   5.3100000000000005e+00	   1.2320366948870287e-11	   8.0000000000000000e+00	
   5.3200000000000003e+00	   1.1377898623265992e-11	   8.0000000000000000e+00	
   5.3300000000000001e+00	   1.0524026095026784e-11	   8.0000000000000000e+00	
   5.3399999999999999e+00	   9.6455066156408975e-12	   8.0000000000000000e+00	
   5.3499999999999996e+00	   8.7162499440296415e-12	   8.0000000000000000e+00	
   5.3599999999999994e+00	   7.7533535147722432e-12	   8.0000000000000000e+00	
   5.3700000000000001e+00	   6.7970074013601334e-12	   8.0000000000000000e+00	
   5.3799999999999999e+00	   5.8625326815331391e-12	   8.0000000000000000e+00	
   5.3900000000000006e+00	   4.9636961207966124e-12	   8.0000000000000000e+00	
   5.4000000000000004e+00	   4.1086023472303168e-12	   8.0000000000000000e+00	
   5.4100000000000001e+00	   3.3333336091345700e-12	   8.0000000000000000e+00	
   5.4199999999999999e+00	   2.6367796834847468e-12	   8.0000000000000000e+00	
   5.4299999999999997e+00	   2.1593837828959295e-12	   8.0000000000000000e+00	
   5.4399999999999995e+00	   1.8608448115742249e-12	   8.0000000000000000e+00	
   5.4499999999999993e+00	   1.8198775819655566e-12	   8.0000000000000000e+00	
   5.4600000000000000e+00	   1.9850787680297799e-12	   8.0000000000000000e+00	
   5.4699999999999998e+00	   2.2903900998016979e-12	   8.0000000000000000e+00	
   5.4800000000000004e+00	   2.5919266732898905e-12	   8.0000000000000000e+00	
   5.4900000000000002e+00	   2.8854696410007818e-12	   8.0000000000000000e+00	
   5.5099999999999998e+00	   1.7970069876582784e-12	   8.0000000000000000e+00	
   5.5199999999999996e+00	   1.6299184224521923e-12	   8.0000000000000000e+00	
   5.5299999999999994e+00	   1.5475398740250057e-12	   8.0000000000000000e+00	
   5.5400000000000000e+00	   1.5303314171433158e-12	   8.0000000000000000e+00	
   5.5499999999999998e+00	   1.5973888878306752e-12	   8.0000000000000000e+00	
   5.5600000000000005e+00	   1.7621459846850485e-12	   8.0000000000000000e+00	
   5.5700000000000003e+00	   1.9835244557953047e-12	   8.0000000000000000e+00	
   5.5800000000000001e+00	   2.1926904736346842e-12	   8.0000000000000000e+00	
   5.5899999999999999e+00	   2.4766855233337992e-12	   8.0000000000000000e+00	
   5.5999999999999996e+00	   2.7258195700596843e-12	   8.0000000000000000e+00	
   5.6099999999999994e+00	   3.0118130212031247e-12	   8.0000000000000000e+00	
   5.6200000000000001e+00	   3.2962521601120898e-12	   8.0000000000000000e+00	
   5.6299999999999999e+00	   3.5373926010606738e-12	   8.0000000000000000e+00	
   5.6400000000000006e+00	   3.7823078002929833e-12	   8.0000000000000000e+00	
   5.6500000000000004e+00	   4.0680792068314986e-12	   8.0000000000000000e+00	
   5.6600000000000001e+00	   4.3012260420027815e-12	   8.0000000000000000e+00	
   5.6699999999999999e+00	   4.4861891979053325e-12	   8.0000000000000000e+00	
   5.6799999999999997e+00	   4.6824766286590602e-12	   8.0000000000000000e+00	
   5.6899999999999995e+00	   4.9162895976451182e-12	   8.0000000000000000e+00	
   5.6999999999999993e+00	   5.0925930139555931e-12	   8.0000000000000000e+00	
   5.7100000000000000e+00	   5.2209347956022611e-12	   8.0000000000000000e+00	
   5.7199999999999998e+00	   5.2968740504866219e-12	   8.0000000000000000e+00	
   5.7300000000000004e+00	   5.4608539912237575e-12	   8.0000000000000000e+00	
   5.7400000000000002e+00	   5.5769833195995488e-12	   8.0000000000000000e+00	
   5.7500000000000000e+00	   5.6440407902869083e-12	   8.0000000000000000e+00	
   5.7599999999999998e+00	   5.6589177788168854e-12	   8.0000000000000000e+00	
   5.7699999999999996e+00	   5.6395998981884077e-12	   8.0000000000000000e+00	
   5.7799999999999994e+00	   5.6977755846787659e-12	   8.0000000000000000e+00	
   5.7900000000000000e+00	   5.6995519415181661e-12	   8.0000000000000000e+00	
   5.7999999999999998e+00	   5.6495919054100341e-12	   8.0000000000000000e+00	
   5.8100000000000005e+00	   5.5507820562183952e-12	   8.0000000000000000e+00	
   5.8200000000000003e+00	   5.4150017803067385e-12	   8.0000000000000000e+00	
   5.8300000000000001e+00	   5.3466120419898289e-12	   8.0000000000000000e+00	
   5.8399999999999999e+00	   5.2287063567746372e-12	   8.0000000000000000e+00	
   5.8499999999999996e+00	   5.0601745016365385e-12	   8.0000000000000000e+00	
   5.8599999999999994e+00	   4.8614445802286355e-12	   8.0000000000000000e+00	
   5.8700000000000001e+00	   4.6076475967993247e-12	   8.0000000000000000e+00	
   5.8799999999999999e+00	   4.4024783818485957e-12	   8.0000000000000000e+00	
   5.8900000000000006e+00	   4.1679992790477627e-12	   8.0000000000000000e+00	
   5.9000000000000004e+00	   3.9004355301131000e-12	   8.0000000000000000e+00	
   5.9100000000000001e+00	   3.5860203695392556e-12	   8.0000000000000000e+00	
   5.9199999999999999e+00	   3.2358560275724813e-12	   8.0000000000000000e+00	
   5.9299999999999997e+00	   2.8994584511110588e-12	   8.0000000000000000e+00	
   5.9399999999999995e+00	   2.5619506516250112e-12	   8.0000000000000000e+00	
   5.9500000000000002e+00	   2.1831425556229078e-12	   8.0000000000000000e+00	
   5.9600000000000000e+00	   1.7752466163756253e-12	   8.0000000000000000e+00	
   5.9699999999999998e+00	   1.3473666626850900e-12	   8.0000000000000000e+00	
   5.9800000000000004e+00	   9.1682217373545427e-13	   8.0000000000000000e+00	
   5.9900000000000002e+00	   4.6984638402136625e-13	   8.0000000000000000e+00	
   6.0000000000000000e+00	   2.1094237467877974e-15	   1.0000000000000000e+00	
   6.0099999999999998e+00	   4.8783199702029378e-13	   8.0000000000000000e+00	
   6.0199999999999996e+00	   9.8165919837356341e-13	   8.0000000000000000e+00	
   6.0300000000000002e+00	   1.4706014184184824e-12	   8.0000000000000000e+00	
   6.0400000000000000e+00	   1.9999557565597570e-12	   8.0000000000000000e+00	
   6.0499999999999998e+00	   2.5452973062556339e-12	   8.0000000000000000e+00	
   6.0600000000000005e+00	   3.0928593020007611e-12	   8.0000000000000000e+00	
   6.0700000000000003e+00	   3.6279867998700865e-12	   8.0000000000000000e+00	
   6.0800000000000001e+00	   4.1597836286655365e-12	   8.0000000000000000e+00	
   6.0899999999999999e+00	   4.7113424272993143e-12	   8.0000000000000000e+00	
   6.0999999999999996e+00	   5.3190785109791250e-12	   8.0000000000000000e+00	
   6.1099999999999994e+00	   5.9046101341664325e-12	   8.0000000000000000e+00	
   6.1200000000000001e+00	   6.4825922407862890e-12	   8.0000000000000000e+00	
   6.1299999999999999e+00	   7.0272676566673908e-12	   8.0000000000000000e+00	
   6.1399999999999997e+00	   7.5406347832540632e-12	   8.0000000000000000e+00	
   6.1500000000000004e+00	   8.1721296396608523e-12	   8.0000000000000000e+00	
   6.1600000000000001e+00	   8.7969631579198904e-12	   8.0000000000000000e+00	
   6.1699999999999999e+00	   9.3864915839958485e-12	   8.0000000000000000e+00	
   6.1799999999999997e+00	   9.9311669998769503e-12	   8.0000000000000000e+00	
   6.1899999999999995e+00	   1.0418554907687394e-11	   8.0000000000000000e+00	
   6.2000000000000002e+00	   1.0977108111376310e-11	   8.0000000000000000e+00	
   6.2100000000000000e+00	   1.1614709194418538e-11	   8.0000000000000000e+00	
   6.2199999999999998e+00	   1.2199574683791070e-11	   8.0000000000000000e+00	
   6.2300000000000004e+00	   1.2719492126223031e-11	   8.0000000000000000e+00	
   6.2400000000000002e+00	   1.3177903213090758e-11	   8.0000000000000000e+00	
   6.2500000000000000e+00	   1.3580470081819840e-11	   8.0000000000000000e+00	
   6.2599999999999998e+00	   1.4207524046128128e-11	   8.0000000000000000e+00	
   6.2699999999999996e+00	   1.4773404721779571e-11	   8.0000000000000000e+00	
   6.2800000000000002e+00	   1.5257017871306289e-11	   8.0000000000000000e+00	
   6.2900000000000000e+00	   1.5675349906985048e-11	   8.0000000000000000e+00	
   6.2999999999999998e+00	   1.6003753877669169e-11	   8.0000000000000000e+00	
   6.3100000000000005e+00	   1.6455725670994070e-11	   8.0000000000000000e+00	
   6.3200000000000003e+00	   1.6978640715592519e-11	   8.0000000000000000e+00	
   6.3300000000000001e+00	   1.7423396059257357e-11	   8.0000000000000000e+00	
   6.3399999999999999e+00	   1.7783108319235907e-11	   8.0000000000000000e+00	
   6.3499999999999996e+00	   1.8047785488306545e-11	   8.0000000000000000e+00	
   6.3599999999999994e+00	   1.8240520205381472e-11	   8.0000000000000000e+00	
   6.3700000000000001e+00	   1.8721912908858940e-11	   8.0000000000000000e+00	
   6.3799999999999999e+00	   1.9110268922872820e-11	   8.0000000000000000e+00	
   6.3899999999999997e+00	   1.9401147355324611e-11	   8.0000000000000000e+00	
   6.4000000000000004e+00	   1.9582557797548361e-11	   8.0000000000000000e+00	
   6.4100000000000001e+00	   1.9668711104259273e-11	   8.0000000000000000e+00	
   6.4199999999999999e+00	   1.9912294035862033e-11	   8.0000000000000000e+00	
   6.4299999999999997e+00	   2.0233592579188553e-11	   8.0000000000000000e+00	
   6.4399999999999995e+00	   2.0442092463213157e-11	   8.0000000000000000e+00	
   6.4500000000000002e+00	   2.0551116364231348e-11	   8.0000000000000000e+00	
   6.4600000000000000e+00	   2.0555113167119998e-11	   8.0000000000000000e+00	
   6.4699999999999998e+00	   2.0503820863382316e-11	   8.0000000000000000e+00	
   6.4800000000000004e+00	   2.0736523609343749e-11	   8.0000000000000000e+00	
   6.4900000000000002e+00	   2.0875745576631743e-11	   8.0000000000000000e+00	
   6.5099999999999998e+00	   7.8981265971833636e-13	   8.0000000000000000e+00	
   6.5199999999999996e+00	   6.6702199319479405e-13	   8.0000000000000000e+00	
   6.5300000000000002e+00	   5.8275606562574467e-13	   8.0000000000000000e+00	
   6.5400000000000000e+00	   5.4256599213431400e-13	   8.0000000000000000e+00	
   6.5499999999999998e+00	   5.6199489506525424e-13	   8.0000000000000000e+00	
   6.5600000000000005e+00	   6.3860028376439004e-13	   8.0000000000000000e+00	
   6.5700000000000003e+00	   7.6094686107808229e-13	   8.0000000000000000e+00	
   6.5800000000000001e+00	   8.8107299234252423e-13	   8.0000000000000000e+00	
   6.5899999999999999e+00	   1.0218492718649941e-12	   8.0000000000000000e+00	
   6.5999999999999996e+00	   1.1464162952279366e-12	   8.0000000000000000e+00	
   6.6099999999999994e+00	   1.3076206784035094e-12	   8.0000000000000000e+00	
   6.6200000000000001e+00	   1.4364065492600275e-12	   8.0000000000000000e+00	
   6.6299999999999999e+00	   1.5492052085619434e-12	   8.0000000000000000e+00	
   6.6399999999999997e+00	   1.6902035326893383e-12	   8.0000000000000000e+00	
   6.6500000000000004e+00	   1.8229862064345070e-12	   8.0000000000000000e+00	
   6.6600000000000001e+00	   1.9295676167985221e-12	   8.0000000000000000e+00	
   6.6699999999999999e+00	   2.0130563882503338e-12	   8.0000000000000000e+00	
   6.6799999999999997e+00	   2.1269652705768749e-12	   8.0000000000000000e+00	
   6.6899999999999995e+00	   2.2357671269901402e-12	   8.0000000000000000e+00	
   6.7000000000000002e+00	   2.3134827387139012e-12	   8.0000000000000000e+00	
   6.7100000000000000e+00	   2.3743229604633598e-12	   8.0000000000000000e+00	
   6.7199999999999998e+00	   2.4172885915163533e-12	   8.0000000000000000e+00	
   6.7300000000000004e+00	   2.5025537198075654e-12	   8.0000000000000000e+00	
   6.7400000000000002e+00	   2.5527358005206224e-12	   8.0000000000000000e+00	
   6.7500000000000000e+00	   2.5820456883707266e-12	   8.0000000000000000e+00	
   6.7599999999999998e+00	   2.5895952049381776e-12	   8.0000000000000000e+00	
   6.7699999999999996e+00	   2.5898172495431027e-12	   8.0000000000000000e+00	
   6.7800000000000002e+00	   2.6200153158129069e-12	   8.0000000000000000e+00	
   6.7900000000000000e+00	   2.6235680294917074e-12	   8.0000000000000000e+00	
   6.7999999999999998e+00	   2.6026958366287545e-12	   8.0000000000000000e+00	
   6.8100000000000005e+00	   2.5565105588043480e-12	   8.0000000000000000e+00	
   6.8200000000000003e+00	   2.5019986082952528e-12	   8.0000000000000000e+00	
   6.8300000000000001e+00	   2.4695800959761982e-12	   8.0000000000000000e+00	
   6.8399999999999999e+00	   2.4185098368434410e-12	   8.0000000000000000e+00	
   6.8499999999999996e+00	   2.3434587603787804e-12	   8.0000000000000000e+00	
   6.8599999999999994e+00	   2.2577495428777183e-12	   8.0000000000000000e+00	
   6.8700000000000001e+00	   2.1436186159462522e-12	   8.0000000000000000e+00	
   6.8799999999999999e+00	   2.0476953466186387e-12	   8.0000000000000000e+00	
   6.8899999999999997e+00	   1.9397816686250735e-12	   8.0000000000000000e+00	
   6.9000000000000004e+00	   1.8225421172246570e-12	   8.0000000000000000e+00	
   6.9100000000000001e+00	   1.6779910794184616e-12	   8.0000000000000000e+00	
   6.9199999999999999e+00	   1.5183410084773641e-12	   8.0000000000000000e+00	
   6.9299999999999997e+00	   1.3569145806968663e-12	   8.0000000000000000e+00	
   6.9399999999999995e+00	   1.2083667400020204e-12	   8.0000000000000000e+00	
   6.9500000000000002e+00	   1.0325074129013956e-12	   8.0000000000000000e+00	
   6.9600000000000000e+00	   8.4088291885109356e-13	   8.0000000000000000e+00	
   6.9699999999999998e+00	   6.3837823915946501e-13	   8.0000000000000000e+00	
   6.9800000000000004e+00	   4.3809400551708677e-13	   8.0000000000000000e+00	
   6.9900000000000002e+00	   2.2515322939398175e-13	   8.0000000000000000e+00	
   7.0000000000000000e+00	   1.3322676295501878e-15	   2.0000000000000000e+00	
   7.0099999999999998e+00	   2.4003021792395884e-13	   8.0000000000000000e+00	
   7.0199999999999996e+00	   4.7473136532971694e-13	   8.0000000000000000e+00	
   7.0300000000000002e+00	   7.0832228971084987e-13	   8.0000000000000000e+00	
   7.0400000000000000e+00	   9.5967678248598531e-13	   8.0000000000000000e+00	
   7.0499999999999998e+00	   1.2252421299763228e-12	   8.0000000000000000e+00	
   7.0599999999999996e+00	   1.4990231278488864e-12	   8.0000000000000000e+00	
   7.0700000000000003e+00	   1.7621459846850485e-12	   8.0000000000000000e+00	
   7.0800000000000001e+00	   2.0303758674344863e-12	   8.0000000000000000e+00	
   7.0899999999999999e+00	   2.2974955271592989e-12	   8.0000000000000000e+00	
   7.0999999999999996e+00	   2.6072477510297176e-12	   8.0000000000000000e+00	
   7.1100000000000003e+00	   2.9052316108391096e-12	   8.0000000000000000e+00	
   7.1200000000000001e+00	   3.2034375152534267e-12	   8.0000000000000000e+00	
   7.1299999999999999e+00	   3.4923175462608924e-12	   8.0000000000000000e+00	
   7.1399999999999997e+00	   3.7678749009728563e-12	   8.0000000000000000e+00	
   7.1500000000000004e+00	   4.0731862327447743e-12	   8.0000000000000000e+00	
   7.1600000000000001e+00	   4.4075854077618715e-12	   8.0000000000000000e+00	
   7.1699999999999999e+00	   4.7277737280637666e-12	   8.0000000000000000e+00	
   7.1799999999999997e+00	   5.0330850598356847e-12	   8.0000000000000000e+00	
   7.1899999999999995e+00	   5.3019810763998976e-12	   8.0000000000000000e+00	
   7.2000000000000002e+00	   5.5794258102537242e-12	   8.0000000000000000e+00	
   7.2100000000000000e+00	   5.9381388695101123e-12	   8.0000000000000000e+00	
   7.2199999999999998e+00	   6.2723159999222844e-12	   8.0000000000000000e+00	
   7.2300000000000004e+00	   6.5742966626203270e-12	   8.0000000000000000e+00	
   7.2400000000000002e+00	   6.8525185525913912e-12	   8.0000000000000000e+00	
   7.2500000000000000e+00	   7.1005423762926512e-12	   8.0000000000000000e+00	
   7.2599999999999998e+00	   7.4268369232299847e-12	   8.0000000000000000e+00	
   7.2699999999999996e+00	   7.7717832169810208e-12	   8.0000000000000000e+00	
   7.2800000000000002e+00	   8.0720985451421257e-12	   8.0000000000000000e+00	
   7.2900000000000000e+00	   8.3466566991319269e-12	   8.0000000000000000e+00	
   7.2999999999999998e+00	   8.5808027350253724e-12	   8.0000000000000000e+00	
   7.3099999999999996e+00	   8.8122842356597175e-12	   8.0000000000000000e+00	
   7.3200000000000003e+00	   9.1462393214669646e-12	   8.0000000000000000e+00	
   7.3300000000000001e+00	   9.4537710992881330e-12	   8.0000000000000000e+00	
   7.3399999999999999e+00	   9.4709795561698229e-12	   7.0000000000000000e+00	
   7.3499999999999996e+00	   8.1951112562705930e-12	   7.0000000000000000e+00	
   7.3600000000000003e+00	   7.0549122099805572e-12	   7.0000000000000000e+00	
   7.3700000000000001e+00	   5.8323901264145661e-12	   7.0000000000000000e+00	
   7.3799999999999999e+00	   4.8015480480501083e-12	   7.0000000000000000e+00	
   7.3899999999999997e+00	   4.0590864003320348e-12	   7.0000000000000000e+00	
   7.4000000000000004e+00	   3.9094283366125637e-12	   7.0000000000000000e+00	
   7.4100000000000001e+00	   4.3719472486714039e-12	   7.0000000000000000e+00	
   7.4199999999999999e+00	   5.3618220974271935e-12	   7.0000000000000000e+00	
   7.4299999999999997e+00	   6.6779914931203166e-12	   7.0000000000000000e+00	
   7.4399999999999995e+00	   8.0293549586940571e-12	   7.0000000000000000e+00	
   7.4500000000000002e+00	   9.6134211702292305e-12	   7.0000000000000000e+00	
   7.4600000000000000e+00	   1.1081802142598463e-11	   7.0000000000000000e+00	
   7.4699999999999998e+00	   1.2119583114866828e-11	   8.0000000000000000e+00	
   7.4800000000000004e+00	   1.2271628158089243e-11	   8.0000000000000000e+00	
   7.4900000000000002e+00	   1.2459144826948432e-11	   8.0000000000000000e+00	
   7.5099999999999998e+00	   1.3162804179955856e-11	   8.0000000000000000e+00	
   7.5199999999999996e+00	   1.3003376153619683e-11	   8.0000000000000000e+00	
   7.5300000000000002e+00	   1.2867706900010489e-11	   8.0000000000000000e+00	
   7.5400000000000000e+00	   1.2864598275541539e-11	   8.0000000000000000e+00	
   7.5499999999999998e+00	   1.2797096715644329e-11	   8.0000000000000000e+00	
   7.5599999999999996e+00	   1.2666978577158261e-11	   8.0000000000000000e+00	
   7.5700000000000003e+00	   1.2486678357959136e-11	   8.0000000000000000e+00	
   7.5800000000000001e+00	   1.2237544311233250e-11	   8.0000000000000000e+00	
   7.5899999999999999e+00	   1.2123191339696859e-11	   8.0000000000000000e+00	
   7.5999999999999996e+00	   1.2023715356690445e-11	   8.0000000000000000e+00	
   7.6100000000000003e+00	   1.1875389560600524e-11	   8.0000000000000000e+00	
   7.6200000000000001e+00	   1.1654233134095193e-11	   8.0000000000000000e+00	
   7.6299999999999999e+00	   1.1383338716086655e-11	   8.0000000000000000e+00	
   7.6399999999999997e+00	   1.1104672736905741e-11	   8.0000000000000000e+00	
   7.6500000000000004e+00	   1.0980327758147723e-11	   8.0000000000000000e+00	
   7.6600000000000001e+00	   1.0794698468430397e-11	   8.0000000000000000e+00	
   7.6699999999999999e+00	   1.0551781670642413e-11	   8.0000000000000000e+00	
   7.6799999999999997e+00	   1.0261347327400472e-11	   8.0000000000000000e+00	
   7.6900000000000004e+00	   9.9353858473705259e-12	   8.0000000000000000e+00	
   7.7000000000000002e+00	   9.6963548301687297e-12	   8.0000000000000000e+00	
   7.7100000000000000e+00	   9.4871888123293502e-12	   8.0000000000000000e+00	
   7.7199999999999998e+00	   9.2282848029867637e-12	   8.0000000000000000e+00	
   7.7300000000000004e+00	   8.9342977460660222e-12	   8.0000000000000000e+00	
   7.7400000000000002e+00	   8.5919049652716240e-12	   8.0000000000000000e+00	
   7.7500000000000000e+00	   8.2350792851570986e-12	   8.0000000000000000e+00	
   7.7599999999999998e+00	   8.0001560931464155e-12	   8.0000000000000000e+00	
   7.7699999999999996e+00	   7.7252648722492268e-12	   8.0000000000000000e+00	
   7.7800000000000002e+00	   7.4197314958723837e-12	   8.0000000000000000e+00	
   7.7900000000000000e+00	   7.0746741798188850e-12	   8.0000000000000000e+00	
   7.7999999999999998e+00	   6.6998628867054322e-12	   8.0000000000000000e+00	
   7.8099999999999996e+00	   6.3842264808045002e-12	   8.0000000000000000e+00	
   7.8200000000000003e+00	   6.1022298325497104e-12	   8.0000000000000000e+00	
   7.8300000000000001e+00	   5.7824856014576653e-12	   8.0000000000000000e+00	
   7.8399999999999999e+00	   5.4365401069844665e-12	   8.0000000000000000e+00	
   7.8499999999999996e+00	   5.0675019735990645e-12	   8.0000000000000000e+00	
   7.8600000000000003e+00	   4.6989079294235125e-12	   8.0000000000000000e+00	
   7.8700000000000001e+00	   4.3987036235648702e-12	   8.0000000000000000e+00	
   7.8799999999999999e+00	   4.0749625895841746e-12	   8.0000000000000000e+00	
   7.8899999999999997e+00	   3.7305714073454510e-12	   8.0000000000000000e+00	
   7.9000000000000004e+00	   3.3808511545885267e-12	   8.0000000000000000e+00	
   7.9100000000000001e+00	   3.0138114226474499e-12	   8.0000000000000000e+00	
   7.9199999999999999e+00	   2.6714186418530517e-12	   8.0000000000000000e+00	
   7.9299999999999997e+00	   2.3463453402428058e-12	   8.0000000000000000e+00	
   7.9400000000000004e+00	   2.0199397710030098e-12	   8.0000000000000000e+00	
   7.9500000000000002e+00	   1.6722179196904108e-12	   8.0000000000000000e+00	
   7.9600000000000000e+00	   1.3240519791679617e-12	   8.0000000000000000e+00	
   7.9699999999999998e+00	   9.7966079692923813e-13	   8.0000000000000000e+00	
   7.9800000000000004e+00	   6.6568972556524386e-13	   8.0000000000000000e+00	
   7.9900000000000002e+00	   3.3462121962202218e-13	   8.0000000000000000e+00	
   8.0000000000000000e+00	   2.4424906541753444e-15	   8.0000000000000000e+00	
